Plane	Strip	Speed
0 1 0.0619922
0 2 0.0616514
0 3 0.0611241
0 4 0.0609343
0 5 0.0608986
0 6 0.0608975
0 7 0.0612863
0 8 0.0601484
0 9 0.060349
0 10 0.0596435
0 11 0.0595888
0 12 0.0590942
0 13 0.0593899
0 14 0.0596809
0 15 0.059607
0 16 0.0595912
0 17 0.0587175
0 18 0.058777
0 19 0.0593581
0 20 0.0584634
0 21 0.0587237
0 22 0.0594562
0 23 0.0594708
0 24 0.0592732
0 25 0.0598108
0 26 0.0597242
0 27 0.0602582
0 28 0.0605709
0 29 0.0607357
0 30 0.0618348
0 31 0.0661559
0 32 0.0600176
1 1 0.0630212
1 2 0.0619557
1 3 0.0628243
1 4 0.0618232
1 5 0.0611286
1 6 0.0614242
1 7 0.0619044
1 8 0.0625312
1 9 0.0614974
1 10 0.0615732
1 11 0.0620133
1 12 0.062409
1 13 0.0610672
1 14 0.062356
1 15 0.0632313
1 16 0.061834
1 17 0.0620693
1 18 0.0614232
1 19 0.0619664
1 20 0.062838
1 21 0.0611331
1 22 0.0618166
1 23 0.0622991
1 24 0.0627329
1 25 0.0613281
1 26 0.0614454
1 27 0.0619932
1 28 0.0627915
1 29 0.0619103
1 30 0.0616177
1 31 0.0685171
1 32 0.0617419
2 1 0.0618209
2 2 0.0615135
2 3 0.0612829
2 4 0.0604182
2 5 0.060799
2 6 0.0601334
2 7 0.0598829
2 8 0.0592338
2 9 0.0598355
2 10 0.0591802
2 11 0.0592019
2 12 0.0590985
2 13 0.0596468
2 14 0.0595271
2 15 0.0592896
2 16 0.0596292
2 17 0.0587127
2 18 0.059364
2 19 0.0586811
2 20 0.0595888
2 21 0.0597171
2 22 0.0595053
2 23 0.0598263
2 24 0.0592309
2 25 0.0819589
2 26 0.0695426
2 27 0.0590198
2 28 0.0596569
2 29 0.0588085
2 30 0.0597819
2 31 0.0643681
2 32 0.0600171
3 1 0.0609437
3 2 0.0608671
3 3 0.0609596
3 4 0.0604546
3 5 0.0599294
3 6 0.0604929
3 7 0.0601323
3 8 0.0593403
3 9 0.059225
3 10 0.0589343
3 11 0.0590996
3 12 0.059364
3 13 0.0597323
3 14 0.0594939
3 15 0.0603512
3 16 0.0605133
3 17 0.059904
3 18 0.0600201
3 19 0.0597301
3 20 0.0598499
3 21 0.0595886
3 22 0.0600992
3 23 0.0598784
3 24 0.059554
3 25 0.0593947
3 26 0.0588236
3 27 0.0602388
3 28 0.060342
3 29 0.0615128
3 30 0.06287
3 31 0.0668997
3 32 0.0612719
4 1 0.0600058
4 2 0.0602347
4 3 0.0598078
4 4 0.0598541
4 5 0.0597018
4 6 0.0584343
4 7 0.0588244
4 8 0.0591388
4 9 0.0595007
4 10 0.0585233
4 11 0.0603059
4 12 0.0594938
4 13 0.0599719
4 14 0.0598058
4 15 0.060006
4 16 0.0596658
4 17 0.0595571
4 18 0.0612012
4 19 0.0603941
4 20 0.0598623
4 21 0.060403
4 22 0.0605388
4 23 0.0604075
4 24 0.0601655
4 25 0.059977
4 26 0.060591
4 27 0.0610214
4 28 0.0611506
4 29 0.0621014
4 30 0.0628168
4 31 0.067172
4 32 0.0604117
5 1 0.060772
5 2 0.0623551
5 3 0.0607508
5 4 0.0598361
5 5 0.0608071
5 6 0.0596626
5 7 0.0593641
5 8 0.0597905
5 9 0.0593155
5 10 0.0597353
5 11 0.0597321
5 12 0.0599433
5 13 0.0607499
5 14 0.0604059
5 15 0.0607499
5 16 0.061279
5 17 0.0614563
5 18 0.0604513
5 19 0.0603053
5 20 0.0612173
5 21 0.0610927
5 22 0.0609284
5 23 0.0609772
5 24 0.0613702
5 25 0.0620633
5 26 0.0619386
5 27 0.0620739
5 28 0.0622798
5 29 0.0623646
5 30 0.062508
5 31 0.0669276
5 32 0.0613748
6 1 0.0602067
6 2 0.0627018
6 3 0.0644245
6 4 0.0642576
6 5 0.0642913
6 6 0.0635885
6 7 0.0661197
6 8 0.0643961
6 9 0.0636522
6 10 0.0658886
6 11 0.0647517
6 12 0.0626053
6 13 0.0640841
6 14 0.0666512
6 15 0.066904
6 16 0.0641392
6 17 0.0641916
6 18 0.0659081
6 19 0.0648241
6 20 0.0656222
6 21 0.0654958
6 22 0.0630379
6 23 0.0612781
6 24 0.0611996
6 25 0.0621706
6 26 0.061452
6 27 0.0609568
6 28 0.0614088
6 29 0.0608639
6 30 0.0611038
6 31 0.0645361
6 32 0.0637695
7 1 0.0613947
7 2 0.0626011
7 3 0.0627748
7 4 0.0631024
7 5 0.0623912
7 6 0.0640756
7 7 0.0640547
7 8 0.0663709
7 9 0.0652623
7 10 0.0648024
7 11 0.0665979
7 12 0.0664931
7 13 0.0668436
7 14 0.0676074
7 15 0.0663324
7 16 0.0676934
7 17 0.0664611
7 18 0.0670877
7 19 0.0657444
7 20 0.060798
7 21 0.0597096
7 22 0.0606215
7 23 0.0605633
7 24 0.0612463
7 25 0.0613798
7 26 0.0605464
7 27 0.0606188
7 28 0.0600712
7 29 0.059306
7 30 0.0593983
7 31 0.0603208
7 32 0.0628605
8 1 0.0609381
8 2 0.0608251
8 3 0.0599707
8 4 0.059821
8 5 0.0608921
8 6 0.0596464
8 7 0.0594286
8 8 0.0589603
8 9 0.0590019
8 10 0.0583528
8 11 0.0574913
8 12 0.0569881
8 13 0.0581311
8 14 0.0578382
8 15 0.0578796
8 16 0.0581192
8 17 0.0582907
8 18 0.0579974
8 19 0.058679
8 20 0.0598282
8 21 0.0598203
8 22 0.0607905
8 23 0.0603377
8 24 0.0606035
8 25 0.0606045
8 26 0.0606863
8 27 0.0608748
8 28 0.0612531
8 29 0.06136
8 30 0.0616892
8 31 0.062838
8 32 0.0594139
9 1 0.0610296
9 2 0.0611194
9 3 0.0610404
9 4 0.0609244
9 5 0.0614247
9 6 0.0610124
9 7 0.0609221
9 8 0.0605726
9 9 0.0606698
9 10 0.0611167
9 11 0.0612265
9 12 0.0610128
9 13 0.0614922
9 14 0.0624316
9 15 0.0613029
9 16 0.0618853
9 17 0.0619923
9 18 0.0613986
9 19 0.0620888
9 20 0.0614669
9 21 0.0612179
9 22 0.0614329
9 23 0.0604395
9 24 0.060487
9 25 0.0610127
9 26 0.060977
9 27 0.0609473
9 28 0.0615796
9 29 0.0618805
9 30 0.062067
9 31 0.0618522
9 32 0.0612683
10 1 0.0625094
10 2 0.0629183
10 3 0.0625606
10 4 0.0619884
10 5 0.0617835
10 6 0.0615925
10 7 0.0614803
10 8 0.0611588
10 9 0.0609636
10 10 0.0604188
10 11 0.0603494
10 12 0.0598668
10 13 0.0600602
10 14 0.0601712
10 15 0.0596248
10 16 0.0597065
10 17 0.0602847
10 18 0.0603383
10 19 0.0598562
10 20 0.0601338
10 21 0.0607914
10 22 0.0609514
10 23 0.0605953
10 24 0.0610266
10 25 0.0606719
10 26 0.0603799
10 27 0.0606407
10 28 0.0356956
10 30 0.0601243
10 31 0.0624112
10 32 0.0612827
11 1 0.0638544
11 2 0.0631236
11 3 0.0616854
11 4 0.0611382
11 5 0.0604809
11 6 0.0600325
11 7 0.0596699
11 8 0.0604388
11 9 0.0611724
11 10 0.0610808
11 11 0.0605545
11 12 0.0611981
11 13 0.0615209
11 14 0.0622082
11 15 0.0609794
11 16 0.0604308
11 17 0.0607941
11 18 0.0610035
11 19 0.0608168
11 20 0.0600975
11 21 0.0600993
11 22 0.0607116
11 23 0.0598812
11 24 0.0593156
11 25 0.060883
11 26 0.060583
11 27 0.0609307
11 28 0.0605472
11 29 0.0612324
11 30 0.0634641
11 31 0.0656735
11 32 0.0616415
12 1 0.0621799
12 2 0.06141
12 3 0.0615595
12 4 0.0603585
12 5 0.0601875
12 6 0.0598216
12 7 0.058909
12 8 0.0590744
12 9 0.059284
12 10 0.0589643
12 11 0.0589897
12 12 0.058916
12 13 0.0589327
12 14 0.0588185
12 15 0.0587993
12 16 0.0587998
12 17 0.0587918
12 18 0.0583916
12 19 0.0592582
12 20 0.0597665
12 21 0.0598806
12 22 0.0601956
12 23 0.0602446
12 24 0.0607604
12 25 0.0604905
12 26 0.0603565
12 27 0.0604183
12 28 0.0608724
12 29 0.060725
12 30 0.0607648
12 31 0.0620412
12 32 0.0596634
13 1 0.0618897
13 2 0.0608753
13 3 0.0602685
13 4 0.0606263
13 5 0.0589732
13 6 0.0589249
13 8 0.0581417
13 9 0.0591743
13 10 0.0592225
13 11 0.0582701
13 12 0.0590141
13 13 0.058817
13 14 0.0591229
13 15 0.0587183
13 16 0.0592021
13 17 0.0599443
13 18 0.0601345
13 19 0.060279
13 20 0.0608957
13 21 0.060966
13 22 0.0614958
13 23 0.0609649
13 24 0.060983
13 25 0.0611309
13 26 0.0609316
13 27 0.0608279
13 28 0.0614162
13 29 0.0615167
13 30 0.0610072
13 31 0.0616878
13 32 0.0601371
14 1 0.0594787
14 2 0.0597866
14 3 0.0590078
14 4 0.0584273
14 5 0.0590203
14 6 0.0589547
14 7 0.0587408
14 8 0.0584735
14 9 0.058316
14 10 0.0582259
14 11 0.058975
14 12 0.0582758
14 13 0.0580668
14 14 0.0580642
14 15 0.059265
14 16 0.058399
14 17 0.058115
14 18 0.0583209
14 19 0.0585114
14 20 0.05834
14 21 0.0578371
14 22 0.0578176
14 23 0.0575998
14 24 0.0575667
14 25 0.0576477
14 26 0.058112
14 27 0.0581217
14 28 0.0580509
14 29 0.0588039
14 30 0.0609384
14 31 0.0675756
14 32 0.0588756
15 1 0.0618693
15 2 0.0598839
15 3 0.0590197
15 4 0.0583539
15 5 0.0582404
15 6 0.0584274
15 7 0.0582384
15 8 0.0577402
15 9 0.0578301
15 10 0.0578082
15 11 0.0581839
15 12 0.0574853
15 13 0.0579837
15 14 0.0580838
15 15 0.0584341
15 16 0.0587794
15 17 0.0585393
15 18 0.0594102
15 19 0.0588227
15 20 0.0586887
15 21 0.0589525
15 22 0.0588986
15 23 0.0591309
15 24 0.0589299
15 25 0.0585116
15 26 0.0590774
15 27 0.0589388
15 28 0.0586989
15 29 0.0592715
15 30 0.060275
15 31 0.0652897
15 32 0.0589275
16 1 0.0584535
16 2 0.0586365
16 3 0.0581882
16 4 0.0581036
16 5 0.058378
16 6 0.0589921
16 7 0.0587507
16 8 0.0584646
16 9 0.0579444
16 10 0.058804
16 11 0.0592112
16 12 0.0588283
16 13 0.0590341
16 14 0.0589726
16 15 0.0590732
16 16 0.0590481
16 17 0.0586411
16 18 0.0585327
16 19 0.0579473
16 20 0.0580223
16 21 0.0588315
16 22 0.0588787
16 23 0.0591095
16 24 0.0589209
16 25 0.0589094
16 26 0.0587472
16 27 0.05854
16 28 0.0587447
16 29 0.0593578
16 30 0.0596823
16 31 0.0635582
16 32 0.0590579
17 1 0.0609357
17 2 0.058561
17 3 0.0580184
17 4 0.057441
17 5 0.0572612
17 6 0.0567542
17 7 0.0566357
17 8 0.0562681
17 9 0.0563704
17 10 0.0561144
17 11 0.0570001
17 12 0.0565312
17 13 0.0567351
17 14 0.0568637
17 15 0.0567561
17 16 0.0566439
17 17 0.055713
17 18 0.0560202
17 19 0.0556081
17 20 0.0555794
17 21 0.0556574
17 22 0.0555383
17 23 0.0553538
17 24 0.0557183
17 25 0.0551104
17 26 0.054732
17 27 0.0549001
17 28 0.0549713
17 29 0.0550571
17 30 0.05538
17 31 0.0612251
17 32 0.0564429
18 1 0.0594136
18 2 0.0595949
18 3 0.0594268
18 4 0.0588531
18 5 0.0583964
18 6 0.0591263
18 7 0.0589919
18 8 0.0590379
18 9 0.0583168
18 10 0.0585474
18 11 0.0576015
18 12 0.0577437
18 13 0.0581957
18 14 0.0576448
18 15 0.0572878
18 16 0.0571907
18 17 0.0582458
18 18 0.0566344
18 19 0.0556564
18 20 0.0563014
18 21 0.0561476
18 22 0.0570826
18 23 0.0570087
18 24 0.0559135
18 25 0.057348
18 26 0.057061
18 27 0.0575015
18 28 0.0573349
18 29 0.0579836
18 30 0.0588321
18 31 0.0587698
18 32 0.0582072
19 1 0.0598571
19 2 0.0602155
19 3 0.0599757
19 4 0.0595223
19 5 0.0597472
19 6 0.0592352
19 7 0.0590961
19 8 0.058731
19 9 0.059631
19 10 0.0588764
19 11 0.0585925
19 12 0.0590172
19 13 0.0583144
19 14 0.0590468
19 15 0.0588619
19 17 0.0583099
19 18 0.0584856
19 19 0.0573459
19 20 0.0571319
19 21 0.0581618
19 22 0.0581016
19 23 0.0577333
19 24 0.0573148
19 25 0.0587979
19 26 0.0580447
19 27 0.0579805
19 28 0.0585306
19 29 0.057992
19 30 0.0585061
19 31 0.0601479
19 32 0.0588447
20 1 0.0607011
20 2 0.0618985
20 3 0.0626831
20 4 0.0599786
20 5 0.0598457
20 6 0.0609686
20 7 0.0604559
20 8 0.0596442
20 9 0.0599238
20 10 0.0592869
20 11 0.0557391
20 12 0.0587584
20 13 0.0569617
20 14 0.0570979
20 15 0.0567617
20 16 0.0563977
20 17 0.0543709
20 18 0.0547704
20 19 0.0556852
20 20 0.0567052
20 21 0.0573793
20 22 0.0580958
20 23 0.0581601
20 24 0.0582676
20 25 0.0583632
20 26 0.0600847
20 27 0.0621281
20 28 0.0610449
20 29 0.06252
20 30 0.059591
20 31 0.0587908
20 32 0.0609581
21 1 0.0605929
21 2 0.0589884
21 3 0.0583435
21 4 0.0582097
21 5 0.0572182
21 6 0.056934
21 7 0.0562084
21 8 0.0564215
21 9 0.0556083
21 10 0.054983
21 11 0.0547278
21 12 0.0552047
21 13 0.0558191
21 14 0.055366
21 15 0.0549444
21 16 0.0550039
21 17 0.0548477
21 18 0.0543536
21 19 0.054411
21 20 0.0539561
21 22 0.0546358
21 23 0.0553737
21 24 0.0553152
21 25 0.0550212
21 26 0.0550541
21 27 0.055949
21 28 0.0555784
21 30 0.0577011
21 31 0.0597265
21 32 0.0565137
22 1 0.0605749
22 2 0.0602088
22 3 0.060061
22 4 0.0599271
22 5 0.0599138
22 6 0.0596706
22 7 0.0593993
22 8 0.0597691
22 9 0.0596215
22 10 0.0589721
22 11 0.0583513
22 12 0.0588247
22 13 0.0587921
22 14 0.0585945
22 15 0.0590439
22 16 0.058509
22 17 0.0588799
22 19 0.0579872
22 20 0.0586828
22 21 0.0583361
22 22 0.0587693
22 23 0.0592735
22 24 0.0593907
22 25 0.0592719
22 26 0.0592916
22 27 0.0597246
22 28 0.0599151
22 29 0.0621154
22 30 0.0604604
22 31 0.0610848
22 32 0.0596164
23 1 0.0600399
23 2 0.0593234
23 3 0.0584351
23 4 0.058068
23 5 0.0579032
23 6 0.0576429
23 7 0.0577173
23 8 0.0578245
23 9 0.0572693
23 10 0.0581296
23 11 0.0583813
23 12 0.0584195
23 13 0.0582471
23 14 0.0584562
23 15 0.0585905
23 16 0.059587
23 17 0.0588548
23 18 0.0589502
23 19 0.059381
23 20 0.0595903
23 21 0.0592824
23 22 0.0594296
23 23 0.0594129
23 24 0.0588666
23 25 0.0585483
23 26 0.0581043
23 27 0.0582837
23 28 0.0584522
23 29 0.0585921
23 30 0.0592332
23 31 0.0603181
23 32 0.0587035
24 1 0.0608668
24 2 0.061255
24 3 0.0610551
24 4 0.0606077
24 5 0.0608345
24 6 0.060643
24 7 0.0608968
24 8 0.0607924
24 9 0.0608172
24 10 0.0608775
24 11 0.0602333
24 12 0.0609823
24 13 0.0611117
24 14 0.0612207
24 15 0.0611312
24 16 0.0610991
24 17 0.0604523
24 18 0.0601797
24 19 0.0597945
24 21 0.0599198
24 22 0.0598987
24 23 0.0602218
24 24 0.0594456
24 25 0.0598297
24 26 0.0594519
24 27 0.0595913
24 28 0.0596316
24 29 0.0597459
24 30 0.0599956
24 31 0.061241
24 32 0.0604397
25 1 0.0629451
25 2 0.0625271
25 3 0.0621503
25 4 0.0616756
25 5 0.0617703
25 6 0.0622657
25 7 0.061279
25 8 0.0608324
25 9 0.0608716
25 10 0.0608398
25 11 0.0611826
25 12 0.061062
25 13 0.0610904
25 14 0.061304
25 15 0.0612372
25 16 0.0612149
25 17 0.0614496
25 18 0.0611602
25 19 0.0613804
25 20 0.0602704
25 21 0.0611719
25 22 0.0603296
25 23 0.060395
25 24 0.0600868
25 25 0.06085
25 26 0.0606638
25 27 0.0605513
25 28 0.060691
25 29 0.06051
25 30 0.0603455
25 31 0.0608326
25 32 0.0612407
26 2 0.0613812
26 3 0.0616305
26 4 0.0614269
26 5 0.0610819
26 6 0.0608549
26 7 0.0609309
26 8 0.0612623
26 9 0.0609421
26 10 0.0620683
26 11 0.0618798
26 12 0.0614526
26 13 0.0621806
26 14 0.0614368
26 15 0.0614556
26 16 0.0618685
26 17 0.0619337
26 18 0.0618331
26 19 0.061726
26 20 0.0612386
26 21 0.0626215
26 22 0.061354
26 23 0.0608634
26 24 0.0613153
26 25 0.061525
26 26 0.0617279
26 27 0.062614
26 28 0.0624489
26 29 0.0620219
26 30 0.0617917
26 31 0.062729
26 32 0.061804
27 1 0.0617986
27 2 0.0622564
27 3 0.0624484
27 4 0.0620379
27 5 0.0627892
27 6 0.0625993
27 7 0.0624922
27 8 0.0621457
27 9 0.0624388
27 10 0.062123
27 11 0.0612363
27 12 0.0616891
27 13 0.0615763
27 14 0.0618215
27 15 0.0615389
27 16 0.0610489
27 17 0.061736
27 18 0.0615482
27 19 0.0611997
27 20 0.0612613
27 21 0.0619215
27 22 0.0620256
27 23 0.0614348
27 24 0.0622734
27 25 0.0615199
27 26 0.0615972
27 27 0.0617836
27 28 0.0618793
27 29 0.062293
27 30 0.0625114
27 31 0.0655382
27 32 0.0621083
28 1 0.0608035
28 2 0.0634016
28 3 0.0613205
28 4 0.0625552
28 5 0.0633125
28 6 0.0627425
28 7 0.0619809
28 8 0.0617531
28 9 0.0629173
28 10 0.0623451
28 11 0.0623264
28 12 0.0622624
28 13 0.0629783
28 14 0.062729
28 15 0.0621899
28 16 0.0608347
28 17 0.0618933
28 18 0.0620471
28 19 0.0620311
28 20 0.061665
28 21 0.0610368
28 22 0.0620328
28 23 0.0630288
28 24 0.0627691
28 25 0.0630642
28 26 0.0625524
28 27 0.0633328
28 28 0.0625452
28 29 0.0624384
28 30 0.0630189
28 31 0.0680375
28 32 0.0622637
29 1 0.0609784
29 2 0.0612657
29 3 0.0605651
29 4 0.059937
29 5 0.0602695
29 6 0.0591475
29 7 0.0594258
29 8 0.0701974
29 9 0.0591409
29 10 0.0585454
29 11 0.0587396
29 12 0.0581138
29 13 0.0583558
29 14 0.0588976
29 15 0.0589255
29 16 0.0595265
29 17 0.0593805
29 18 0.0588659
29 19 0.0585363
29 20 0.0591235
29 21 0.0590082
29 22 0.0586471
29 23 0.0599258
29 24 0.0593903
29 25 0.0592614
29 26 0.0598049
29 27 0.0597403
29 28 0.0602922
29 29 0.0608786
29 30 0.0623234
29 31 0.0650447
29 32 0.0596795
30 1 0.0598889
30 2 0.0606875
30 3 0.060947
30 4 0.0609405
30 5 0.0608336
30 6 0.0607873
30 7 0.0607683
30 8 0.0600075
30 9 0.0608793
30 10 0.0607112
30 11 0.0604408
30 12 0.0602711
30 13 0.0637613
30 14 0.0613654
30 15 0.0600561
30 17 0.0594405
30 18 0.0612867
30 19 0.0601569
30 20 0.0599846
30 21 0.0603994
30 22 0.0618767
30 23 0.0646289
30 24 0.0695768
30 25 0.0632835
30 26 0.0635713
30 27 0.060946
30 28 0.0604886
30 29 0.0636356
30 30 0.0617584
30 31 0.0676358
30 32 0.0641227
31 1 0.063952
31 2 0.062992
31 3 0.061973
31 4 0.0618343
31 5 0.0619316
31 6 0.06138
31 7 0.0614565
31 8 0.0611602
31 9 0.0609214
31 10 0.0604503
31 11 0.0609565
31 12 0.0610693
31 13 0.0612883
31 14 0.0610472
31 15 0.0609372
31 16 0.060677
31 17 0.0603312
31 18 0.0607165
31 19 0.0609549
31 20 0.0608605
31 21 0.0611712
31 22 0.0617196
31 23 0.0601315
31 24 0.0598003
31 25 0.060016
31 26 0.060434
31 27 0.0601413
31 28 0.0602535
31 29 0.0616863
31 30 0.0625794
31 31 0.0635109
31 32 0.0612999
32 1 0.0595377
32 2 0.0595144
32 3 0.0595567
32 4 0.0597659
32 5 0.0595398
32 6 0.0602593
32 7 0.0598327
32 8 0.0583291
32 9 0.0578753
32 10 0.0579659
32 11 0.0588438
32 12 0.0575405
32 13 0.0585723
32 14 0.0588455
32 15 0.0584905
32 16 0.0587699
32 17 0.0586683
32 18 0.0590811
32 19 0.0586694
32 20 0.0591365
32 21 0.060815
32 22 0.0608834
32 23 0.0599531
32 24 0.060404
32 25 0.0585698
32 26 0.0610147
32 27 0.0595276
32 28 0.059301
32 29 0.061707
32 30 0.062756
32 31 0.0663377
32 32 0.0602571
33 1 0.061099
33 2 0.0617832
33 3 0.0611785
33 4 0.0613675
33 5 0.0611485
33 6 0.0607372
33 7 0.0605012
33 8 0.0609093
33 9 0.0612583
33 10 0.0611799
33 11 0.0610909
33 12 0.0604999
33 13 0.0606543
33 14 0.0609342
33 15 0.060635
33 16 0.0608228
33 17 0.0598739
33 18 0.060116
33 19 0.0610242
33 20 0.060368
33 21 0.0615256
33 22 0.0614337
33 23 0.0607704
33 24 0.0613307
33 25 0.0601337
33 26 0.0597318
33 27 0.0591975
33 28 0.0606604
33 29 0.060604
33 30 0.0602848
33 31 0.0624385
33 32 0.0609919
34 1 0.0611909
34 2 0.0615567
34 3 0.0607789
34 4 0.0618772
34 5 0.0628233
34 6 0.0639085
34 7 0.0627178
34 8 0.0635733
34 9 0.062957
34 10 0.0632307
34 11 0.0639326
34 12 0.0623579
34 13 0.0621973
34 14 0.0628121
34 15 0.062212
34 16 0.0628685
34 17 0.0638101
34 18 0.0636329
34 19 0.062673
34 20 0.0634096
34 21 0.0630801
34 22 0.0631977
34 23 0.0631815
34 24 0.0637006
34 25 0.06337
34 26 0.0621567
34 27 0.0633527
34 28 0.0622967
34 29 0.0623439
34 30 0.0640479
34 31 0.0670067
34 32 0.0630688
35 1 0.0628166
35 2 0.0625025
35 3 0.0619856
35 4 0.061461
35 5 0.0623424
35 6 0.0627002
35 7 0.06091
35 8 0.0606481
35 9 0.0605099
35 10 0.060164
35 11 0.0603954
35 12 0.0606637
35 13 0.0605722
35 14 0.0602443
35 15 0.0607384
35 16 0.0608012
35 17 0.0605612
35 18 0.0601464
35 19 0.0602577
35 20 0.0606062
35 21 0.0607007
35 22 0.0608732
35 23 0.060326
35 24 0.0603572
35 25 0.0607037
35 26 0.0608466
35 27 0.0610228
35 28 0.0607766
35 29 0.0618391
35 30 0.0623196
35 31 0.0647254
35 32 0.0612264
36 1 0.0611867
36 2 0.062773
36 3 0.0612734
36 4 0.0612969
36 5 0.0627836
36 6 0.0628784
36 7 0.0608373
36 8 0.0618182
36 9 0.0629919
36 10 0.063215
36 11 0.0624034
36 12 0.0616347
36 13 0.0626311
36 14 0.0623373
36 15 0.0623264
36 16 0.0618376
36 17 0.062308
36 18 0.0621139
36 19 0.0619416
36 20 0.0616547
36 21 0.0620518
36 22 0.0621446
36 23 0.0613033
36 24 0.0614519
36 25 0.0622711
36 26 0.061243
36 27 0.0613112
36 28 0.0611767
36 29 0.0617695
36 30 0.0626841
36 31 0.0634464
36 32 0.0617989
37 1 0.0609287
37 2 0.0609493
37 3 0.0609639
37 4 0.0603236
37 6 0.0600478
37 7 0.0595946
37 8 0.0599513
37 9 0.0590522
37 10 0.0591639
37 11 0.059237
37 12 0.0595115
37 13 0.0593385
37 14 0.0589942
37 15 0.0593582
37 16 0.0589745
37 17 0.0590403
37 18 0.0593854
37 19 0.0594434
37 20 0.0596948
37 21 0.0597502
37 22 0.0595847
37 23 0.059607
37 24 0.0601628
37 25 0.0597594
37 26 0.0606879
37 27 0.0603654
37 28 0.0598796
37 29 0.0611066
37 30 0.0608695
37 31 0.0629129
37 32 0.0599598
38 1 0.0617483
38 2 0.0626268
38 3 0.0622933
38 4 0.0620806
38 5 0.0616184
38 6 0.0610085
38 7 0.0612259
38 8 0.0598773
38 9 0.0600315
38 10 0.0603225
38 11 0.0609292
38 12 0.0604211
38 13 0.0603024
38 14 0.0596688
38 15 0.0605406
38 16 0.0609616
38 17 0.0598905
38 18 0.0608551
38 19 0.0607353
38 20 0.060824
38 21 0.0609209
38 22 0.0608505
38 23 0.0614517
38 24 0.0604748
38 25 0.0600543
38 26 0.0601505
38 27 0.0612665
38 28 0.0610737
38 29 0.0608831
38 30 0.0610347
38 31 0.0611761
38 32 0.0604114
39 1 0.0621648
39 2 0.0620899
39 3 0.0615721
39 4 0.0608903
39 5 0.0613717
39 6 0.0610357
39 7 0.0606415
39 8 0.0603888
39 9 0.0605752
39 10 0.0609584
39 11 0.0606668
39 12 0.0602262
39 13 0.0612672
39 15 0.0606832
39 16 0.0613682
39 17 0.0614267
39 18 0.0607054
39 20 0.0609747
39 21 0.0607546
39 22 0.0609224
39 23 0.0606299
39 24 0.0602405
39 25 0.0605083
39 26 0.0614697
39 27 0.0613036
39 28 0.060405
39 29 0.0610681
39 30 0.0621839
39 31 0.0636907
39 32 0.0608885
40 1 0.0625439
40 2 0.0628639
40 3 0.0631439
40 4 0.0620296
40 5 0.0623611
40 6 0.0623368
40 7 0.0614616
40 8 0.060873
40 9 0.061751
40 10 0.0619412
40 11 0.0611904
40 12 0.0610053
40 13 0.0617859
40 14 0.0603811
40 15 0.0603948
40 16 0.0612805
40 17 0.0605957
40 18 0.060758
40 19 0.0597675
40 20 0.0613346
40 21 0.0617498
40 22 0.061234
40 23 0.0613359
40 24 0.0613903
40 25 0.0625523
40 26 0.062127
40 27 0.061709
40 28 0.0622998
40 29 0.0622666
40 30 0.0628008
40 31 0.0624354
40 32 0.0616821
41 1 0.0626265
41 2 0.0587433
41 3 0.0578095
41 4 0.0575468
41 5 0.057881
41 6 0.0578008
41 7 0.0580195
41 8 0.0582982
41 9 0.0582267
41 10 0.0581093
41 11 0.0581588
41 12 0.0583154
41 13 0.0584295
41 14 0.0586076
41 15 0.0608992
41 16 0.0584204
42 1 0.0578089
42 2 0.0568841
42 3 0.0542316
42 4 0.0543775
42 5 0.0540168
42 6 0.0538585
42 7 0.0538195
42 8 0.0538829
42 9 0.0536642
42 10 0.0534743
42 11 0.0535723
42 12 0.0537163
42 13 0.0541222
42 14 0.0549979
42 15 0.0565511
42 16 0.0544049
43 1 0.0623752
43 2 0.0624973
43 3 0.0607098
43 4 0.0592702
43 5 0.0597414
43 6 0.0589675
43 7 0.059267
43 8 0.0592954
43 9 0.0590813
43 10 0.0596742
43 11 0.0592333
43 12 0.0592754
43 13 0.059314
43 14 0.0599037
43 15 0.0608462
43 16 0.0596382
44 1 0.057241
44 2 0.059485
44 3 0.0560546
44 4 0.055811
44 5 0.0558031
44 6 0.055972
44 7 0.0555333
44 8 0.0555298
44 9 0.0557153
44 10 0.0555708
44 11 0.0558467
44 12 0.0561488
44 13 0.0565293
44 14 0.0574053
44 15 0.0590957
44 16 0.0562804
45 1 0.0583437
45 2 0.0594032
45 3 0.0583226
45 4 0.0568569
45 5 0.0566392
45 6 0.0563471
45 7 0.056387
45 8 0.0566064
45 9 0.0565592
45 10 0.0566093
45 11 0.0569947
45 12 0.0570732
45 13 0.0575101
45 14 0.0579174
45 15 0.0589961
45 16 0.0571153
46 1 0.0576662
46 2 0.057768
46 3 0.0576731
46 4 0.0574396
46 5 0.0574778
46 6 0.0575715
46 7 0.0577604
46 8 0.0574004
46 9 0.0571842
46 10 0.0571972
46 11 0.0570828
46 12 0.0571899
46 13 0.0572748
46 14 0.0570425
46 15 0.0574855
46 16 0.0574012
47 1 0.0569375
47 2 0.0573018
47 3 0.056904
47 4 0.0566389
47 5 0.0564148
47 6 0.0562969
47 7 0.0563703
47 8 0.0564639
47 9 0.0566121
47 10 0.0567437
47 11 0.0574115
47 12 0.0580417
47 13 0.0584968
47 14 0.05932
47 15 0.0621427
47 16 0.0573687
48 1 0.0575708
48 2 0.0572065
48 3 0.0563173
48 4 0.0559583
48 5 0.0556787
48 6 0.0556204
48 7 0.0557804
48 8 0.0561069
48 9 0.0561279
48 10 0.056191
48 11 0.0564992
48 12 0.0568876
48 13 0.0569176
48 14 0.0572437
48 16 0.0563899
49 1 0.0569771
49 2 0.0569045
49 3 0.0566598
49 4 0.0563976
49 5 0.0563273
49 6 0.0563072
49 7 0.0565469
49 8 0.0568147
49 9 0.057231
49 10 0.057431
49 11 0.0575182
49 12 0.0575997
49 13 0.057859
49 14 0.0584489
49 15 0.060985
49 16 0.0574614
50 1 0.0586926
50 2 0.0578382
50 3 0.0573094
50 4 0.0569436
50 5 0.0565542
50 6 0.056138
50 7 0.0554788
50 8 0.055154
50 9 0.0549443
50 11 0.0560592
50 12 0.0560441
50 13 0.0561417
50 14 0.0565518
50 15 0.0573151
50 16 0.0568761
51 1 0.0575418
51 2 0.0579841
51 3 0.0584246
51 4 0.0582982
51 5 0.0579026
51 6 0.0578824
51 7 0.0575662
51 8 0.0578654
51 9 0.0581581
51 10 0.0582408
51 11 0.0586832
51 12 0.0586278
51 13 0.0588211
51 14 0.0589982
51 15 0.0612506
51 16 0.058506
52 1 0.0590096
52 2 0.0585705
52 3 0.0577367
52 4 0.0578279
52 5 0.0578657
52 6 0.0577098
52 7 0.0575873
52 8 0.0577638
52 9 0.0577651
52 10 0.0578814
52 11 0.0579876
52 12 0.0584156
52 13 0.0588038
52 14 0.0587505
52 15 0.0590327
52 16 0.0581923
53 1 0.0584052
53 2 0.0581672
53 3 0.057709
53 4 0.0570028
53 5 0.0567902
53 6 0.0565256
53 7 0.0561142
53 8 0.0564445
53 9 0.0565222
53 10 0.0598785
53 11 0.0610515
53 12 0.0616943
53 13 0.0622931
53 14 0.0613259
53 15 0.0618661
53 16 0.0574503
54 1 0.0595926
54 2 0.0595363
54 3 0.0592212
54 4 0.0591584
54 5 0.0587937
54 6 0.0585934
54 7 0.0581579
54 8 0.0586315
54 9 0.0586431
54 10 0.0583823
54 11 0.0583062
54 12 0.0589328
54 13 0.0610171
54 14 0.0611863
54 15 0.0624585
54 16 0.0590355
55 1 0.0592532
55 2 0.0590264
55 3 0.0578839
55 5 0.0573142
55 6 0.0569334
55 7 0.0568123
55 8 0.0571801
55 9 0.0572045
55 10 0.0572848
55 11 0.0572035
55 12 0.0598409
55 14 0.0631109
55 15 0.0632244
55 16 0.0577341
56 1 0.0589484
56 2 0.0584824
56 3 0.0578079
56 4 0.0574703
56 5 0.0570001
56 6 0.0567015
56 7 0.0567327
56 8 0.0572882
56 9 0.0573665
56 10 0.0575942
56 11 0.057793
56 12 0.0581896
56 13 0.0609601
56 14 0.0618428
56 15 0.060793
56 16 0.0577138
57 1 0.0594306
57 2 0.0593348
57 3 0.0585886
57 4 0.0581235
57 5 0.0578246
57 6 0.0576092
57 7 0.0573935
57 8 0.0574132
57 9 0.0574077
57 10 0.0575508
57 11 0.0578237
57 12 0.0584506
57 13 0.0601811
57 14 0.0598538
57 15 0.0602525
57 16 0.0579944
58 1 0.0574442
58 2 0.0569474
58 3 0.0559326
58 4 0.0555298
58 5 0.0551747
58 6 0.0548877
58 7 0.0549722
58 8 0.0551025
58 9 0.054793
58 10 0.0548616
58 11 0.0550611
58 12 0.0554246
58 13 0.0559703
58 14 0.056696
58 15 0.0586551
58 16 0.055569
