id#			ADC_ch		ECAL_ch		x(cm)		y(cm)
==============================================================================
0x030D8357		1		88		18.225		14.225
0x030D8357		2		43		10.075		2.075
0x030D8357		3		1		2.075		2.075
0x030D8357		4		23		6.075		6.075
0x030D8357		5		45		10.075		10.075
0x030D8357		6		3		2.075		10.075
0x030D8357		7		27		6.075		22.225
0x030D8357		8		5		2.075		18.225
0x030D8357		9		109		22.225		14.225
0x030D8357		10		22		6.075		2.075
0x030D8357		11		44		10.075		6.075
0x030D8357		12		2		2.075		6.075
0x030D8357		13		24		6.075		10.075
0x030D8357		14		6		2.075		22.225
0x030D8357		15		48		10.075		22.225
0x030D8357		16		26		6.075		18.225
0x030D8357		18		46		10.075		14.225
0x030D8357		19		4		2.075		14.225
0x030D8357		20		33		6.075		46.525
0x030D8357		21		11		2.075		42.525
0x030D8357		22		53		10.075		42.525
0x030D8357		23		31		6.075		38.525
0x030D8357		24		49		10.075		26.375
0x030D8357		25		25		6.075		14.225
0x030D8357		26		47		10.075		18.225
0x030D8357		27		12		2.075		46.525
0x030D8357		28		54		10.075		46.525
0x030D8357		29		32		6.075		42.525
0x030D8357		30		10		2.075		38.525
0x030D8357		31		52		10.075		38.525
0x030D8357		32		28		6.075		26.375
0x030D8357		33		106		22.225		2.075
0x030D8357		34		64		14.225		2.075
0x030D8357		35		86		18.225		6.075
0x030D8357		36		108		22.225		10.075
0x030D8357		37		66		14.225		10.075
0x030D8357		38		90		18.225		22.225
0x030D8357		39		68		14.225		18.225
0x030D8357		40		110		22.225		18.225
0x030D8357		41		85		18.225		2.075
0x030D8357		42		107		22.225		6.075
0x030D8357		43		65		14.225		6.075
0x030D8357		44		87		18.225		10.075
0x030D8357		45		69		14.225		22.225
0x030D8357		46		111		22.225		22.225
0x030D8357		47		89		18.225		18.225
0x030D8357		48		67		14.225		14.225
0x030D8357		49		7		2.075		26.375
0x030D8357		50		29		6.075		30.375
0x030D8357		51		51		10.075		34.375
0x030D8357		52		9		2.075		34.375
0x030D8357		53		91		18.225		26.375
0x030D8357		54		113		22.225		30.375
0x030D8357		55		114		22.225		34.375
0x030D8357		56		72		14.225		34.375
0x030D8357		57		50		10.075		30.375
0x030D8357		58		8		2.075		30.375
0x030D8357		59		30		6.075		34.375
0x030D8357		60		112		22.225		26.375
0x030D8357		61		70		14.225		26.375
0x030D8357		62		92		18.225		30.375
0x030D8357		63		71		14.225		30.375
0x030D8357		64		93		18.225		34.375
0x030DA830		1		340		66.825		14.225
0x030DA830		2		295		58.675		2.075
0x030DA830		3		253		50.675		2.075
0x030DA830		4		275		54.675		6.075
0x030DA830		5		297		58.675		10.075
0x030DA830		6		255		50.675		10.075
0x030DA830		7		279		54.675		22.225
0x030DA830		8		257		50.675		18.225
0x030DA830		9		361		70.825		14.225
0x030DA830		10		274		54.675		2.075
0x030DA830		11		296		58.675		6.075
0x030DA830		12		254		50.675		6.075
0x030DA830		13		276		54.675		10.075
0x030DA830		14		258		50.675		22.225
0x030DA830		15		300		58.675		22.225
0x030DA830		16		278		54.675		18.225
0x030DA830		18		298		58.675		14.225
0x030DA830		19		256		50.675		14.225
0x030DA830		20		285		54.675		46.525
0x030DA830		21		263		50.675		42.525
0x030DA830		22		305		58.675		42.525
0x030DA830		23		283		54.675		38.525
0x030DA830		24		301		58.675		26.375
0x030DA830		25		277		54.675		14.225
0x030DA830		26		299		58.675		18.225
0x030DA830		27		264		50.675		46.525
0x030DA830		28		306		58.675		46.525
0x030DA830		29		284		54.675		42.525
0x030DA830		30		262		50.675		38.525
0x030DA830		31		304		58.675		38.525
0x030DA830		32		280		54.675		26.375
0x030DA830		33		358		70.825		2.075
0x030DA830		34		316		62.825		2.075
0x030DA830		35		338		66.825		6.075
0x030DA830		36		360		70.825		10.075
0x030DA830		37		318		62.825		10.075
0x030DA830		38		342		66.825		22.225
0x030DA830		39		320		62.825		18.225
0x030DA830		40		362		70.825		18.225
0x030DA830		41		337		66.825		2.075
0x030DA830		42		359		70.825		6.075
0x030DA830		43		317		62.825		6.075
0x030DA830		44		339		66.825		10.075
0x030DA830		45		321		62.825		22.225
0x030DA830		46		363		70.825		22.225
0x030DA830		47		341		66.825		18.225
0x030DA830		48		319		62.825		14.225
0x030DA830		49		259		50.675		26.375
0x030DA830		50		281		54.675		30.375
0x030DA830		51		303		58.675		34.375
0x030DA830		52		261		50.675		34.375
0x030DA830		53		343		66.825		26.375
0x030DA830		54		365		70.825		30.375
0x030DA830		55		366		70.825		34.375
0x030DA830		56		324		62.825		34.375
0x030DA830		57		302		58.675		30.375
0x030DA830		58		260		50.675		30.375
0x030DA830		59		282		54.675		34.375
0x030DA830		60		364		70.825		26.375
0x030DA830		61		322		62.825		26.375
0x030DA830		62		344		66.825		30.375
0x030DA830		63		323		62.825		30.375
0x030DA830		64		345		66.825		34.375
0x030DBFAC		1		214		42.525		14.225
0x030DBFAC		2		169		34.375		2.075
0x030DBFAC		3		127		26.375		2.075
0x030DBFAC		4		149		30.375		6.075
0x030DBFAC		5		171		34.375		10.075
0x030DBFAC		6		129		26.375		10.075
0x030DBFAC		7		153		30.375		22.225
0x030DBFAC		8		131		26.375		18.225
0x030DBFAC		9		235		46.525		14.225
0x030DBFAC		10		148		30.375		2.075
0x030DBFAC		11		170		34.375		6.075
0x030DBFAC		12		128		26.375		6.075
0x030DBFAC		13		150		30.375		10.075
0x030DBFAC		14		132		26.375		22.225
0x030DBFAC		15		174		34.375		22.225
0x030DBFAC		16		152		30.375		18.225
0x030DBFAC		18		172		34.375		14.225
0x030DBFAC		19		130		26.375		14.225
0x030DBFAC		20		159		30.375		46.525
0x030DBFAC		21		137		26.375		42.525
0x030DBFAC		22		179		34.375		42.525
0x030DBFAC		23		157		30.375		38.525
0x030DBFAC		24		175		34.375		26.375
0x030DBFAC		25		151		30.375		14.225
0x030DBFAC		26		173		34.375		18.225
0x030DBFAC		27		138		26.375		46.525
0x030DBFAC		28		180		34.375		46.525
0x030DBFAC		29		158		30.375		42.525
0x030DBFAC		30		136		26.375		38.525
0x030DBFAC		31		178		34.375		38.525
0x030DBFAC		32		154		30.375		26.375
0x030DBFAC		33		232		46.525		2.075
0x030DBFAC		34		190		38.525		2.075
0x030DBFAC		35		212		42.525		6.075
0x030DBFAC		36		234		46.525		10.075
0x030DBFAC		37		192		38.525		10.075
0x030DBFAC		38		216		42.525		22.225
0x030DBFAC		39		194		38.525		18.225
0x030DBFAC		40		236		46.525		18.225
0x030DBFAC		41		211		42.525		2.075
0x030DBFAC		42		233		46.525		6.075
0x030DBFAC		43		191		38.525		6.075
0x030DBFAC		44		213		42.525		10.075
0x030DBFAC		45		195		38.525		22.225
0x030DBFAC		46		237		46.525		22.225
0x030DBFAC		47		215		42.525		18.225
0x030DBFAC		48		193		38.525		14.225
0x030DBFAC		49		133		26.375		26.375
0x030DBFAC		50		155		30.375		30.375
0x030DBFAC		51		177		34.375		34.375
0x030DBFAC		52		135		26.375		34.375
0x030DBFAC		53		217		42.525		26.375
0x030DBFAC		54		239		46.525		30.375
0x030DBFAC		55		240		46.525		34.375
0x030DBFAC		56		198		38.525		34.375
0x030DBFAC		57		176		34.375		30.375
0x030DBFAC		58		134		26.375		30.375
0x030DBFAC		59		156		30.375		34.375
0x030DBFAC		60		238		46.525		26.375
0x030DBFAC		61		196		38.525		26.375
0x030DBFAC		62		218		42.525		30.375
0x030DBFAC		63		197		38.525		30.375
0x030DBFAC		64		219		42.525		34.375
0x0611D0E6		1		466		91.125		14.225
0x0611D0E6		2		421		82.975		2.075
0x0611D0E6		3		379		74.975		2.075
0x0611D0E6		4		401		78.975		6.075
0x0611D0E6		5		423		82.975		10.075
0x0611D0E6		6		381		74.975		10.075
0x0611D0E6		7		405		78.975		22.225
0x0611D0E6		8		383		74.975		18.225
0x0611D0E6		9		487		95.125		14.225
0x0611D0E6		10		400		78.975		2.075
0x0611D0E6		11		422		82.975		6.075
0x0611D0E6		12		380		74.975		6.075
0x0611D0E6		13		402		78.975		10.075
0x0611D0E6		14		384		74.975		22.225
0x0611D0E6		15		426		82.975		22.225
0x0611D0E6		16		404		78.975		18.225
0x0611D0E6		18		424		82.975		14.225
0x0611D0E6		19		382		74.975		14.225
0x0611D0E6		20		411		78.975		46.525
0x0611D0E6		21		389		74.975		42.525
0x0611D0E6		22		431		82.975		42.525
0x0611D0E6		23		409		78.975		38.525
0x0611D0E6		24		427		82.975		26.375
0x0611D0E6		25		403		78.975		14.225
0x0611D0E6		26		425		82.975		18.225
0x0611D0E6		27		390		74.975		46.525
0x0611D0E6		28		432		82.975		46.525
0x0611D0E6		29		410		78.975		42.525
0x0611D0E6		30		388		74.975		38.525
0x0611D0E6		31		430		82.975		38.525
0x0611D0E6		32		406		78.975		26.375
0x0611D0E6		33		484		95.125		2.075
0x0611D0E6		34		442		87.125		2.075
0x0611D0E6		35		464		91.125		6.075
0x0611D0E6		36		486		95.125		10.075
0x0611D0E6		37		444		87.125		10.075
0x0611D0E6		38		468		91.125		22.225
0x0611D0E6		39		446		87.125		18.225
0x0611D0E6		40		488		95.125		18.225
0x0611D0E6		41		463		91.125		2.075
0x0611D0E6		42		485		95.125		6.075
0x0611D0E6		43		443		87.125		6.075
0x0611D0E6		44		465		91.125		10.075
0x0611D0E6		45		447		87.125		22.225
0x0611D0E6		46		489		95.125		22.225
0x0611D0E6		47		467		91.125		18.225
0x0611D0E6		48		445		87.125		14.225
0x0611D0E6		49		385		74.975		26.375
0x0611D0E6		50		407		78.975		30.375
0x0611D0E6		51		429		82.975		34.375
0x0611D0E6		52		387		74.975		34.375
0x0611D0E6		53		469		91.125		26.375
0x0611D0E6		54		491		95.125		30.375
0x0611D0E6		55		492		95.125		34.375
0x0611D0E6		56		450		87.125		34.375
0x0611D0E6		57		428		82.975		30.375
0x0611D0E6		58		386		74.975		30.375
0x0611D0E6		59		408		78.975		34.375
0x0611D0E6		60		490		95.125		26.375
0x0611D0E6		61		448		87.125		26.375
0x0611D0E6		62		470		91.125		30.375
0x0611D0E6		63		449		87.125		30.375
0x0611D0E6		64		471		91.125		34.375
0x0611DFC6		1		165		30.375		70.825
0x0611DFC6		2		210		38.525		82.975
0x0611DFC6		3		252		46.525		82.975
0x0611DFC6		4		230		42.525		78.975
0x0611DFC6		5		208		38.525		74.975
0x0611DFC6		6		250		46.525		74.975
0x0611DFC6		7		226		42.525		62.825
0x0611DFC6		8		248		46.525		66.825
0x0611DFC6		9		144		26.375		70.825
0x0611DFC6		10		231		42.525		82.975
0x0611DFC6		11		209		38.525		78.975
0x0611DFC6		12		251		46.525		78.975
0x0611DFC6		13		229		42.525		74.975
0x0611DFC6		14		247		46.525		62.825
0x0611DFC6		15		205		38.525		62.825
0x0611DFC6		16		227		42.525		66.825
0x0611DFC6		18		207		38.525		70.825
0x0611DFC6		19		249		46.525		70.825
0x0611DFC6		20		220		42.525		38.525
0x0611DFC6		21		242		46.525		42.525
0x0611DFC6		22		200		38.525		42.525
0x0611DFC6		23		222		42.525		46.525
0x0611DFC6		24		204		38.525		58.675
0x0611DFC6		25		228		42.525		70.825
0x0611DFC6		26		206		38.525		66.825
0x0611DFC6		27		241		46.525		38.525
0x0611DFC6		28		199		38.525		38.525
0x0611DFC6		29		221		42.525		42.525
0x0611DFC6		30		243		46.525		46.525
0x0611DFC6		31		201		38.525		46.525
0x0611DFC6		32		225		42.525		58.675
0x0611DFC6		33		147		26.375		82.975
0x0611DFC6		34		189		34.375		82.975
0x0611DFC6		35		167		30.375		78.975
0x0611DFC6		36		145		26.375		74.975
0x0611DFC6		37		187		34.375		74.975
0x0611DFC6		38		163		30.375		62.825
0x0611DFC6		39		185		34.375		66.825
0x0611DFC6		40		143		26.375		66.825
0x0611DFC6		41		168		30.375		82.975
0x0611DFC6		42		146		26.375		78.975
0x0611DFC6		43		188		34.375		78.975
0x0611DFC6		44		166		30.375		74.975
0x0611DFC6		45		184		34.375		62.825
0x0611DFC6		46		142		26.375		62.825
0x0611DFC6		47		164		30.375		66.825
0x0611DFC6		48		186		34.375		70.825
0x0611DFC6		49		246		46.525		58.675
0x0611DFC6		50		224		42.525		54.675
0x0611DFC6		51		202		38.525		50.675
0x0611DFC6		52		244		46.525		50.675
0x0611DFC6		53		162		30.375		58.675
0x0611DFC6		54		140		26.375		54.675
0x0611DFC6		55		139		26.375		50.675
0x0611DFC6		56		181		34.375		50.675
0x0611DFC6		57		203		38.525		54.675
0x0611DFC6		58		245		46.525		54.675
0x0611DFC6		59		223		42.525		50.675
0x0611DFC6		60		141		26.375		58.675
0x0611DFC6		61		183		34.375		58.675
0x0611DFC6		62		161		30.375		54.675
0x0611DFC6		63		182		34.375		54.675
0x0611DFC6		64		160		30.375		50.675
0x0611E02D		1		39		6.075		70.825
0x0611E02D		2		84		14.225		82.975
0x0611E02D		3		126		22.225		82.975
0x0611E02D		4		104		18.225		78.975
0x0611E02D		5		82		14.225		74.975
0x0611E02D		6		124		22.225		74.975
0x0611E02D		7		100		18.225		62.825
0x0611E02D		8		122		22.225		66.825
0x0611E02D		9		18		2.075		70.825
0x0611E02D		10		105		18.225		82.975
0x0611E02D		11		83		14.225		78.975
0x0611E02D		12		125		22.225		78.975
0x0611E02D		13		103		18.225		74.975
0x0611E02D		14		121		22.225		62.825
0x0611E02D		15		79		14.225		62.825
0x0611E02D		16		101		18.225		66.825
0x0611E02D		18		81		14.225		70.825
0x0611E02D		19		123		22.225		70.825
0x0611E02D		20		94		18.225		38.525
0x0611E02D		21		116		22.225		42.525
0x0611E02D		22		74		14.225		42.525
0x0611E02D		23		96		18.225		46.525
0x0611E02D		24		78		14.225		58.675
0x0611E02D		25		102		18.225		70.825
0x0611E02D		26		80		14.225		66.825
0x0611E02D		27		115		22.225		38.525
0x0611E02D		28		73		14.225		38.525
0x0611E02D		29		95		18.225		42.525
0x0611E02D		30		117		22.225		46.525
0x0611E02D		31		75		14.225		46.525
0x0611E02D		32		99		18.225		58.675
0x0611E02D		33		21		2.075		82.975
0x0611E02D		34		63		10.075		82.975
0x0611E02D		35		41		6.075		78.975
0x0611E02D		36		19		2.075		74.975
0x0611E02D		37		61		10.075		74.975
0x0611E02D		38		37		6.075		62.825
0x0611E02D		39		59		10.075		66.825
0x0611E02D		40		17		2.075		66.825
0x0611E02D		41		42		6.075		82.975
0x0611E02D		42		20		2.075		78.975
0x0611E02D		43		62		10.075		78.975
0x0611E02D		44		40		6.075		74.975
0x0611E02D		45		58		10.075		62.825
0x0611E02D		46		16		2.075		62.825
0x0611E02D		47		38		6.075		66.825
0x0611E02D		48		60		10.075		70.825
0x0611E02D		49		120		22.225		58.675
0x0611E02D		50		98		18.225		54.675
0x0611E02D		51		76		14.225		50.675
0x0611E02D		52		118		22.225		50.675
0x0611E02D		53		36		6.075		58.675
0x0611E02D		54		14		2.075		54.675
0x0611E02D		55		13		2.075		50.675
0x0611E02D		56		55		10.075		50.675
0x0611E02D		57		77		14.225		54.675
0x0611E02D		58		119		22.225		54.675
0x0611E02D		59		97		18.225		50.675
0x0611E02D		60		15		2.075		58.675
0x0611E02D		61		57		10.075		58.675
0x0611E02D		62		35		6.075		54.675
0x0611E02D		63		56		10.075		54.675
0x0611E02D		64		34		6.075		50.675
0x076D3EC0		1		291		54.675		70.825
0x076D3EC0		2		336		62.825		82.975
0x076D3EC0		3		378		70.825		82.975
0x076D3EC0		4		356		66.825		78.975
0x076D3EC0		5		334		62.825		74.975
0x076D3EC0		6		376		70.825		74.975
0x076D3EC0		7		352		66.825		62.825
0x076D3EC0		8		374		70.825		66.825
0x076D3EC0		9		270		50.675		70.825
0x076D3EC0		10		357		66.825		82.975
0x076D3EC0		11		335		62.825		78.975
0x076D3EC0		12		377		70.825		78.975
0x076D3EC0		13		355		66.825		74.975
0x076D3EC0		14		373		70.825		62.825
0x076D3EC0		15		331		62.825		62.825
0x076D3EC0		16		353		66.825		66.825
0x076D3EC0		18		333		62.825		70.825
0x076D3EC0		19		375		70.825		70.825
0x076D3EC0		20		346		66.825		38.525
0x076D3EC0		21		368		70.825		42.525
0x076D3EC0		22		326		62.825		42.525
0x076D3EC0		23		348		66.825		46.525
0x076D3EC0		24		330		62.825		58.675
0x076D3EC0		25		354		66.825		70.825
0x076D3EC0		26		332		62.825		66.825
0x076D3EC0		27		367		70.825		38.525
0x076D3EC0		28		325		62.825		38.525
0x076D3EC0		29		347		66.825		42.525
0x076D3EC0		30		369		70.825		46.525
0x076D3EC0		31		327		62.825		46.525
0x076D3EC0		32		351		66.825		58.675
0x076D3EC0		33		273		50.675		82.975
0x076D3EC0		34		315		58.675		82.975
0x076D3EC0		35		293		54.675		78.975
0x076D3EC0		36		271		50.675		74.975
0x076D3EC0		37		313		58.675		74.975
0x076D3EC0		38		289		54.675		62.825
0x076D3EC0		39		311		58.675		66.825
0x076D3EC0		40		269		50.675		66.825
0x076D3EC0		41		294		54.675		82.975
0x076D3EC0		42		272		50.675		78.975
0x076D3EC0		43		314		58.675		78.975
0x076D3EC0		44		292		54.675		74.975
0x076D3EC0		45		310		58.675		62.825
0x076D3EC0		46		268		50.675		62.825
0x076D3EC0		47		290		54.675		66.825
0x076D3EC0		48		312		58.675		70.825
0x076D3EC0		49		372		70.825		58.675
0x076D3EC0		50		350		66.825		54.675
0x076D3EC0		51		328		62.825		50.675
0x076D3EC0		52		370		70.825		50.675
0x076D3EC0		53		288		54.675		58.675
0x076D3EC0		54		266		50.675		54.675
0x076D3EC0		55		265		50.675		50.675
0x076D3EC0		56		307		58.675		50.675
0x076D3EC0		57		329		62.825		54.675
0x076D3EC0		58		371		70.825		54.675
0x076D3EC0		59		349		66.825		50.675
0x076D3EC0		60		267		50.675		58.675
0x076D3EC0		61		309		58.675		58.675
0x076D3EC0		62		287		54.675		54.675
0x076D3EC0		63		308		58.675		54.675
0x076D3EC0		64		286		54.675		50.675
0x07A8DEA5		1		417		78.975		70.825
0x07A8DEA5		2		462		87.125		82.975
0x07A8DEA5		3		504		95.125		82.975
0x07A8DEA5		4		482		91.125		78.975
0x07A8DEA5		5		460		87.125		74.975
0x07A8DEA5		6		502		95.125		74.975
0x07A8DEA5		7		478		91.125		62.825
0x07A8DEA5		8		500		95.125		66.825
0x07A8DEA5		9		396		74.975		70.825
0x07A8DEA5		10		483		91.125		82.975
0x07A8DEA5		11		461		87.125		78.975
0x07A8DEA5		12		503		95.125		78.975
0x07A8DEA5		13		481		91.125		74.975
0x07A8DEA5		14		499		95.125		62.825
0x07A8DEA5		15		457		87.125		62.825
0x07A8DEA5		16		479		91.125		66.825
0x07A8DEA5		18		459		87.125		70.825
0x07A8DEA5		19		501		95.125		70.825
0x07A8DEA5		20		472		91.125		38.525
0x07A8DEA5		21		494		95.125		42.525
0x07A8DEA5		22		452		87.125		42.525
0x07A8DEA5		23		474		91.125		46.525
0x07A8DEA5		24		456		87.125		58.675
0x07A8DEA5		25		480		91.125		70.825
0x07A8DEA5		26		458		87.125		66.825
0x07A8DEA5		27		493		95.125		38.525
0x07A8DEA5		28		451		87.125		38.525
0x07A8DEA5		29		473		91.125		42.525
0x07A8DEA5		30		495		95.125		46.525
0x07A8DEA5		31		453		87.125		46.525
0x07A8DEA5		32		477		91.125		58.675
0x07A8DEA5		33		399		74.975		82.975
0x07A8DEA5		34		441		82.975		82.975
0x07A8DEA5		35		419		78.975		78.975
0x07A8DEA5		36		397		74.975		74.975
0x07A8DEA5		37		439		82.975		74.975
0x07A8DEA5		38		415		78.975		62.825
0x07A8DEA5		39		437		82.975		66.825
0x07A8DEA5		40		395		74.975		66.825
0x07A8DEA5		41		420		78.975		82.975
0x07A8DEA5		42		398		74.975		78.975
0x07A8DEA5		43		440		82.975		78.975
0x07A8DEA5		44		418		78.975		74.975
0x07A8DEA5		45		436		82.975		62.825
0x07A8DEA5		46		394		74.975		62.825
0x07A8DEA5		47		416		78.975		66.825
0x07A8DEA5		48		438		82.975		70.825
0x07A8DEA5		49		498		95.125		58.675
0x07A8DEA5		50		476		91.125		54.675
0x07A8DEA5		51		454		87.125		50.675
0x07A8DEA5		52		496		95.125		50.675
0x07A8DEA5		53		414		78.975		58.675
0x07A8DEA5		54		392		74.975		54.675
0x07A8DEA5		55		391		74.975		50.675
0x07A8DEA5		56		433		82.975		50.675
0x07A8DEA5		57		455		87.125		54.675
0x07A8DEA5		58		497		95.125		54.675
0x07A8DEA5		59		475		91.125		50.675
0x07A8DEA5		60		393		74.975		58.675
0x07A8DEA5		61		435		82.975		58.675
0x07A8DEA5		62		413		78.975		54.675
0x07A8DEA5		63		434		82.975		54.675
0x07A8DEA5		64		412		78.975		50.675
