353
355
352
357
354
359
356
361
358
363
360
365
362
367
364
369
366
371
368
373
370
375
372
377
374
379
376
381
378
383
380
321
382
323
320
325
322
327
324
329
326
331
328
333
330
335
332
337
334
339
336
341
338
343
340
345
342
347
344
349
346
351
348
289
350
291
288
293
290
295
292
297
294
299
296
301
298
303
300
305
302
307
304
309
306
310
308
313
311
315
312
317
314
319
316
257
318
259
256
261
258
263
260
265
262
267
264
269
266
271
268
273
270
275
272
277
274
279
276
281
278
283
280
285
282
287
284
286
481
483
480
485
482
487
484
489
486
491
488
493
490
495
492
497
494
499
496
501
498
503
500
505
502
507
504
509
506
511
508
449
510
451
448
453
450
455
452
457
454
459
456
461
458
463
460
465
462
467
464
469
466
471
468
473
470
475
472
477
474
479
476
417
478
419
416
421
418
423
420
425
422
427
424
429
426
431
428
433
430
435
432
437
434
439
436
441
438
443
440
445
442
447
444
385
446
387
384
389
386
391
388
393
390
395
392
397
394
399
396
401
398
403
400
405
402
407
404
409
406
411
408
413
410
415
412
414
