* --------------------------------------------------
Run 7751 (current 430 uA)
Station 5 upper 8 3 X-correction
+0.000, +0.000, +0.000, +0.000, +0.000, -0.310, +0.125, +0.027, +0.000, -0.080, +0.055, +0.017, +0.022, -0.003, +0.072, +0.818, +0.028, -0.018, +0.028, +0.000, +0.000, +0.000, +0.000, +0.000
Station 6 upper 8 3 X-correction
+0.000, +0.000, -0.288, -0.150, -0.092, -0.088, -0.067, -0.095, +0.092, +0.019, -0.019, -0.014, +0.013, -0.047, +0.009, +0.122, -0.075, -0.092, -0.025, +0.044, +0.040, +0.040, +0.294, +0.000
Station 7 upper 8 3 X-correction
+0.188, +0.092, +0.081, +0.024, +0.061, +0.096, +0.107, +0.061, +0.082, +0.014, +0.016, +0.033, +0.028, +0.039, +0.061, +0.033, +0.082, +0.048, +0.026, +0.057, +0.004, -0.079, -0.040, +0.106
Station 8 upper 8 3 X-correction
-0.164, -0.118, -0.066, -0.022, +0.014, -0.045, -0.033, -0.035, +0.152, +0.057, +0.017, -0.013, +0.003, -0.018, -0.024, -0.055, -0.031, -0.042, +0.005, +0.043, +0.023, +0.048, +0.106, +0.254
Station 9 upper 8 3 X-correction
-0.168, -0.009, +0.025, +0.029, -0.062, +0.030, +0.072, +0.058, -0.036, -0.008, +0.039, -0.004, +0.007, +0.011, +0.024, +0.013, +0.040, +0.030, +0.039, +0.028, +0.022, +0.011, +0.038, +0.089
Station 10 upper 8 3 X-correction
+0.025, -0.058, +0.012, +0.043, -0.052, -0.018, -0.001, +0.006, -0.047, -0.031, +0.054, -0.014, +0.047, +0.016, +0.059, +0.138, +0.006, -0.001, +0.042, +0.130, +0.027, +0.030, +0.059, +0.156
Station 11 upper 8 3 X-correction
-0.175, -0.088, -0.016, +0.041, -0.188, -0.083, -0.065, -0.081, -0.243, -0.164, +0.169, +0.231, +0.210, -0.074, +0.031, +0.122, -0.038, -0.004, +0.016, +0.065, +0.050, -0.008, +0.039, +0.074
Station 5 lower 8 3 X-correction
+0.000, +0.000, +0.000, +0.000, +0.000, -0.062, -0.155, -0.108, +0.000, -0.194, -0.024, +0.027, -0.013, -0.120, -0.100, +0.000, -0.041, -0.200, -0.018, +0.000, +0.000, +0.000, +0.000, +0.000
Station 6 lower 8 3 X-correction
+0.000, -0.160, -0.249, +0.042, +0.026, +0.011, +0.083, +0.087, -0.006, -0.033, +0.074, +0.068, +0.062, +0.006, -0.076, -0.028, +0.105, +0.081, +0.029, -0.458, +0.132, +0.224, +0.598, +0.000
Station 7 lower 8 3 X-correction
-0.010, -0.157, -0.025, +0.135, -0.106, -0.075, -0.026, -0.034, -0.119, -0.045, +0.051, +0.029, +0.033, -0.005, +0.039, +0.331, -0.062, -0.079, -0.052, +0.114, +0.143, +0.230, +0.418, +0.566
Station 8 lower 8 3 X-correction
+0.146, +0.050, +0.050, +0.061, -0.051, +0.066, +0.084, +0.057, -0.012, +0.075, +0.076, +0.050, +0.034, +0.040, +0.019, +0.078, +0.036, +0.051, +0.052, +0.077, +0.093, +0.160, +0.211, +0.180
Station 9 lower 8 3 X-correction
+0.023, -0.055, -0.042, -0.018, -0.117, -0.120, -0.084, -0.102, -0.099, -0.051, -0.022, -0.050, -0.030, -0.045, -0.047, +0.049, -0.107, -0.120, -0.113, +0.081, -0.036, +0.013, +0.021, +0.194
Station 10 lower 8 3 X-correction
-0.120, +0.004, +0.046, +0.022, -0.162, +0.019, +0.065, +0.058, -0.207, -0.046, +0.002, -0.001, -0.004, +0.009, +0.019, -0.037, +0.046, +0.060, +0.077, +0.033, -0.003, -0.007, +0.029, +0.085
Station 11 lower 8 3 X-correction
-0.126, +0.044, +0.123, +0.104, -0.088, -0.025, +0.023, +0.060, -0.097, +0.055, +0.063, +0.084, +0.081, +0.075, +0.101, +0.111, +0.071, +0.034, +0.042, +0.096, +0.097, +0.126, +0.153, +0.262
* --- Y-corrections ---
Station 5 upper 8 3 Y-correction
+0.000, +0.000, +0.000, +0.000, +0.000, +0.178, -0.080, +0.019, +0.000, +0.048, -0.120, -0.045, -0.009, -0.093, -0.088, +0.000, +0.048, -0.026, +0.206, +0.000, +0.000, +0.000, +0.000, +0.000
Station 6 upper 8 3 Y-correction
+0.000, -0.294, -0.467, +0.026, -0.282, -0.159, -0.048, -0.025, -0.244, -0.070, -0.154, -0.098, -0.063, -0.083, -0.054, +0.008, -0.031, -0.005, -0.032, -0.190, +0.171, +0.129, -0.048, +0.000
Station 7 upper 8 3 Y-correction
-0.462, -0.220, -0.111, -0.065, -0.348, -0.129, -0.039, -0.002, -0.259, -0.106, -0.035, -0.025, +0.045, -0.068, -0.072, -0.001, -0.005, -0.017, -0.045, -0.088, -0.040, -0.053, -0.013, -0.194
Station 8 upper 8 3 Y-correction
-0.228, -0.115, -0.012, +0.087, -0.356, -0.233, -0.075, +0.009, -0.376, -0.240, -0.111, -0.061, -0.032, -0.044, -0.032, +0.012, -0.058, -0.042, -0.030, -0.049, +0.090, +0.105, +0.127, -0.088
Station 9 upper 8 3 Y-correction
-0.110, -0.025, +0.083, +0.101, -0.260, -0.050, +0.081, +0.117, -0.198, -0.027, +0.047, +0.039, +0.005, +0.053, +0.099, +0.219, -0.003, +0.046, +0.114, +0.209, +0.012, +0.095, +0.168, +0.250
Station 10 upper 8 3 Y-correction
+0.088, +0.146, +0.119, +0.051, -0.045, +0.094, +0.115, +0.060, -0.057, +0.037, +0.087, +0.022, -0.014, -0.006, -0.043, -0.008, -0.009, +0.035, -0.008, -0.013, +0.046, +0.114, +0.055, +0.012
Station 11 upper 8 3 Y-correction
+0.035, +0.184, +0.283, +0.299, -0.009, +0.137, +0.229, +0.173, -0.054, +0.078, +0.227, +0.166, +0.093, +0.036, +0.003, +0.049, +0.163, +0.170, +0.115, +0.134, +0.229, +0.235, +0.178, +0.187
Station 5 lower 8 3 Y-correction
+0.000, +0.000, +0.000, +0.000, +0.000, -0.224, -0.127, -0.125, +0.000, -0.278, -0.051, -0.019, -0.037, -0.108, -0.282, +0.000, -0.025, -0.046, -0.118, +0.000, +0.000, +0.000, +0.000, +0.000
Station 6 lower 8 3 Y-correction
+0.000, +0.082, -0.055, -0.052, -0.226, -0.099, -0.066, +0.036, -0.160, -0.135, -0.055, -0.003, +0.005, +0.006, +0.078, +0.018, +0.006, +0.062, +0.123, +0.362, +0.007, +0.177, +0.556, +0.000
Station 7 lower 8 3 Y-correction
+0.056, -0.093, -0.014, +0.060, -0.208, -0.158, -0.080, -0.062, -0.213, -0.129, -0.037, -0.050, -0.014, -0.085, -0.063, +0.017, -0.033, -0.045, -0.001, +0.177, +0.078, +0.103, +0.115, +0.264
Station 8 lower 8 3 Y-correction
+0.120, +0.020, +0.049, +0.055, -0.043, -0.044, -0.003, +0.020, -0.140, -0.054, +0.028, +0.006, +0.009, +0.040, +0.097, +0.117, -0.031, +0.039, +0.109, +0.181, +0.050, +0.127, +0.177, +0.329
Station 9 lower 8 3 Y-correction
-0.023, -0.047, +0.020, +0.045, -0.178, -0.126, +0.001, -0.004, -0.202, -0.072, +0.022, -0.019, -0.009, -0.001, +0.038, +0.066, -0.019, +0.011, +0.078, +0.192, +0.034, +0.062, +0.109, +0.241
Station 10 lower 8 3 Y-correction
-0.018, -0.041, +0.036, +0.060, -0.157, -0.040, +0.049, +0.099, -0.195, -0.013, +0.063, +0.070, +0.046, +0.059, +0.058, +0.088, +0.047, +0.047, +0.092, +0.087, +0.086, +0.105, +0.101, +0.161
Station 11 lower 8 3 Y-correction
-0.160, +0.010, +0.070, +0.058, -0.115, +0.027, +0.092, +0.087, -0.091, +0.002, +0.097, +0.061, +0.024, -0.004, -0.005, +0.049, +0.096, +0.119, +0.135, +0.123, +0.075, +0.072, +0.071, +0.144
* --------------------------------------------------
Run 7761 (current 435 uA)
Station 5 upper 8 3 X-correction
+0.000, +0.000, +0.000, +0.000, +0.000, -0.310, +0.116, +0.024, +0.000, -0.064, +0.051, +0.017, +0.020, -0.003, +0.073, +0.818, +0.026, -0.020, +0.028, +0.000, +0.000, +0.000, +0.000, +0.000
Station 6 upper 8 3 X-correction
+0.000, +0.000, -0.250, -0.144, -0.092, -0.085, -0.058, -0.087, +0.092, +0.023, -0.016, -0.013, +0.012, -0.043, +0.005, +0.130, -0.069, -0.088, -0.021, +0.044, +0.028, +0.022, +0.294, +0.000
Station 7 upper 8 3 X-correction
+0.170, +0.085, +0.076, +0.023, +0.056, +0.088, +0.100, +0.057, +0.074, +0.009, +0.014, +0.027, +0.026, +0.033, +0.058, +0.036, +0.075, +0.042, +0.024, +0.058, +0.002, -0.073, -0.041, +0.079
Station 8 upper 8 3 X-correction
-0.154, -0.114, -0.063, -0.020, +0.018, -0.043, -0.029, -0.031, +0.163, +0.054, +0.017, -0.010, +0.006, -0.014, -0.018, -0.042, -0.026, -0.034, +0.009, +0.041, +0.024, +0.046, +0.104, +0.261
Station 9 upper 8 3 X-correction
-0.171, -0.013, +0.021, +0.029, -0.065, +0.022, +0.062, +0.051, -0.039, -0.015, +0.036, -0.004, +0.006, +0.009, +0.026, +0.011, +0.035, +0.025, +0.037, +0.030, +0.022, +0.011, +0.039, +0.077
Station 10 upper 8 3 X-correction
-0.182, -0.055, +0.012, +0.046, -0.046, -0.021, -0.001, +0.004, -0.045, -0.031, +0.053, -0.013, +0.049, +0.014, +0.059, +0.132, +0.005, +0.000, +0.042, +0.131, +0.031, +0.031, +0.063, +0.171
Station 11 upper 8 3 X-correction
-0.175, -0.085, -0.015, +0.037, -0.171, -0.067, -0.058, -0.076, -0.226, -0.156, +0.175, +0.229, +0.214, -0.067, +0.029, +0.119, -0.033, -0.005, +0.016, +0.064, +0.048, -0.009, +0.042, +0.075
Station 5 lower 8 3 X-correction
+0.000, +0.000, +0.000, +0.000, +0.000, -0.062, -0.142, -0.105, +0.000, -0.194, -0.017, +0.026, -0.011, -0.110, -0.068, +0.000, -0.042, -0.177, -0.018, +0.000, +0.000, +0.000, +0.000, +0.000
Station 6 lower 8 3 X-correction
+0.000, -0.160, -0.277, +0.028, +0.026, +0.007, +0.074, +0.079, -0.006, -0.035, +0.069, +0.061, +0.055, -0.001, -0.068, -0.028, +0.096, +0.079, +0.030, -0.458, +0.117, +0.223, +0.598, +0.000
Station 7 lower 8 3 X-correction
-0.010, -0.171, -0.054, +0.113, -0.101, -0.066, -0.017, -0.027, -0.113, -0.043, +0.054, +0.031, +0.032, -0.004, +0.035, +0.286, -0.054, -0.070, -0.047, +0.084, +0.120, +0.189, +0.354, +0.566
Station 8 lower 8 3 X-correction
+0.118, +0.038, +0.045, +0.060, -0.058, +0.055, +0.079, +0.054, -0.014, +0.067, +0.075, +0.047, +0.031, +0.038, +0.016, +0.070, +0.035, +0.047, +0.047, +0.060, +0.090, +0.158, +0.214, +0.204
Station 9 lower 8 3 X-correction
+0.014, -0.053, -0.032, -0.012, -0.118, -0.114, -0.074, -0.092, -0.101, -0.050, -0.017, -0.042, -0.026, -0.038, -0.042, +0.061, -0.098, -0.111, -0.104, +0.092, -0.033, +0.014, +0.027, +0.194
Station 10 lower 8 3 X-correction
-0.120, +0.005, +0.045, +0.020, -0.165, +0.012, +0.062, +0.053, -0.197, -0.049, -0.001, -0.002, -0.005, +0.009, +0.018, -0.025, +0.042, +0.054, +0.071, +0.040, -0.005, -0.005, +0.032, +0.093
Station 11 lower 8 3 X-correction
-0.143, +0.030, +0.112, +0.103, -0.096, -0.026, +0.025, +0.059, -0.090, +0.052, +0.064, +0.080, +0.081, +0.075, +0.095, +0.104, +0.069, +0.036, +0.042, +0.093, +0.092, +0.117, +0.144, +0.254
* --- Y-corrections ---
Station 5 upper 8 3 Y-correction
+0.000, +0.000, +0.000, +0.000, +0.000, +0.112, -0.081, +0.024, +0.000, +0.038, -0.111, -0.044, -0.013, -0.093, -0.098, +0.000, +0.054, -0.021, +0.191, +0.000, +0.000, +0.000, +0.000, +0.000
Station 6 upper 8 3 Y-correction
+0.000, -0.294, -0.392, +0.035, -0.282, -0.179, -0.048, -0.017, -0.233, -0.088, -0.148, -0.093, -0.065, -0.083, -0.059, -0.044, -0.025, +0.001, -0.032, -0.158, +0.172, +0.095, -0.048, +0.000
Station 7 upper 8 3 Y-correction
-0.467, -0.229, -0.116, -0.048, -0.375, -0.146, -0.037, +0.005, -0.287, -0.131, -0.039, -0.024, +0.041, -0.063, -0.059, -0.024, -0.003, -0.013, -0.044, -0.124, -0.022, -0.034, -0.017, -0.208
Station 8 upper 8 3 Y-correction
-0.292, -0.144, -0.027, +0.073, -0.388, -0.238, -0.065, +0.016, -0.407, -0.252, -0.104, -0.058, -0.026, -0.041, -0.025, +0.019, -0.051, -0.035, -0.022, -0.047, +0.084, +0.097, +0.123, -0.085
Station 9 upper 8 3 Y-correction
-0.158, -0.040, +0.074, +0.102, -0.283, -0.059, +0.083, +0.121, -0.238, -0.039, +0.040, +0.034, +0.008, +0.049, +0.085, +0.180, +0.003, +0.047, +0.103, +0.157, +0.018, +0.093, +0.160, +0.213
Station 10 upper 8 3 Y-correction
+0.058, +0.105, +0.114, +0.058, -0.069, +0.071, +0.112, +0.063, -0.091, +0.025, +0.088, +0.024, -0.013, -0.008, -0.034, +0.010, -0.008, +0.034, -0.006, -0.003, +0.048, +0.110, +0.054, +0.016
Station 11 upper 8 3 Y-correction
-0.014, +0.161, +0.251, +0.292, -0.041, +0.102, +0.206, +0.172, -0.071, +0.060, +0.226, +0.169, +0.095, +0.036, +0.007, +0.055, +0.157, +0.156, +0.107, +0.124, +0.216, +0.212, +0.177, +0.179
Station 5 lower 8 3 Y-correction
+0.000, +0.000, +0.000, +0.000, +0.000, -0.224, -0.121, -0.120, +0.000, -0.265, -0.052, -0.026, -0.042, -0.097, -0.265, +0.000, -0.011, -0.017, -0.118, +0.000, +0.000, +0.000, +0.000, +0.000
Station 6 lower 8 3 Y-correction
+0.000, +0.082, -0.135, -0.099, -0.226, -0.122, -0.079, +0.034, -0.160, -0.156, -0.058, -0.005, +0.001, +0.005, +0.068, +0.018, +0.004, +0.074, +0.146, +0.362, -0.006, +0.155, +0.556, +0.000
Station 7 lower 8 3 Y-correction
+0.056, -0.155, -0.077, +0.014, -0.235, -0.174, -0.089, -0.063, -0.231, -0.157, -0.044, -0.056, -0.020, -0.080, -0.040, +0.039, -0.034, -0.035, +0.024, +0.199, +0.048, +0.101, +0.107, +0.227
Station 8 lower 8 3 Y-correction
+0.083, -0.022, +0.014, +0.040, -0.092, -0.068, -0.015, +0.015, -0.188, -0.073, +0.024, +0.003, +0.009, +0.038, +0.110, +0.114, -0.037, +0.034, +0.120, +0.201, +0.036, +0.118, +0.175, +0.331
Station 9 lower 8 3 Y-correction
-0.072, -0.085, +0.002, +0.030, -0.211, -0.141, -0.007, -0.001, -0.234, -0.086, +0.020, -0.015, -0.004, +0.005, +0.048, +0.075, -0.012, +0.021, +0.098, +0.194, +0.018, +0.049, +0.115, +0.237
Station 10 lower 8 3 Y-correction
-0.018, -0.062, +0.027, +0.052, -0.212, -0.066, +0.044, +0.098, -0.217, -0.025, +0.068, +0.070, +0.052, +0.060, +0.060, +0.081, +0.052, +0.057, +0.102, +0.091, +0.083, +0.101, +0.111, +0.169
Station 11 lower 8 3 Y-correction
-0.190, -0.043, +0.053, +0.059, -0.148, -0.008, +0.078, +0.071, -0.115, -0.004, +0.092, +0.058, +0.022, -0.005, -0.003, +0.066, +0.084, +0.109, +0.133, +0.120, +0.069, +0.073, +0.087, +0.161
* --------------------------------------------------
Run 7816 (current 440 uA)
Station 5 upper 8 3 X-correction
+0.000, +0.000, +0.000, +0.000, +0.000, -0.310, +0.109, +0.023, +0.000, -0.054, +0.048, +0.016, +0.017, -0.005, +0.071, +0.818, +0.023, -0.020, +0.028, +0.000, +0.000, +0.000, +0.000, +0.000
Station 6 upper 8 3 X-correction
+0.000, +0.000, -0.250, -0.136, -0.092, -0.087, -0.053, -0.083, +0.092, +0.024, -0.014, -0.012, +0.012, -0.041, +0.003, +0.146, -0.064, -0.086, -0.022, +0.044, +0.024, +0.016, +0.294, +0.000
Station 7 upper 8 3 X-correction
+0.156, +0.087, +0.074, +0.022, +0.060, +0.086, +0.097, +0.054, +0.073, +0.006, +0.012, +0.023, +0.026, +0.030, +0.058, +0.034, +0.071, +0.038, +0.026, +0.055, +0.001, -0.071, -0.039, +0.084
Station 8 upper 8 3 X-correction
-0.151, -0.115, -0.062, -0.020, +0.014, -0.042, -0.028, -0.029, +0.161, +0.051, +0.017, -0.010, +0.006, -0.012, -0.015, -0.042, -0.024, -0.031, +0.011, +0.047, +0.023, +0.047, +0.104, +0.267
Station 9 upper 8 3 X-correction
-0.166, -0.013, +0.018, +0.028, -0.067, +0.016, +0.056, +0.045, -0.035, -0.021, +0.033, -0.005, +0.004, +0.007, +0.028, +0.016, +0.031, +0.023, +0.038, +0.033, +0.022, +0.012, +0.042, +0.085
Station 10 upper 8 3 X-correction
-0.176, -0.057, +0.014, +0.049, -0.046, -0.017, +0.001, +0.003, -0.041, -0.028, +0.057, -0.009, +0.054, +0.016, +0.061, +0.129, +0.008, +0.004, +0.044, +0.129, +0.036, +0.034, +0.067, +0.176
Station 11 upper 8 3 X-correction
-0.183, -0.092, -0.024, +0.033, -0.162, -0.069, -0.061, -0.072, -0.222, -0.147, +0.168, +0.223, +0.211, -0.071, +0.020, +0.117, -0.036, -0.015, +0.013, +0.065, +0.037, -0.016, +0.030, +0.074
Station 5 lower 8 3 X-correction
+0.000, +0.000, +0.000, +0.000, +0.000, -0.062, -0.132, -0.104, +0.000, -0.163, -0.012, +0.026, -0.010, -0.107, -0.051, +0.000, -0.043, -0.160, -0.018, +0.000, +0.000, +0.000, +0.000, +0.000
Station 6 lower 8 3 X-correction
+0.000, -0.160, -0.283, +0.005, +0.026, +0.002, +0.066, +0.073, -0.006, -0.036, +0.066, +0.056, +0.051, -0.005, -0.066, -0.028, +0.091, +0.078, +0.032, -0.458, +0.110, +0.236, +0.598, +0.000
Station 7 lower 8 3 X-correction
-0.010, -0.195, -0.078, +0.091, -0.094, -0.059, -0.012, -0.023, -0.112, -0.042, +0.055, +0.031, +0.031, -0.004, +0.034, +0.267, -0.048, -0.063, -0.037, +0.056, +0.101, +0.159, +0.329, +0.566
Station 8 lower 8 3 X-correction
+0.097, +0.027, +0.040, +0.059, -0.061, +0.052, +0.078, +0.053, -0.024, +0.064, +0.074, +0.047, +0.030, +0.037, +0.013, +0.065, +0.035, +0.048, +0.051, +0.052, +0.086, +0.153, +0.209, +0.218
Station 9 lower 8 3 X-correction
-0.011, -0.053, -0.025, -0.006, -0.123, -0.112, -0.069, -0.085, -0.099, -0.047, -0.013, -0.038, -0.024, -0.034, -0.042, +0.066, -0.091, -0.105, -0.101, +0.076, -0.030, +0.014, +0.036, +0.202
Station 10 lower 8 3 X-correction
-0.120, -0.001, +0.047, +0.018, -0.172, +0.004, +0.059, +0.049, -0.199, -0.050, -0.001, -0.004, -0.006, +0.010, +0.016, -0.017, +0.040, +0.051, +0.066, +0.040, -0.006, -0.006, +0.037, +0.103
Station 11 lower 8 3 X-correction
+0.017, +0.027, +0.107, +0.100, -0.093, -0.024, +0.028, +0.058, -0.074, +0.046, +0.065, +0.080, +0.082, +0.074, +0.092, +0.105, +0.067, +0.036, +0.041, +0.099, +0.089, +0.110, +0.140, +0.245
* --- Y-corrections ---
Station 5 upper 8 3 Y-correction
+0.000, +0.000, +0.000, +0.000, +0.000, +0.063, -0.076, +0.027, +0.000, +0.024, -0.104, -0.043, -0.012, -0.095, -0.102, +0.000, +0.054, -0.009, +0.189, +0.000, +0.000, +0.000, +0.000, +0.000
Station 6 upper 8 3 Y-correction
+0.000, -0.294, -0.402, +0.047, -0.282, -0.193, -0.048, -0.014, -0.258, -0.104, -0.149, -0.092, -0.065, -0.085, -0.064, -0.065, -0.019, +0.006, -0.041, -0.201, +0.177, +0.061, -0.048, +0.000
Station 7 upper 8 3 Y-correction
-0.502, -0.242, -0.127, -0.045, -0.411, -0.157, -0.036, +0.009, -0.309, -0.145, -0.041, -0.025, +0.039, -0.062, -0.048, -0.024, -0.002, -0.011, -0.046, -0.143, -0.012, -0.021, -0.025, -0.221
Station 8 upper 8 3 Y-correction
-0.329, -0.149, -0.027, +0.069, -0.407, -0.251, -0.061, +0.022, -0.439, -0.264, -0.105, -0.059, -0.026, -0.043, -0.020, +0.021, -0.050, -0.032, -0.017, -0.051, +0.082, +0.092, +0.115, -0.067
Station 9 upper 8 3 Y-correction
-0.210, -0.053, +0.061, +0.102, -0.302, -0.075, +0.075, +0.121, -0.277, -0.058, +0.035, +0.028, +0.010, +0.042, +0.084, +0.168, +0.004, +0.044, +0.101, +0.147, +0.019, +0.097, +0.168, +0.197
Station 10 upper 8 3 Y-correction
+0.029, +0.075, +0.109, +0.060, -0.085, +0.056, +0.110, +0.066, -0.128, +0.013, +0.086, +0.025, -0.013, -0.011, -0.033, +0.016, -0.005, +0.039, +0.001, +0.002, +0.047, +0.108, +0.058, +0.011
Station 11 upper 8 3 Y-correction
-0.031, +0.130, +0.250, +0.292, -0.049, +0.093, +0.206, +0.172, -0.095, +0.056, +0.218, +0.173, +0.100, +0.039, +0.007, +0.066, +0.156, +0.152, +0.111, +0.124, +0.218, +0.209, +0.183, +0.180
Station 5 lower 8 3 Y-correction
+0.000, +0.000, +0.000, +0.000, +0.000, -0.224, -0.121, -0.126, +0.000, -0.258, -0.054, -0.028, -0.042, -0.092, -0.245, +0.000, -0.006, +0.001, -0.118, +0.000, +0.000, +0.000, +0.000, +0.000
Station 6 lower 8 3 Y-correction
+0.000, -0.055, -0.145, -0.138, -0.226, -0.142, -0.088, +0.028, -0.160, -0.169, -0.061, -0.010, -0.002, +0.009, +0.069, +0.018, +0.000, +0.084, +0.163, +0.362, +0.010, +0.169, +0.556, +0.000
Station 7 lower 8 3 Y-correction
+0.056, -0.190, -0.116, -0.020, -0.271, -0.188, -0.095, -0.061, -0.260, -0.173, -0.047, -0.058, -0.021, -0.075, -0.025, +0.039, -0.037, -0.025, +0.050, +0.213, +0.028, +0.107, +0.111, +0.251
Station 8 lower 8 3 Y-correction
+0.018, -0.064, -0.010, +0.021, -0.127, -0.089, -0.026, +0.010, -0.229, -0.087, +0.019, +0.001, +0.012, +0.040, +0.116, +0.118, -0.038, +0.038, +0.138, +0.210, +0.027, +0.115, +0.183, +0.338
Station 9 lower 8 3 Y-correction
-0.117, -0.112, -0.020, +0.021, -0.239, -0.163, -0.013, -0.001, -0.257, -0.102, +0.019, -0.014, -0.005, +0.007, +0.050, +0.094, -0.013, +0.025, +0.107, +0.208, +0.007, +0.042, +0.112, +0.258
Station 10 lower 8 3 Y-correction
-0.018, -0.080, +0.019, +0.050, -0.237, -0.084, +0.042, +0.097, -0.255, -0.038, +0.069, +0.071, +0.054, +0.059, +0.067, +0.082, +0.050, +0.063, +0.111, +0.116, +0.081, +0.098, +0.116, +0.186
Station 11 lower 8 3 Y-correction
-0.195, -0.057, +0.051, +0.056, -0.155, -0.033, +0.078, +0.071, -0.136, -0.005, +0.097, +0.066, +0.026, +0.004, +0.000, +0.082, +0.090, +0.113, +0.139, +0.147, +0.070, +0.074, +0.101, +0.171
* --------------------------------------------------
Run 7830 (updated 27.11.2023)
Station 5 upper 8 3 X-correction
+0.000, +0.000, +0.000, +0.000, +0.000, -0.155, +0.089, +0.023, +0.000, -0.056, +0.036, +0.010, +0.014, -0.001, +0.043, +0.409, +0.023, -0.009, +0.014, +0.000, +0.000, +0.000, +0.000, +0.000
Station 6 upper 8 3 X-correction
+0.000, +0.000, -0.156, -0.116, -0.046, -0.086, -0.074, -0.076, +0.046, +0.009, -0.017, -0.010, +0.006, -0.035, -0.008, +0.061, -0.056, -0.058, -0.017, +0.022, +0.001, +0.018, +0.147, +0.000
Station 7 upper 8 3 X-correction
+0.107, +0.104, +0.084, +0.032, +0.055, +0.077, +0.080, +0.050, +0.017, -0.009, +0.006, +0.023, +0.015, +0.031, +0.046, +0.025, +0.058, +0.036, +0.016, +0.032, +0.002, -0.053, -0.047, +0.023
Station 8 upper 8 3 X-correction
-0.147, -0.088, -0.052, -0.016, +0.007, -0.032, -0.035, -0.033, +0.119, +0.049, +0.012, -0.001, +0.002, -0.013, -0.024, -0.046, -0.028, -0.033, +0.003, +0.014, +0.017, +0.043, +0.081, +0.171
Station 9 upper 8 3 X-correction
-0.105, +0.004, +0.016, +0.010, -0.049, +0.026, +0.050, +0.038, -0.049, -0.003, +0.017, -0.007, -0.003, +0.000, +0.003, -0.007, +0.026, +0.018, +0.016, -0.004, +0.002, -0.008, +0.001, +0.005
Station 10 upper 8 3 X-correction
-0.080, -0.023, +0.017, +0.030, -0.017, +0.003, +0.008, +0.011, -0.007, +0.006, +0.029, -0.025, +0.025, +0.022, +0.037, +0.090, +0.009, +0.005, +0.026, +0.092, +0.020, +0.026, +0.042, +0.104
Station 11 upper 8 3 X-correction
-0.100, -0.066, -0.031, +0.001, -0.133, -0.075, -0.060, -0.058, -0.175, -0.130, +0.091, +0.173, +0.117, -0.069, +0.006, +0.051, -0.034, -0.019, -0.002, +0.020, +0.009, -0.023, +0.001, +0.001
Station 5 lower 8 3 X-correction
+0.000, +0.000, +0.000, +0.000, +0.000, -0.031, -0.105, -0.066, +0.000, -0.097, -0.026, +0.014, -0.014, -0.095, -0.113, +0.000, -0.035, -0.158, -0.009, +0.000, +0.000, +0.000, +0.000, +0.000
Station 6 lower 8 3 X-correction
+0.000, -0.080, -0.062, +0.091, +0.013, +0.021, +0.058, +0.060, -0.003, -0.007, +0.043, +0.036, +0.034, +0.014, -0.053, -0.014, +0.075, +0.057, +0.027, -0.229, +0.141, +0.325, +0.299, +0.000
Station 7 lower 8 3 X-correction
-0.005, -0.040, +0.005, +0.061, -0.053, -0.058, -0.024, -0.023, -0.069, -0.027, +0.029, +0.022, +0.022, +0.005, +0.038, +0.219, -0.042, -0.055, -0.026, +0.158, +0.059, +0.115, +0.225, +0.283
Station 8 lower 8 3 X-correction
+0.091, +0.044, +0.023, +0.020, -0.016, +0.059, +0.060, +0.046, +0.011, +0.062, +0.047, +0.038, +0.027, +0.030, +0.010, +0.005, +0.039, +0.053, +0.044, +0.024, +0.044, +0.087, +0.099, +0.090
Station 9 lower 8 3 X-correction
-0.010, -0.043, -0.036, -0.025, -0.068, -0.090, -0.078, -0.088, -0.060, -0.040, -0.029, -0.042, -0.022, -0.039, -0.046, +0.027, -0.088, -0.099, -0.096, +0.036, -0.035, -0.020, -0.020, +0.091
Station 10 lower 8 3 X-correction
-0.060, +0.014, +0.025, +0.008, -0.089, +0.019, +0.042, +0.034, -0.141, -0.035, -0.010, -0.012, -0.008, -0.002, +0.006, -0.023, +0.027, +0.043, +0.051, +0.015, -0.008, -0.010, +0.009, +0.026
Station 11 lower 8 3 X-correction
-0.063, +0.044, +0.093, +0.091, +0.002, +0.005, +0.025, +0.051, +0.006, +0.064, +0.070, +0.081, +0.061, +0.059, +0.076, +0.091, +0.052, +0.025, +0.035, +0.071, +0.098, +0.112, +0.120, +0.179
* --- Y-corrections ---
Station 5 upper 8 3 Y-correction
+0.000, +0.000, +0.000, +0.000, +0.000, +0.089, -0.044, +0.006, +0.000, +0.036, -0.076, -0.028, -0.007, -0.050, -0.046, +0.000, +0.018, -0.016, +0.103, +0.000, +0.000, +0.000, +0.000, +0.000
Station 6 upper 8 3 Y-correction
+0.000, -0.147, -0.276, +0.005, -0.141, -0.074, -0.036, -0.030, -0.139, -0.028, -0.087, -0.063, -0.042, -0.048, -0.029, +0.002, -0.025, -0.009, -0.015, -0.119, +0.078, +0.047, -0.024, +0.000
Station 7 upper 8 3 Y-correction
-0.233, -0.111, -0.061, -0.051, -0.169, -0.059, -0.022, -0.006, -0.097, -0.033, -0.009, -0.003, +0.033, -0.039, -0.039, +0.014, -0.004, -0.022, -0.031, -0.034, -0.043, -0.046, -0.013, -0.115
Station 8 upper 8 3 Y-correction
-0.081, -0.051, -0.009, +0.049, -0.165, -0.143, -0.063, -0.012, -0.196, -0.147, -0.081, -0.047, -0.028, -0.035, -0.029, -0.002, -0.042, -0.034, -0.028, -0.030, +0.049, +0.049, +0.056, -0.029
Station 9 upper 8 3 Y-correction
-0.035, -0.018, +0.038, +0.046, -0.115, -0.031, +0.035, +0.052, -0.079, -0.009, +0.021, +0.018, +0.004, +0.034, +0.066, +0.140, -0.010, +0.020, +0.069, +0.139, -0.005, +0.045, +0.103, +0.157
Station 10 upper 8 3 Y-correction
+0.070, +0.090, +0.046, -0.004, +0.008, +0.064, +0.047, +0.003, +0.003, +0.040, +0.033, -0.008, -0.025, -0.018, -0.036, -0.027, -0.031, -0.004, -0.030, -0.043, -0.001, +0.039, +0.003, -0.030
Station 11 upper 8 3 Y-correction
+0.022, +0.096, +0.153, +0.168, -0.012, +0.061, +0.127, +0.098, -0.054, +0.033, +0.122, +0.095, +0.065, +0.028, -0.004, +0.018, +0.107, +0.105, +0.068, +0.072, +0.143, +0.140, +0.092, +0.101
Station 5 lower 8 3 Y-correction
+0.000, +0.000, +0.000, +0.000, +0.000, -0.112, -0.083, -0.069, +0.000, -0.128, -0.034, -0.015, -0.025, -0.063, -0.155, +0.000, -0.023, -0.041, -0.059, +0.000, +0.000, +0.000, +0.000, +0.000
Station 6 lower 8 3 Y-correction
+0.000, +0.041, +0.012, -0.006, -0.113, -0.040, -0.027, +0.019, -0.080, -0.057, -0.025, +0.002, +0.006, +0.007, +0.047, +0.009, +0.003, +0.034, +0.069, +0.181, +0.022, +0.110, +0.278, +0.000
Station 7 lower 8 3 Y-correction
+0.028, -0.031, +0.010, +0.031, -0.080, -0.087, -0.051, -0.042, -0.101, -0.066, -0.027, -0.034, -0.016, -0.058, -0.037, +0.002, -0.027, -0.037, -0.020, +0.078, +0.040, +0.038, +0.010, +0.095
Station 8 lower 8 3 Y-correction
+0.102, +0.030, +0.034, +0.030, +0.014, +0.001, +0.005, +0.007, -0.031, -0.009, +0.017, +0.001, +0.005, +0.020, +0.054, +0.059, -0.019, +0.017, +0.055, +0.075, +0.025, +0.071, +0.072, +0.140
Station 9 lower 8 3 Y-correction
-0.025, -0.030, +0.000, +0.010, -0.093, -0.070, -0.011, -0.018, -0.097, -0.044, +0.000, -0.020, -0.014, -0.009, +0.012, +0.017, -0.022, -0.006, +0.030, +0.079, +0.009, +0.022, +0.041, +0.104
Station 10 lower 8 3 Y-correction
-0.009, -0.029, +0.008, +0.035, -0.070, -0.017, +0.021, +0.050, -0.092, -0.007, +0.027, +0.039, +0.029, +0.037, +0.032, +0.032, +0.022, +0.021, +0.040, +0.035, +0.042, +0.045, +0.041, +0.050
Station 11 lower 8 3 Y-correction
-0.080, +0.009, +0.034, +0.010, -0.046, +0.018, +0.037, +0.031, -0.035, -0.008, +0.033, +0.015, +0.000, -0.019, -0.019, +0.015, +0.041, +0.054, +0.054, +0.053, +0.032, +0.033, +0.028, +0.061
* --------------------------------------------------
Run 8000 (updated 21.11.2023)
Station 5 upper 8 3 X-correction
+0.000, +0.000, +0.000, +0.000, +0.000, -0.117, +0.082, +0.027, +0.000, -0.028, +0.038, +0.012, +0.015, +0.004, +0.042, +0.078, +0.024, -0.013, -0.014, +0.000, +0.000, +0.000, +0.000, +0.000
Station 6 upper 8 3 X-correction
+0.000, -0.206, -0.196, -0.104, -0.100, -0.092, -0.076, -0.084, +0.026, -0.002, -0.029, -0.020, -0.001, -0.034, -0.025, +0.029, -0.063, -0.071, -0.019, -0.028, -0.008, -0.005, +0.082, +0.000
Station 7 upper 8 3 X-correction
+0.093, +0.095, +0.094, +0.038, +0.058, +0.083, +0.083, +0.051, +0.003, -0.010, +0.005, +0.021, +0.017, +0.035, +0.058, +0.037, +0.058, +0.040, +0.024, +0.045, +0.010, -0.046, -0.055, +0.001
Station 8 upper 8 3 X-correction
-0.147, -0.093, -0.054, -0.015, +0.005, -0.038, -0.043, -0.039, +0.111, +0.043, +0.003, -0.006, -0.002, -0.011, -0.029, -0.058, -0.032, -0.034, -0.005, +0.004, +0.014, +0.040, +0.089, +0.181
Station 9 upper 8 3 X-correction
-0.083, +0.013, +0.019, +0.013, -0.039, +0.028, +0.053, +0.042, -0.045, +0.001, +0.017, -0.006, -0.001, +0.006, +0.005, -0.010, +0.031, +0.022, +0.019, +0.000, +0.007, -0.005, +0.002, +0.008
Station 10 upper 8 3 X-correction
-0.062, -0.029, +0.010, +0.022, -0.007, -0.001, +0.007, +0.011, -0.013, +0.007, +0.020, -0.030, +0.017, +0.017, +0.026, +0.062, +0.005, +0.001, +0.024, +0.080, +0.017, +0.014, +0.037, +0.081
Station 11 upper 8 3 X-correction
-0.082, -0.074, -0.033, -0.006, -0.113, -0.063, -0.054, -0.055, -0.148, -0.120, +0.080, +0.167, +0.109, -0.070, -0.008, +0.030, -0.036, -0.023, +0.004, +0.007, +0.007, -0.032, -0.007, -0.011
Station 5 lower 8 3 X-correction
+0.000, +0.000, +0.000, +0.000, +0.000, -0.470, -0.109, -0.074, +0.000, -0.215, -0.036, +0.008, -0.016, -0.116, -0.157, +0.000, -0.053, -0.156, -0.133, +0.000, +0.000, +0.000, +0.000, +0.000
Station 6 lower 8 3 X-correction
+0.000, -0.122, -0.013, +0.106, -0.130, +0.017, +0.049, +0.057, -0.013, -0.024, +0.042, +0.040, +0.038, +0.008, -0.042, -0.104, +0.071, +0.048, +0.006, +0.058, +0.105, +0.260, +0.480, -0.052
Station 7 lower 8 3 X-correction
+0.045, -0.039, -0.006, +0.034, -0.044, -0.072, -0.032, -0.027, -0.064, -0.041, +0.024, +0.020, +0.020, +0.001, +0.033, +0.273, -0.045, -0.066, -0.041, +0.175, +0.021, +0.057, +0.169, +0.440
Station 8 lower 8 3 X-correction
+0.148, +0.034, +0.014, +0.012, +0.008, +0.047, +0.062, +0.047, +0.028, +0.058, +0.044, +0.038, +0.028, +0.030, +0.013, +0.026, +0.040, +0.052, +0.041, +0.038, +0.036, +0.070, +0.102, +0.135
Station 9 lower 8 3 X-correction
-0.011, -0.052, -0.039, -0.032, -0.051, -0.094, -0.078, -0.086, -0.058, -0.046, -0.034, -0.044, -0.026, -0.041, -0.049, +0.030, -0.086, -0.100, -0.093, +0.033, -0.043, -0.033, -0.029, +0.100
Station 10 lower 8 3 X-correction
-0.050, +0.011, +0.032, +0.013, -0.075, +0.015, +0.040, +0.035, -0.130, -0.035, -0.010, -0.011, -0.003, +0.000, +0.006, -0.005, +0.027, +0.041, +0.051, +0.030, -0.001, -0.009, +0.016, +0.040
Station 11 lower 8 3 X-correction
-0.037, +0.020, +0.092, +0.087, -0.004, +0.003, +0.024, +0.047, +0.018, +0.067, +0.070, +0.076, +0.061, +0.053, +0.069, +0.083, +0.050, +0.021, +0.027, +0.075, +0.093, +0.104, +0.125, +0.167
* --------------------------------------------------

