ncrates
2

crate	crateID
0	0x68C99E
1	0x6912B2

nslots
15

crate	slot	dnltype		dnlfile
0	0	2		TDC_FFD_INL.dat
0	13	3		TDC64VHLE-076C-B905.ini
0	14	3		TDC64VHLE-076C-B8F5.ini
0	15	3		TDC64VHLE-076C-9F94.ini
0	16	3		TDC64VHLE-076C-9E50.ini
0	17	3		TDC64VHLE-FFE9-0439.ini
1	10	3		TDC64VHLE-FFE9-0439.ini
1	11	3		TDC64VHLE-076C-9E5B.ini
1	12	3		TDC64VHLE-06E9-0430.ini
1	13	3		TDC64VHLE-06E9-BA77.ini
1	14	3		TDC64VHLE-07A9-1EA9.ini
1	15	3		TDC64VHLE-07A9-1E90.ini
1	16	3		TDC64VHLE-07A9-1E87.ini
1	17	3		TDC64VHLE-07A9-1E9C.ini
1	18	3		TDC64VHLE-076C-B90E.ini
1	19	3		TDC64VHLE-06E9-0423.ini

nchambers
15

chamber		chamberID
0		16.2
1		28.1
2		3.1
3		17.2
4		29.1
5		4.1
6		18.2
7		30.1
8		5.1
9		19.2
10		31.1
11		6.1
12		20.2
13		32.1
14		2.1

crate	slot	channel		chamber		strip		side
0	13	0		0		1		1
0	13	1		0		2		1
0	13	2		0		3		1
0	13	3		0		4		1
0	13	4		0		5		1
0	13	5		0		6		1
0	13	6		0		7		1
0	13	7		0		8		1
0	13	8		0		9		1
0	13	9		0		10		1
0	13	10		0		11		1
0	13	11		0		12		1
0	13	12		0		13		1
0	13	13		0		14		1
0	13	14		0		15		1
0	13	15		0		16		1
0	13	16		0		1		2
0	13	17		0		2		2
0	13	18		0		3		2
0	13	19		0		4		2
0	13	20		0		5		2
0	13	21		0		6		2
0	13	22		0		7		2
0	13	23		0		8		2
0	13	24		0		9		2
0	13	25		0		10		2
0	13	26		0		11		2
0	13	27		0		12		2
0	13	28		0		13		2
0	13	29		0		14		2
0	13	30		0		15		2
0	13	31		0		16		2
0	13	32		0		17		1
0	13	33		0		18		1
0	13	34		0		19		1
0	13	35		0		20		1
0	13	36		0		21		1
0	13	37		0		22		1
0	13	38		0		23		1
0	13	39		0		24		1
0	13	40		0		25		1
0	13	41		0		26		1
0	13	42		0		27		1
0	13	43		0		28		1
0	13	44		0		29		1
0	13	45		0		30		1
0	13	46		0		31		1
0	13	47		0		32		1
0	13	48		0		17		2
0	13	49		0		18		2
0	13	50		0		19		2
0	13	51		0		20		2
0	13	52		0		21		2
0	13	53		0		22		2
0	13	54		0		23		2
0	13	55		0		24		2
0	13	56		0		25		2
0	13	57		0		26		2
0	13	58		0		27		2
0	13	59		0		28		2
0	13	60		0		29		2
0	13	61		0		30		2
0	13	62		0		31		2
0	13	63		0		32		2
0	14	0		6		1		1
0	14	1		6		2		1
0	14	2		6		3		1
0	14	3		6		4		1
0	14	4		6		5		1
0	14	5		6		6		1
0	14	6		6		7		1
0	14	7		6		8		1
0	14	8		6		9		1
0	14	9		6		10		1
0	14	10		6		11		1
0	14	11		6		12		1
0	14	12		6		13		1
0	14	13		6		14		1
0	14	14		6		15		1
0	14	15		6		16		1
0	14	16		6		1		2
0	14	17		6		2		2
0	14	18		6		3		2
0	14	19		6		4		2
0	14	20		6		5		2
0	14	21		6		6		2
0	14	22		6		7		2
0	14	23		6		8		2
0	14	24		6		9		2
0	14	25		6		10		2
0	14	26		6		11		2
0	14	27		6		12		2
0	14	28		6		13		2
0	14	29		6		14		2
0	14	30		6		15		2
0	14	31		6		16		2
0	14	32		6		17		1
0	14	33		6		18		1
0	14	34		6		19		1
0	14	35		6		20		1
0	14	36		6		21		1
0	14	37		6		22		1
0	14	38		6		23		1
0	14	39		6		24		1
0	14	40		6		25		1
0	14	41		6		26		1
0	14	42		6		27		1
0	14	43		6		28		1
0	14	44		6		29		1
0	14	45		6		30		1
0	14	46		6		31		1
0	14	47		6		32		1
0	14	48		6		17		2
0	14	49		6		18		2
0	14	50		6		19		2
0	14	51		6		20		2
0	14	52		6		21		2
0	14	53		6		22		2
0	14	54		6		23		2
0	14	55		6		24		2
0	14	56		6		25		2
0	14	57		6		26		2
0	14	58		6		27		2
0	14	59		6		28		2
0	14	60		6		29		2
0	14	61		6		30		2
0	14	62		6		31		2
0	14	63		6		32		2
0	15	0		12		1		1
0	15	1		12		2		1
0	15	2		12		3		1
0	15	3		12		4		1
0	15	4		12		5		1
0	15	5		12		6		1
0	15	6		12		7		1
0	15	7		12		8		1
0	15	8		12		9		1
0	15	9		12		10		1
0	15	10		12		11		1
0	15	11		12		12		1
0	15	12		12		13		1
0	15	13		12		14		1
0	15	14		12		15		1
0	15	15		12		16		1
0	15	16		12		1		2
0	15	17		12		2		2
0	15	18		12		3		2
0	15	19		12		4		2
0	15	20		12		5		2
0	15	21		12		6		2
0	15	22		12		7		2
0	15	23		12		8		2
0	15	24		12		9		2
0	15	25		12		10		2
0	15	26		12		11		2
0	15	27		12		12		2
0	15	28		12		13		2
0	15	29		12		14		2
0	15	30		12		15		2
0	15	31		12		16		2
0	15	32		12		17		1
0	15	33		12		18		1
0	15	34		12		19		1
0	15	35		12		20		1
0	15	36		12		21		1
0	15	37		12		22		1
0	15	38		12		23		1
0	15	39		12		24		1
0	15	40		12		25		1
0	15	41		12		26		1
0	15	42		12		27		1
0	15	43		12		28		1
0	15	44		12		29		1
0	15	45		12		30		1
0	15	46		12		31		1
0	15	47		12		32		1
0	15	48		12		17		2
0	15	49		12		18		2
0	15	50		12		19		2
0	15	51		12		20		2
0	15	52		12		21		2
0	15	53		12		22		2
0	15	54		12		23		2
0	15	55		12		24		2
0	15	56		12		25		2
0	15	57		12		26		2
0	15	58		12		27		2
0	15	59		12		28		2
0	15	60		12		29		2
0	15	61		12		30		2
0	15	62		12		31		2
0	15	63		12		32		2
0	16	0		3		1		1
0	16	1		3		2		1
0	16	2		3		3		1
0	16	3		3		4		1
0	16	4		3		5		1
0	16	5		3		6		1
0	16	6		3		7		1
0	16	7		3		8		1
0	16	8		3		9		1
0	16	9		3		10		1
0	16	10		3		11		1
0	16	11		3		12		1
0	16	12		3		13		1
0	16	13		3		14		1
0	16	14		3		15		1
0	16	15		3		16		1
0	16	16		3		1		2
0	16	17		3		2		2
0	16	18		3		3		2
0	16	19		3		4		2
0	16	20		3		5		2
0	16	21		3		6		2
0	16	22		3		7		2
0	16	23		3		8		2
0	16	24		3		9		2
0	16	25		3		10		2
0	16	26		3		11		2
0	16	27		3		12		2
0	16	28		3		13		2
0	16	29		3		14		2
0	16	30		3		15		2
0	16	31		3		16		2
0	16	32		3		17		1
0	16	33		3		18		1
0	16	34		3		19		1
0	16	35		3		20		1
0	16	36		3		21		1
0	16	37		3		22		1
0	16	38		3		23		1
0	16	39		3		24		1
0	16	40		3		25		1
0	16	41		3		26		1
0	16	42		3		27		1
0	16	43		3		28		1
0	16	44		3		29		1
0	16	45		3		30		1
0	16	46		3		31		1
0	16	47		3		32		1
0	16	48		3		17		2
0	16	49		3		18		2
0	16	50		3		19		2
0	16	51		3		20		2
0	16	52		3		21		2
0	16	53		3		22		2
0	16	54		3		23		2
0	16	55		3		24		2
0	16	56		3		25		2
0	16	57		3		26		2
0	16	58		3		27		2
0	16	59		3		28		2
0	16	60		3		29		2
0	16	61		3		30		2
0	16	62		3		31		2
0	16	63		3		32		2
0	17	0		9		1		1
0	17	1		9		2		1
0	17	2		9		3		1
0	17	3		9		4		1
0	17	4		9		5		1
0	17	5		9		6		1
0	17	6		9		7		1
0	17	7		9		8		1
0	17	8		9		9		1
0	17	9		9		10		1
0	17	10		9		11		1
0	17	11		9		12		1
0	17	12		9		13		1
0	17	13		9		14		1
0	17	14		9		15		1
0	17	15		9		16		1
0	17	16		9		1		2
0	17	17		9		2		2
0	17	18		9		3		2
0	17	19		9		4		2
0	17	20		9		5		2
0	17	21		9		6		2
0	17	22		9		7		2
0	17	23		9		8		2
0	17	24		9		9		2
0	17	25		9		10		2
0	17	26		9		11		2
0	17	27		9		12		2
0	17	28		9		13		2
0	17	29		9		14		2
0	17	30		9		15		2
0	17	31		9		16		2
0	17	32		9		17		1
0	17	33		9		18		1
0	17	34		9		19		1
0	17	35		9		20		1
0	17	36		9		21		1
0	17	37		9		22		1
0	17	38		9		23		1
0	17	39		9		24		1
0	17	40		9		25		1
0	17	41		9		26		1
0	17	42		9		27		1
0	17	43		9		28		1
0	17	44		9		29		1
0	17	45		9		30		1
0	17	46		9		31		1
0	17	47		9		32		1
0	17	48		9		17		2
0	17	49		9		18		2
0	17	50		9		19		2
0	17	51		9		20		2
0	17	52		9		21		2
0	17	53		9		22		2
0	17	54		9		23		2
0	17	55		9		24		2
0	17	56		9		25		2
0	17	57		9		26		2
0	17	58		9		27		2
0	17	59		9		28		2
0	17	60		9		29		2
0	17	61		9		30		2
0	17	62		9		31		2
0	17	63		9		32		2
1	10	0		13		1		1
1	10	1		13		2		1
1	10	2		13		3		1
1	10	3		13		4		1
1	10	4		13		5		1
1	10	5		13		6		1
1	10	6		13		7		1
1	10	7		13		8		1
1	10	8		13		9		1
1	10	9		13		10		1
1	10	10		13		11		1
1	10	11		13		12		1
1	10	12		13		13		1
1	10	13		13		14		1
1	10	14		13		15		1
1	10	15		13		16		1
1	10	16		13		1		2
1	10	17		13		2		2
1	10	18		13		3		2
1	10	19		13		4		2
1	10	20		13		5		2
1	10	21		13		6		2
1	10	22		13		7		2
1	10	23		13		8		2
1	10	24		13		9		2
1	10	25		13		10		2
1	10	26		13		11		2
1	10	27		13		12		2
1	10	28		13		13		2
1	10	29		13		14		2
1	10	30		13		15		2
1	10	31		13		16		2
1	10	32		13		17		1
1	10	33		13		18		1
1	10	34		13		19		1
1	10	35		13		20		1
1	10	36		13		21		1
1	10	37		13		22		1
1	10	38		13		23		1
1	10	39		13		24		1
1	10	40		13		25		1
1	10	41		13		26		1
1	10	42		13		27		1
1	10	43		13		28		1
1	10	44		13		29		1
1	10	45		13		30		1
1	10	46		13		31		1
1	10	47		13		32		1
1	10	48		13		17		2
1	10	49		13		18		2
1	10	50		13		19		2
1	10	51		13		20		2
1	10	52		13		21		2
1	10	53		13		22		2
1	10	54		13		23		2
1	10	55		13		24		2
1	10	56		13		25		2
1	10	57		13		26		2
1	10	58		13		27		2
1	10	59		13		28		2
1	10	60		13		29		2
1	10	61		13		30		2
1	10	62		13		31		2
1	10	63		13		32		2
1	11	0		7		1		1
1	11	1		7		2		1
1	11	2		7		3		1
1	11	3		7		4		1
1	11	4		7		5		1
1	11	5		7		6		1
1	11	6		7		7		1
1	11	7		7		8		1
1	11	8		7		9		1
1	11	9		7		10		1
1	11	10		7		11		1
1	11	11		7		12		1
1	11	12		7		13		1
1	11	13		7		14		1
1	11	14		7		15		1
1	11	15		7		16		1
1	11	16		7		1		2
1	11	17		7		2		2
1	11	18		7		3		2
1	11	19		7		4		2
1	11	20		7		5		2
1	11	21		7		6		2
1	11	22		7		7		2
1	11	23		7		8		2
1	11	24		7		9		2
1	11	25		7		10		2
1	11	26		7		11		2
1	11	27		7		12		2
1	11	28		7		13		2
1	11	29		7		14		2
1	11	30		7		15		2
1	11	31		7		16		2
1	11	32		7		17		1
1	11	33		7		18		1
1	11	34		7		19		1
1	11	35		7		20		1
1	11	36		7		21		1
1	11	37		7		22		1
1	11	38		7		23		1
1	11	39		7		24		1
1	11	40		7		25		1
1	11	41		7		26		1
1	11	42		7		27		1
1	11	43		7		28		1
1	11	44		7		29		1
1	11	45		7		30		1
1	11	46		7		31		1
1	11	47		7		32		1
1	11	48		7		17		2
1	11	49		7		18		2
1	11	50		7		19		2
1	11	51		7		20		2
1	11	52		7		21		2
1	11	53		7		22		2
1	11	54		7		23		2
1	11	55		7		24		2
1	11	56		7		25		2
1	11	57		7		26		2
1	11	58		7		27		2
1	11	59		7		28		2
1	11	60		7		29		2
1	11	61		7		30		2
1	11	62		7		31		2
1	11	63		7		32		2
1	12	0		1		1		1
1	12	1		1		2		1
1	12	2		1		3		1
1	12	3		1		4		1
1	12	4		1		5		1
1	12	5		1		6		1
1	12	6		1		7		1
1	12	7		1		8		1
1	12	8		1		9		1
1	12	9		1		10		1
1	12	10		1		11		1
1	12	11		1		12		1
1	12	12		1		13		1
1	12	13		1		14		1
1	12	14		1		15		1
1	12	15		1		16		1
1	12	16		1		1		2
1	12	17		1		2		2
1	12	18		1		3		2
1	12	19		1		4		2
1	12	20		1		5		2
1	12	21		1		6		2
1	12	22		1		7		2
1	12	23		1		8		2
1	12	24		1		9		2
1	12	25		1		10		2
1	12	26		1		11		2
1	12	27		1		12		2
1	12	28		1		13		2
1	12	29		1		14		2
1	12	30		1		15		2
1	12	31		1		16		2
1	12	32		1		17		1
1	12	33		1		18		1
1	12	34		1		19		1
1	12	35		1		20		1
1	12	36		1		21		1
1	12	37		1		22		1
1	12	38		1		23		1
1	12	39		1		24		1
1	12	40		1		25		1
1	12	41		1		26		1
1	12	42		1		27		1
1	12	43		1		28		1
1	12	44		1		29		1
1	12	45		1		30		1
1	12	46		1		31		1
1	12	47		1		32		1
1	12	48		1		17		2
1	12	49		1		18		2
1	12	50		1		19		2
1	12	51		1		20		2
1	12	52		1		21		2
1	12	53		1		22		2
1	12	54		1		23		2
1	12	55		1		24		2
1	12	56		1		25		2
1	12	57		1		26		2
1	12	58		1		27		2
1	12	59		1		28		2
1	12	60		1		29		2
1	12	61		1		30		2
1	12	62		1		31		2
1	12	63		1		32		2
1	13	0		11		1		1
1	13	1		11		2		1
1	13	2		11		3		1
1	13	3		11		4		1
1	13	4		11		5		1
1	13	5		11		6		1
1	13	6		11		7		1
1	13	7		11		8		1
1	13	8		11		9		1
1	13	9		11		10		1
1	13	10		11		11		1
1	13	11		11		12		1
1	13	12		11		13		1
1	13	13		11		14		1
1	13	14		11		15		1
1	13	15		11		16		1
1	13	16		11		1		2
1	13	17		11		2		2
1	13	18		11		3		2
1	13	19		11		4		2
1	13	20		11		5		2
1	13	21		11		6		2
1	13	22		11		7		2
1	13	23		11		8		2
1	13	24		11		9		2
1	13	25		11		10		2
1	13	26		11		11		2
1	13	27		11		12		2
1	13	28		11		13		2
1	13	29		11		14		2
1	13	30		11		15		2
1	13	31		11		16		2
1	13	32		11		17		1
1	13	33		11		18		1
1	13	34		11		19		1
1	13	35		11		20		1
1	13	36		11		21		1
1	13	37		11		22		1
1	13	38		11		23		1
1	13	39		11		24		1
1	13	40		11		25		1
1	13	41		11		26		1
1	13	42		11		27		1
1	13	43		11		28		1
1	13	44		11		29		1
1	13	45		11		30		1
1	13	46		11		31		1
1	13	47		11		32		1
1	13	48		11		17		2
1	13	49		11		18		2
1	13	50		11		19		2
1	13	51		11		20		2
1	13	52		11		21		2
1	13	53		11		22		2
1	13	54		11		23		2
1	13	55		11		24		2
1	13	56		11		25		2
1	13	57		11		26		2
1	13	58		11		27		2
1	13	59		11		28		2
1	13	60		11		29		2
1	13	61		11		30		2
1	13	62		11		31		2
1	13	63		11		32		2
1	14	0		5		1		1
1	14	1		5		2		1
1	14	2		5		3		1
1	14	3		5		4		1
1	14	4		5		5		1
1	14	5		5		6		1
1	14	6		5		7		1
1	14	7		5		8		1
1	14	8		5		9		1
1	14	9		5		10		1
1	14	10		5		11		1
1	14	11		5		12		1
1	14	12		5		13		1
1	14	13		5		14		1
1	14	14		5		15		1
1	14	15		5		16		1
1	14	16		5		1		2
1	14	17		5		2		2
1	14	18		5		3		2
1	14	19		5		4		2
1	14	20		5		5		2
1	14	21		5		6		2
1	14	22		5		7		2
1	14	23		5		8		2
1	14	24		5		9		2
1	14	25		5		10		2
1	14	26		5		11		2
1	14	27		5		12		2
1	14	28		5		13		2
1	14	29		5		14		2
1	14	30		5		15		2
1	14	31		5		16		2
1	14	32		5		17		1
1	14	33		5		18		1
1	14	34		5		19		1
1	14	35		5		20		1
1	14	36		5		21		1
1	14	37		5		22		1
1	14	38		5		23		1
1	14	39		5		24		1
1	14	40		5		25		1
1	14	41		5		26		1
1	14	42		5		27		1
1	14	43		5		28		1
1	14	44		5		29		1
1	14	45		5		30		1
1	14	46		5		31		1
1	14	47		5		32		1
1	14	48		5		17		2
1	14	49		5		18		2
1	14	50		5		19		2
1	14	51		5		20		2
1	14	52		5		21		2
1	14	53		5		22		2
1	14	54		5		23		2
1	14	55		5		24		2
1	14	56		5		25		2
1	14	57		5		26		2
1	14	58		5		27		2
1	14	59		5		28		2
1	14	60		5		29		2
1	14	61		5		30		2
1	14	62		5		31		2
1	14	63		5		32		2
1	15	0		14		1		1
1	15	1		14		2		1
1	15	2		14		3		1
1	15	3		14		4		1
1	15	4		14		5		1
1	15	5		14		6		1
1	15	6		14		7		1
1	15	7		14		8		1
1	15	8		14		9		1
1	15	9		14		10		1
1	15	10		14		11		1
1	15	11		14		12		1
1	15	12		14		13		1
1	15	13		14		14		1
1	15	14		14		15		1
1	15	15		14		16		1
1	15	16		14		1		2
1	15	17		14		2		2
1	15	18		14		3		2
1	15	19		14		4		2
1	15	20		14		5		2
1	15	21		14		6		2
1	15	22		14		7		2
1	15	23		14		8		2
1	15	24		14		9		2
1	15	25		14		10		2
1	15	26		14		11		2
1	15	27		14		12		2
1	15	28		14		13		2
1	15	29		14		14		2
1	15	30		14		15		2
1	15	31		14		16		2
1	15	32		14		17		1
1	15	33		14		18		1
1	15	34		14		19		1
1	15	35		14		20		1
1	15	36		14		21		1
1	15	37		14		22		1
1	15	38		14		23		1
1	15	39		14		24		1
1	15	40		14		25		1
1	15	41		14		26		1
1	15	42		14		27		1
1	15	43		14		28		1
1	15	44		14		29		1
1	15	45		14		30		1
1	15	46		14		31		1
1	15	47		14		32		1
1	15	48		14		17		2
1	15	49		14		18		2
1	15	50		14		19		2
1	15	51		14		20		2
1	15	52		14		21		2
1	15	53		14		22		2
1	15	54		14		23		2
1	15	55		14		24		2
1	15	56		14		25		2
1	15	57		14		26		2
1	15	58		14		27		2
1	15	59		14		28		2
1	15	60		14		29		2
1	15	61		14		30		2
1	15	62		14		31		2
1	15	63		14		32		2
1	16	0		10		1		1
1	16	1		10		2		1
1	16	2		10		3		1
1	16	3		10		4		1
1	16	4		10		5		1
1	16	5		10		6		1
1	16	6		10		7		1
1	16	7		10		8		1
1	16	8		10		9		1
1	16	9		10		10		1
1	16	10		10		11		1
1	16	11		10		12		1
1	16	12		10		13		1
1	16	13		10		14		1
1	16	14		10		15		1
1	16	15		10		16		1
1	16	16		10		1		2
1	16	17		10		2		2
1	16	18		10		3		2
1	16	19		10		4		2
1	16	20		10		5		2
1	16	21		10		6		2
1	16	22		10		7		2
1	16	23		10		8		2
1	16	24		10		9		2
1	16	25		10		10		2
1	16	26		10		11		2
1	16	27		10		12		2
1	16	28		10		13		2
1	16	29		10		14		2
1	16	30		10		15		2
1	16	31		10		16		2
1	16	32		10		17		1
1	16	33		10		18		1
1	16	34		10		19		1
1	16	35		10		20		1
1	16	36		10		21		1
1	16	37		10		22		1
1	16	38		10		23		1
1	16	39		10		24		1
1	16	40		10		25		1
1	16	41		10		26		1
1	16	42		10		27		1
1	16	43		10		28		1
1	16	44		10		29		1
1	16	45		10		30		1
1	16	46		10		31		1
1	16	47		10		32		1
1	16	48		10		17		2
1	16	49		10		18		2
1	16	50		10		19		2
1	16	51		10		20		2
1	16	52		10		21		2
1	16	53		10		22		2
1	16	54		10		23		2
1	16	55		10		24		2
1	16	56		10		25		2
1	16	57		10		26		2
1	16	58		10		27		2
1	16	59		10		28		2
1	16	60		10		29		2
1	16	61		10		30		2
1	16	62		10		31		2
1	16	63		10		32		2
1	17	0		4		1		1
1	17	1		4		2		1
1	17	2		4		3		1
1	17	3		4		4		1
1	17	4		4		5		1
1	17	5		4		6		1
1	17	6		4		7		1
1	17	7		4		8		1
1	17	8		4		9		1
1	17	9		4		10		1
1	17	10		4		11		1
1	17	11		4		12		1
1	17	12		4		13		1
1	17	13		4		14		1
1	17	14		4		15		1
1	17	15		4		16		1
1	17	16		4		1		2
1	17	17		4		2		2
1	17	18		4		3		2
1	17	19		4		4		2
1	17	20		4		5		2
1	17	21		4		6		2
1	17	22		4		7		2
1	17	23		4		8		2
1	17	24		4		9		2
1	17	25		4		10		2
1	17	26		4		11		2
1	17	27		4		12		2
1	17	28		4		13		2
1	17	29		4		14		2
1	17	30		4		15		2
1	17	31		4		16		2
1	17	32		4		17		1
1	17	33		4		18		1
1	17	34		4		19		1
1	17	35		4		20		1
1	17	36		4		21		1
1	17	37		4		22		1
1	17	38		4		23		1
1	17	39		4		24		1
1	17	40		4		25		1
1	17	41		4		26		1
1	17	42		4		27		1
1	17	43		4		28		1
1	17	44		4		29		1
1	17	45		4		30		1
1	17	46		4		31		1
1	17	47		4		32		1
1	17	48		4		17		2
1	17	49		4		18		2
1	17	50		4		19		2
1	17	51		4		20		2
1	17	52		4		21		2
1	17	53		4		22		2
1	17	54		4		23		2
1	17	55		4		24		2
1	17	56		4		25		2
1	17	57		4		26		2
1	17	58		4		27		2
1	17	59		4		28		2
1	17	60		4		29		2
1	17	61		4		30		2
1	17	62		4		31		2
1	17	63		4		32		2
1	18	0		8		1		1
1	18	1		8		2		1
1	18	2		8		3		1
1	18	3		8		4		1
1	18	4		8		5		1
1	18	5		8		6		1
1	18	6		8		7		1
1	18	7		8		8		1
1	18	8		8		9		1
1	18	9		8		10		1
1	18	10		8		11		1
1	18	11		8		12		1
1	18	12		8		13		1
1	18	13		8		14		1
1	18	14		8		15		1
1	18	15		8		16		1
1	18	16		8		1		2
1	18	17		8		2		2
1	18	18		8		3		2
1	18	19		8		4		2
1	18	20		8		5		2
1	18	21		8		6		2
1	18	22		8		7		2
1	18	23		8		8		2
1	18	24		8		9		2
1	18	25		8		10		2
1	18	26		8		11		2
1	18	27		8		12		2
1	18	28		8		13		2
1	18	29		8		14		2
1	18	30		8		15		2
1	18	31		8		16		2
1	18	32		8		17		1
1	18	33		8		18		1
1	18	34		8		19		1
1	18	35		8		20		1
1	18	36		8		21		1
1	18	37		8		22		1
1	18	38		8		23		1
1	18	39		8		24		1
1	18	40		8		25		1
1	18	41		8		26		1
1	18	42		8		27		1
1	18	43		8		28		1
1	18	44		8		29		1
1	18	45		8		30		1
1	18	46		8		31		1
1	18	47		8		32		1
1	18	48		8		17		2
1	18	49		8		18		2
1	18	50		8		19		2
1	18	51		8		20		2
1	18	52		8		21		2
1	18	53		8		22		2
1	18	54		8		23		2
1	18	55		8		24		2
1	18	56		8		25		2
1	18	57		8		26		2
1	18	58		8		27		2
1	18	59		8		28		2
1	18	60		8		29		2
1	18	61		8		30		2
1	18	62		8		31		2
1	18	63		8		32		2
1	19	0		2		1		1
1	19	1		2		2		1
1	19	2		2		3		1
1	19	3		2		4		1
1	19	4		2		5		1
1	19	5		2		6		1
1	19	6		2		7		1
1	19	7		2		8		1
1	19	8		2		9		1
1	19	9		2		10		1
1	19	10		2		11		1
1	19	11		2		12		1
1	19	12		2		13		1
1	19	13		2		14		1
1	19	14		2		15		1
1	19	15		2		16		1
1	19	16		2		1		2
1	19	17		2		2		2
1	19	18		2		3		2
1	19	19		2		4		2
1	19	20		2		5		2
1	19	21		2		6		2
1	19	22		2		7		2
1	19	23		2		8		2
1	19	24		2		9		2
1	19	25		2		10		2
1	19	26		2		11		2
1	19	27		2		12		2
1	19	28		2		13		2
1	19	29		2		14		2
1	19	30		2		15		2
1	19	31		2		16		2
1	19	33		2		18		1
1	19	34		2		19		1
1	19	35		2		20		1
1	19	36		2		21		1
1	19	37		2		22		1
1	19	38		2		23		1
1	19	39		2		24		1
1	19	40		2		25		1
1	19	41		2		26		1
1	19	42		2		27		1
1	19	43		2		28		1
1	19	44		2		29		1
1	19	45		2		30		1
1	19	46		2		31		1
1	19	47		2		32		1
1	19	49		2		18		2
1	19	50		2		19		2
1	19	51		2		20		2
1	19	52		2		21		2
1	19	53		2		22		2
1	19	54		2		23		2
1	19	55		2		24		2
1	19	56		2		25		2
1	19	57		2		26		2
1	19	58		2		27		2
1	19	59		2		28		2
1	19	60		2		29		2
1	19	61		2		30		2
1	19	62		2		31		2
1	19	63		2		32		2
