-280 -222 -137 -30 -30
2.10037 0.0148202 2.61503e-05 0 0
-0.183244 -0.0270227 -0.000209074 -4.19864e-07 0
1.0469 0.00245718 4.42888e-05 4.68075e-07 9.52299e-10
0
-280 -223 -138 -30 -30
2.18296 0.0154106 2.72067e-05 0 0
0.162209 -0.0212009 -0.000176351 -3.59266e-07 0
1.04263 0.00226377 4.25116e-05 4.69136e-07 1.00703e-09
0
-280 -231 -146 -30 -30
2.6184 0.0181433 3.14073e-05 0 0
-0.468446 -0.0305842 -0.000215153 -4.04914e-07 0
1.04353 0.00217184 3.50484e-05 3.31706e-07 5.03359e-10
0
-280 -232 -147 -30 -30
2.68455 0.0186392 3.23385e-05 0 0
-0.41412 -0.0300623 -0.000213997 -4.05385e-07 0
1.03127 0.00137942 1.8476e-05 1.96408e-07 1.36483e-10
0
-280 -229 -144 -30 -30
2.46934 0.0171938 2.99179e-05 0 0
-0.426658 -0.030702 -0.000221616 -4.26613e-07 0
1.0319 0.00156715 2.59656e-05 2.82211e-07 3.92368e-10
0
-280 -229 -144 -30 -30
2.55682 0.0178415 3.11117e-05 0 0
-0.137429 -0.0262128 -0.000198518 -3.87333e-07 0
1.0439 0.00232254 4.17178e-05 4.06343e-07 7.29425e-10
0
-280 -229 -144 -31 -31
2.50756 0.0174711 3.04196e-05 0 0
-0.235699 -0.0276007 -0.000204324 -3.94341e-07 0
1.02974 0.00143407 2.29532e-05 2.50247e-07 2.92527e-10
0
-280 -229 -144 -31 -31
2.48672 0.0173278 3.01748e-05 0 0
-0.204109 -0.02711 -0.000202018 -3.91034e-07 0
1.04046 0.0020359 3.45165e-05 3.42144e-07 5.4644e-10
0
-260 -241 -156 -11 -11
5.67496 0.0394997 6.80003e-05 0 0
-2.24581 -0.0563335 -0.000317588 -5.1579e-07 0
1.00083 -7.1713e-06 -1.59862e-05 -2.05488e-07 -1.04755e-09
0
-260 -241 -156 -11 -11
5.62926 0.0389907 6.6722e-05 0 0
-2.54447 -0.0609008 -0.000340696 -5.54595e-07 0
1.00185 6.50463e-05 -1.39528e-05 -1.82048e-07 -9.64579e-10
0
-260 -244 -159 -11 -11
6.15552 0.0417482 6.95539e-05 0 0
-2.35058 -0.0558284 -0.000301137 -4.65718e-07 0
0.997589 -0.000292816 -2.202e-05 -2.42809e-07 -1.05808e-09
0
-260 -244 -159 -11 -11
5.0092 0.0327691 5.19704e-05 0 0
-2.09325 -0.0520981 -0.000283763 -4.39364e-07 0
0.999009 -0.000142317 -1.78392e-05 -2.05155e-07 -9.56317e-10
0
-260 -244 -159 -11 -11
5.56485 0.0373194 6.12551e-05 0 0
-2.73775 -0.062232 -0.000336249 -5.28421e-07 0
0.999577 -0.000117759 -1.8171e-05 -2.12991e-07 -9.86102e-10
0
-260 -244 -159 -11 -11
6.94149 0.0480214 8.20513e-05 0 0
-2.66982 -0.0613219 -0.000331355 -5.19209e-07 0
0.999252 -0.000143746 -1.85802e-05 -2.17784e-07 -9.95682e-10
0
-260 -244 -159 -11 -11
5.83421 0.0393481 6.50785e-05 0 0
-2.45749 -0.057731 -0.000312073 -4.85831e-07 0
0.997945 -0.000282234 -2.20926e-05 -2.48211e-07 -1.08748e-09
0
-260 -244 -159 -11 -11
5.20137 0.0342286 5.47482e-05 0 0
-2.88305 -0.0641629 -0.000343417 -5.35622e-07 0
0.999668 -0.00013115 -1.81338e-05 -2.14609e-07 -9.88872e-10
0
