-260 -204 -119 -11 -11
2.19964 0.0170159 3.29179e-05 0 0
-0.298254 -0.0319784 -0.000260981 -5.58689e-07 0
1.00704 0.000707933 1.44208e-05 2.05992e-07 -1.32373e-10
0
-260 -207 -122 -11 -11
2.32116 0.0178793 3.44406e-05 0 0
-0.449817 -0.0349531 -0.000277077 -5.85227e-07 0
1.00774 0.000781878 1.73737e-05 2.27971e-07 -1.84121e-11
0
-260 -217 -132 -11 -11
3.02604 0.022827 4.30425e-05 0 0
-0.659009 -0.0366363 -0.000266694 -5.25599e-07 0
1.00617 0.000561805 6.50974e-06 7.90129e-08 -4.12045e-10
0
-260 -217 -132 -11 -11
3.0509 0.0229781 4.32551e-05 0 0
-0.650486 -0.0364763 -0.00026533 -5.21996e-07 0
1.00441 0.000387496 3.08335e-06 4.30795e-08 -5.47733e-10
0
-260 -214 -129 -11 -11
2.76201 0.0209154 3.95946e-05 0 0
-0.655888 -0.0373486 -0.000276671 -5.54824e-07 0
1.00577 0.000549255 9.00183e-06 1.00824e-07 -4.31372e-10
0
-260 -214 -129 -11 -11
2.79197 0.0211671 4.01211e-05 0 0
-0.57946 -0.0362496 -0.000271976 -5.49154e-07 0
1.00621 0.000603395 1.08413e-05 1.15022e-07 -4.09573e-10
0
-260 -214 -129 -11 -11
2.87066 0.0217989 4.13866e-05 0 0
-0.6629 -0.0375388 -0.000277579 -5.55788e-07 0
1.00527 0.000502659 7.0309e-06 6.61637e-08 -5.88403e-10
0
-260 -214 -129 -11 -11
2.89179 0.0219551 4.16756e-05 0 0
-0.73169 -0.0388576 -0.000285684 -5.72072e-07 0
1.00612 0.000582057 9.56595e-06 9.7198e-08 -4.58452e-10
0
-225 -193 -108 24 24
4.81016 0.0434103 9.79356e-05 0 0
0.793012 -0.01043 -0.000113525 -2.12977e-07 0
0.997538 0.000249917 -4.78772e-06 -1.86715e-07 -2.13714e-09
0
-225 -195 -110 24 24
5.71266 0.051549 0.000116285 0 0
0.82098 -0.00973964 -0.000107323 -1.98217e-07 0
0.997341 0.000260877 -4.72589e-06 -1.7925e-07 -2.0239e-09
0
-225 -205 -120 24 24
14.838 0.132271 0.000294779 0 0
0.762021 -0.0110293 -0.00011006 -1.98102e-07 0
0.999285 0.000239329 -8.8563e-06 -2.03308e-07 -1.71082e-09
0
-225 -204 -119 24 24
14.489 0.129329 0.000288597 0 0
0.69891 -0.0122418 -0.00011808 -2.15368e-07 0
0.999224 0.000246308 -8.97522e-06 -2.11393e-07 -1.77633e-09
0
-225 -202 -117 24 24
11.5769 0.103265 0.000230289 0 0
0.646559 -0.0133687 -0.000125917 -2.30681e-07 0
0.998702 0.000247553 -7.24276e-06 -2.07969e-07 -1.86714e-09
0
-225 -203 -118 24 24
12.4268 0.110724 0.000246648 0 0
0.624355 -0.0139081 -0.000128638 -2.34619e-07 0
0.999139 0.000223989 -7.28832e-06 -2.10812e-07 -1.85822e-09
0
-225 -203 -118 24 24
11.1014 0.0982702 0.000217472 0 0
1.01835 -0.0064607 -8.81881e-05 -1.68929e-07 0
0.998756 0.000151432 -4.38051e-06 -7.5027e-08 -1.13082e-09
0
-225 -203 -118 24 24
12.1828 0.108562 0.000241857 0 0
0.764992 -0.0111104 -0.000110696 -1.96951e-07 0
0.999199 0.000212584 -6.86509e-06 -2.03663e-07 -1.84908e-09
0
