-260 -205 -120 -11 -11
2.207 0.0170156 3.28075e-05 0 0
-0.31149 -0.0321742 -0.000261534 -5.58642e-07 0
1.00748 0.000758485 1.58441e-05 2.3065e-07 1.14668e-11
0
-260 -207 -122 -11 -11
2.33984 0.01802 3.47041e-05 0 0
-0.535384 -0.0364029 -0.000286069 -6.04632e-07 0
1.00845 0.000856677 1.88175e-05 2.51404e-07 7.9805e-11
0
-260 -217 -132 -11 -11
3.17839 0.024028 4.54104e-05 0 0
-0.723568 -0.0376133 -0.000271653 -5.34224e-07 0
1.00512 0.000477311 4.24933e-06 5.75061e-08 -4.81865e-10
0
-260 -218 -133 -11 -11
3.11869 0.0234461 4.40535e-05 0 0
-0.625054 -0.0359662 -0.000261841 -5.14616e-07 0
1.00779 0.000749363 1.31409e-05 1.45383e-07 -1.95609e-10
0
-260 -214 -129 -11 -11
2.87137 0.0217915 4.13491e-05 0 0
-0.734318 -0.0386402 -0.000284163 -5.69793e-07 0
1.0059 0.000559138 8.81114e-06 1.04999e-07 -3.94685e-10
0
-260 -214 -129 -11 -11
2.83635 0.0215001 4.07457e-05 0 0
-0.786159 -0.0397205 -0.000290856 -5.82858e-07 0
1.00505 0.000515691 8.73387e-06 1.04326e-07 -4.0012e-10
0
-260 -215 -130 -11 -11
2.95989 0.0224773 4.26731e-05 0 0
-0.804132 -0.0401707 -0.000294049 -5.89987e-07 0
1.00559 0.000537419 8.04346e-06 8.55707e-08 -4.8743e-10
0
-260 -215 -130 -11 -11
2.89381 0.0219576 4.1656e-05 0 0
-0.727796 -0.038708 -0.000284672 -5.703e-07 0
1.00453 0.000418528 5.1268e-06 5.74775e-08 -5.75482e-10
0
-225 -193 -108 24 24
4.88397 0.0442378 0.000100164 0 0
0.906657 -0.00799113 -9.7065e-05 -1.76831e-07 0
0.996936 0.000287126 -4.99141e-06 -1.93157e-07 -2.16307e-09
0
-225 -195 -110 24 24
4.71897 0.0425033 9.56968e-05 0 0
0.845057 -0.00924337 -0.000103765 -1.89273e-07 0
0.997165 0.000289833 -5.33912e-06 -2.01796e-07 -2.14362e-09
0
-225 -204 -119 24 24
14.4967 0.129204 0.00028789 0 0
0.63733 -0.0133188 -0.000124146 -2.26709e-07 0
0.998624 0.00027027 -8.83082e-06 -2.03382e-07 -1.70434e-09
0
-225 -204 -119 24 24
14.5474 0.12989 0.000289939 0 0
0.793078 -0.0103328 -0.000105617 -1.89013e-07 0
0.998367 0.000272631 -8.34933e-06 -2.02601e-07 -1.73063e-09
0
-225 -202 -117 24 24
11.6589 0.10397 0.000231803 0 0
0.808395 -0.00996988 -0.000102869 -1.80281e-07 0
0.997359 0.000288951 -7.13001e-06 -2.07812e-07 -1.84598e-09
0
-225 -203 -118 24 24
12.3098 0.109577 0.000243858 0 0
0.94548 -0.00775374 -9.03791e-05 -1.57143e-07 0
0.998266 0.000241078 -7.17031e-06 -1.98401e-07 -1.758e-09
0
-225 -204 -119 24 24
12.274 0.108821 0.000241205 0 0
0.809371 -0.0102823 -0.000106999 -1.94707e-07 0
0.998166 0.000227766 -6.2233e-06 -1.56921e-07 -1.53133e-09
0
-225 -203 -118 24 24
11.9998 0.107006 0.000238558 0 0
0.643095 -0.0132591 -0.000123584 -2.22528e-07 0
0.998513 0.000233138 -6.67355e-06 -1.99551e-07 -1.83293e-09
0
