0 0
1 0
2 0
3 0
4 0
5 0
6 0
7 0
8 0
9 0
10 0
11 0
12 0
13 0
14 0
15 0
16 0
17 0
18 0
19 0
20 0
21 0
22 0
23 0
24 0
25 0
26 0
27 0
28 0
29 0
30 0
31 0
32 0
33 0
34 0
35 0
36 0
37 0
38 0
39 0
40 0
41 0
42 0
43 0
44 0
45 0
46 0
47 0
48 0
49 0
50 0
51 0
52 0
53 0
54 0
55 0
56 0
57 0
58 0
59 0
60 0
61 0
62 0
63 0
64 0
65 0
66 0
67 0
68 0
69 0
70 0
71 0
72 0
73 0
74 0
75 0
76 0
77 0
78 0
79 0
80 0
81 0
82 0
83 0
84 0
85 0
86 0
87 0
88 0
89 0
90 0
91 3.45717e-06
92 6.91434e-06
93 6.91434e-06
94 6.91434e-06
95 6.91434e-06
96 2.42002e-05
97 2.76574e-05
98 3.80289e-05
99 3.80289e-05
100 4.49432e-05
101 6.2229e-05
102 7.60577e-05
103 0.000100258
104 0.000107172
105 0.000121001
106 0.000138287
107 0.000148658
108 0.000165944
109 0.000186687
110 0.000221259
111 0.000259288
112 0.000304231
113 0.000335345
114 0.00039066
115 0.000432146
116 0.000466718
117 0.00050129
118 0.000539318
119 0.000580804
120 0.000632662
121 0.000677605
122 0.000726006
123 0.00080552
124 0.000909235
125 0.00112012
126 0.00132064
127 0.00153844
128 0.00179427
129 0.00208813
130 0.00245805
131 0.00282451
132 0.00324628
133 0.00360583
134 0.00414515
135 0.00451161
136 0.00493684
137 0.00539664
138 0.00581842
139 0.00627822
140 0.00668962
141 0.00712177
142 0.00760923
143 0.00809323
144 0.00858415
145 0.00900593
146 0.0095003
147 0.010005
148 0.0105686
149 0.0111079
150 0.011706
151 0.0123317
152 0.0129851
153 0.0135694
154 0.0141813
155 0.0147794
156 0.0153982
157 0.0159825
158 0.0165391
159 0.0170922
160 0.0176419
161 0.0182504
162 0.0188589
163 0.019374
164 0.0200032
165 0.0205494
166 0.0211337
167 0.0219219
168 0.0227309
169 0.0237508
170 0.0248467
171 0.0260498
172 0.0272529
173 0.0285216
174 0.0296971
175 0.0309589
176 0.0321966
177 0.0334516
178 0.034589
179 0.0357506
180 0.0368949
181 0.0380773
182 0.0392354
183 0.0403936
184 0.0415448
185 0.0427548
186 0.0439959
187 0.0451506
188 0.0462984
189 0.0475015
190 0.0485629
191 0.0497729
192 0.0509034
193 0.0519267
194 0.0530745
195 0.0541393
196 0.0554945
197 0.0664779
198 0.091214
199 0.122768
200 0.156112
201 0.189888
202 0.222476
203 0.253483
204 0.283014
205 0.309918
206 0.334187
207 0.355805
208 0.373682
209 0.386996
210 0.396523
211 0.403503
212 0.409128
213 0.413923
214 0.418096
215 0.422024
216 0.426003
217 0.42983
218 0.433384
219 0.436997
220 0.440827
221 0.444779
222 0.449339
223 0.454058
224 0.458967
225 0.463036
226 0.466638
227 0.469477
228 0.471717
229 0.473435
230 0.474974
231 0.476249
232 0.477421
233 0.478458
234 0.479464
235 0.480322
236 0.481096
237 0.48194
238 0.482621
239 0.483233
240 0.483879
241 0.484571
242 0.485266
243 0.485867
244 0.486389
245 0.486977
246 0.487554
247 0.488004
248 0.488498
249 0.488972
250 0.489514
251 0.490061
252 0.490469
253 0.490911
254 0.491381
255 0.49181
256 0.492273
257 0.492664
258 0.493068
259 0.493501
260 0.493888
261 0.494372
262 0.494821
263 0.49526
264 0.495665
265 0.496052
266 0.496488
267 0.496868
268 0.497383
269 0.497787
270 0.49824
271 0.498621
272 0.498991
273 0.499219
274 0.49945
275 0.499557
276 0.499678
277 0.499703
278 0.499734
279 0.499755
280 0.499779
281 0.499817
282 0.499851
283 0.499858
284 0.499879
285 0.499893
286 0.499896
287 0.499914
288 0.499924
289 0.499934
290 0.499945
291 0.499952
292 0.499965
293 0.499969
294 0.499976
295 0.499983
296 0.499986
297 0.49999
298 0.499993
299 0.499993
300 0.499997
301 0.499997
302 0.5
303 0.5
304 0.5
305 0.5
306 0.5
307 0.5
308 0.5
309 0.5
310 0.5
311 0.5
312 0.5
313 0.5
314 0.5
315 0.5
316 0.5
317 0.5
318 0.5
319 0.5
320 0.5
321 0.5
322 0.5
323 0.5
324 0.5
325 0.5
326 0.5
327 0.5
328 0.5
329 0.5
330 0.5
331 0.5
332 0.5
333 0.5
334 0.5
335 0.5
336 0.5
337 0.5
338 0.5
339 0.5
340 0.5
341 0.5
342 0.5
343 0.5
344 0.5
345 0.5
346 0.5
347 0.5
348 0.5
349 0.5
350 0.5
351 0.5
352 0.5
353 0.5
354 0.5
355 0.5
356 0.5
357 0.5
358 0.5
359 0.5
360 0.5
361 0.5
362 0.5
363 0.5
364 0.5
365 0.5
366 0.5
367 0.5
368 0.5
369 0.5
370 0.5
371 0.5
372 0.5
373 0.5
374 0.5
375 0.5
376 0.5
377 0.5
378 0.5
379 0.5
380 0.5
381 0.5
382 0.5
383 0.5
384 0.5
385 0.5
386 0.5
387 0.5
388 0.5
389 0.5
390 0.5
391 0.5
392 0.5
393 0.5
394 0.5
395 0.5
396 0.5
397 0.5
398 0.5
399 0.5
