0 0
1 0
2 0
3 0
4 0
5 0
6 0
7 0
8 0
9 0
10 0
11 0
12 0
13 0
14 0
15 0
16 0
17 0
18 0
19 0
20 0
21 0
22 0
23 0
24 0
25 0
26 0
27 0
28 0
29 0
30 0
31 0
32 0
33 0
34 0
35 0
36 0
37 0
38 0
39 0
40 0
41 0
42 0
43 0
44 0
45 0
46 0
47 0
48 0
49 0
50 0
51 0
52 0
53 0
54 0
55 0
56 0
57 0
58 0
59 0
60 0
61 0
62 0
63 0
64 0
65 0
66 0
67 0
68 0
69 0
70 0
71 0
72 0
73 0
74 0
75 0
76 0
77 0
78 0
79 0
80 0
81 0
82 0
83 0
84 0
85 0
86 0
87 0
88 0
89 0
90 0
91 0
92 3.43955e-06
93 3.43955e-06
94 6.87909e-06
95 2.40768e-05
96 2.75164e-05
97 3.43955e-05
98 3.43955e-05
99 5.50327e-05
100 6.53514e-05
101 7.22305e-05
102 9.63073e-05
103 0.000110065
104 0.000134142
105 0.000144461
106 0.00015478
107 0.000182296
108 0.000209812
109 0.000233889
110 0.000244208
111 0.000275164
112 0.000319878
113 0.000361152
114 0.000392108
115 0.000419625
116 0.00045402
117 0.000488416
118 0.00052969
119 0.000570965
120 0.000598481
121 0.000667272
122 0.00076014
123 0.000859887
124 0.000969952
125 0.00117289
126 0.00134486
127 0.00161659
128 0.00189863
129 0.00218411
130 0.0025487
131 0.00285826
132 0.00321598
133 0.00369407
134 0.00412058
135 0.00447485
136 0.00488072
137 0.00531066
138 0.0057578
139 0.00621182
140 0.00665552
141 0.00711642
142 0.00765299
143 0.00808981
144 0.00863326
145 0.00914919
146 0.00962729
147 0.0101398
148 0.0106901
149 0.0112301
150 0.011722
151 0.0123205
152 0.012857
153 0.0134693
154 0.0139818
155 0.0145321
156 0.015079
157 0.0157118
158 0.0163378
159 0.0168951
160 0.0174557
161 0.0180886
162 0.0186699
163 0.019258
164 0.0197877
165 0.0204378
166 0.0210466
167 0.021879
168 0.0226941
169 0.0237329
170 0.0247888
171 0.0258551
172 0.0270039
173 0.0282146
174 0.0294253
175 0.0305982
176 0.031778
177 0.0329956
178 0.0341925
179 0.0353104
180 0.0366484
181 0.0378453
182 0.0390423
183 0.0402908
184 0.0414465
185 0.042702
186 0.0438611
187 0.0450065
188 0.0462103
189 0.0473075
190 0.0483325
191 0.0494022
192 0.0505166
193 0.0516242
194 0.0527248
195 0.0537807
196 0.0550018
197 0.0642404
198 0.0882416
199 0.119318
200 0.152874
201 0.186575
202 0.218996
203 0.249935
204 0.279253
205 0.306794
206 0.332171
207 0.354167
208 0.372451
209 0.386409
210 0.396129
211 0.403538
212 0.409488
213 0.414324
214 0.418607
215 0.42249
216 0.426101
217 0.429864
218 0.433555
219 0.437287
220 0.441091
221 0.445077
222 0.449611
223 0.454454
224 0.4591
225 0.463654
226 0.467128
227 0.47
228 0.472164
229 0.47397
230 0.475517
231 0.47679
232 0.478025
233 0.479108
234 0.479978
235 0.480732
236 0.481451
237 0.482255
238 0.482881
239 0.48359
240 0.484192
241 0.484725
242 0.485348
243 0.485922
244 0.486407
245 0.487005
246 0.487545
247 0.488017
248 0.488536
249 0.48898
250 0.489461
251 0.489977
252 0.490541
253 0.491016
254 0.491463
255 0.491896
256 0.492409
257 0.492774
258 0.493145
259 0.493565
260 0.494063
261 0.494497
262 0.494923
263 0.495336
264 0.495766
265 0.496172
266 0.496547
267 0.496963
268 0.497383
269 0.497816
270 0.498284
271 0.498707
272 0.498989
273 0.49924
274 0.499481
275 0.499587
276 0.499659
277 0.499687
278 0.499728
279 0.499742
280 0.499766
281 0.499801
282 0.499838
283 0.499876
284 0.499886
285 0.499893
286 0.4999
287 0.499911
288 0.499921
289 0.499928
290 0.499938
291 0.499952
292 0.499959
293 0.499969
294 0.499976
295 0.499983
296 0.499986
297 0.499986
298 0.49999
299 0.49999
300 0.499997
301 0.5
302 0.5
303 0.5
304 0.5
305 0.5
306 0.5
307 0.5
308 0.5
309 0.5
310 0.5
311 0.5
312 0.5
313 0.5
314 0.5
315 0.5
316 0.5
317 0.5
318 0.5
319 0.5
320 0.5
321 0.5
322 0.5
323 0.5
324 0.5
325 0.5
326 0.5
327 0.5
328 0.5
329 0.5
330 0.5
331 0.5
332 0.5
333 0.5
334 0.5
335 0.5
336 0.5
337 0.5
338 0.5
339 0.5
340 0.5
341 0.5
342 0.5
343 0.5
344 0.5
345 0.5
346 0.5
347 0.5
348 0.5
349 0.5
350 0.5
351 0.5
352 0.5
353 0.5
354 0.5
355 0.5
356 0.5
357 0.5
358 0.5
359 0.5
360 0.5
361 0.5
362 0.5
363 0.5
364 0.5
365 0.5
366 0.5
367 0.5
368 0.5
369 0.5
370 0.5
371 0.5
372 0.5
373 0.5
374 0.5
375 0.5
376 0.5
377 0.5
378 0.5
379 0.5
380 0.5
381 0.5
382 0.5
383 0.5
384 0.5
385 0.5
386 0.5
387 0.5
388 0.5
389 0.5
390 0.5
391 0.5
392 0.5
393 0.5
394 0.5
395 0.5
396 0.5
397 0.5
398 0.5
399 0.5
