0 0
1 0
2 0
3 0
4 0
5 0
6 0
7 0
8 0
9 0
10 0
11 0
12 0
13 0
14 0
15 0
16 0
17 0
18 0
19 0
20 0
21 0
22 0
23 0
24 0
25 0
26 0
27 0
28 0
29 0
30 0
31 0
32 0
33 0
34 0
35 0
36 0
37 0
38 0
39 0
40 0
41 0
42 0
43 0
44 0
45 0
46 0
47 0
48 0
49 0
50 0
51 0
52 0
53 0
54 0
55 0
56 0
57 0
58 0
59 0
60 0
61 0
62 0
63 0
64 0
65 0
66 0
67 0
68 0
69 0
70 0
71 0
72 0
73 0
74 0
75 0
76 0
77 0
78 0
79 0
80 0
81 0
82 0
83 0
84 0
85 0
86 0
87 0
88 0
89 0
90 0
91 0
92 0
93 0
94 0
95 0
96 2.61001e-06
97 5.22002e-06
98 7.83004e-06
99 2.34901e-05
100 4.95902e-05
101 6.00303e-05
102 8.09104e-05
103 9.91805e-05
104 0.000117451
105 0.000125281
106 0.000135721
107 0.000146161
108 0.000211411
109 0.000287101
110 0.000318421
111 0.000360182
112 0.000394112
113 0.000425432
114 0.000451532
115 0.000472412
116 0.000508952
117 0.000553323
118 0.000574203
119 0.000615963
120 0.000668163
121 0.000720363
122 0.000816934
123 0.000905674
124 0.00102312
125 0.00114841
126 0.00132328
127 0.00153469
128 0.00178786
129 0.00208801
130 0.00237772
131 0.00270919
132 0.00311374
133 0.00350786
134 0.00386804
135 0.00427781
136 0.00464321
137 0.00510518
138 0.00550191
139 0.00597954
140 0.00645456
141 0.00687999
142 0.00733152
143 0.00776218
144 0.00816412
145 0.00865741
146 0.00916897
147 0.00963877
148 0.0101347
149 0.0106358
150 0.0111578
151 0.0116433
152 0.0121522
153 0.012669
154 0.0132615
155 0.0137965
156 0.0143081
157 0.0148692
158 0.0153182
159 0.0159524
160 0.0165188
161 0.0170956
162 0.0177246
163 0.0182988
164 0.0189643
165 0.0195464
166 0.0201049
167 0.0206922
168 0.0211829
169 0.0218067
170 0.0224539
171 0.0231482
172 0.0241191
173 0.0251266
174 0.0263898
175 0.0279532
176 0.029454
177 0.0310774
178 0.0327296
179 0.0342329
180 0.0357076
181 0.0372997
182 0.0389518
183 0.040677
184 0.0422378
185 0.0437621
186 0.0452759
187 0.0468341
188 0.0482878
189 0.049799
190 0.0514225
191 0.0530224
192 0.0545571
193 0.0559926
194 0.0575482
195 0.0589915
196 0.06044
197 0.0633789
198 0.0772825
199 0.102861
200 0.132552
201 0.163992
202 0.194276
203 0.223135
204 0.250582
205 0.276583
206 0.300253
207 0.32146
208 0.339805
209 0.354539
210 0.365336
211 0.373315
212 0.379691
213 0.384815
214 0.389359
215 0.39372
216 0.398084
217 0.402383
218 0.40652
219 0.41055
220 0.414595
221 0.418662
222 0.423007
223 0.42741
224 0.432215
225 0.436908
226 0.441262
227 0.445093
228 0.448674
229 0.451623
230 0.453915
231 0.456079
232 0.457927
233 0.459566
234 0.461124
235 0.462703
236 0.464227
237 0.465668
238 0.46719
239 0.468364
240 0.469413
241 0.470577
242 0.471606
243 0.472736
244 0.473806
245 0.474753
246 0.475696
247 0.47686
248 0.477807
249 0.478715
250 0.479621
251 0.480725
252 0.481605
253 0.482495
254 0.483246
255 0.484022
256 0.484823
257 0.485614
258 0.486258
259 0.486932
260 0.487678
261 0.488401
262 0.489048
263 0.489633
264 0.490301
265 0.491024
266 0.491872
267 0.492462
268 0.493115
269 0.493749
270 0.494261
271 0.494976
272 0.495602
273 0.496294
274 0.496834
275 0.497505
276 0.49823
277 0.498614
278 0.499032
279 0.49934
280 0.499517
281 0.499624
282 0.499674
283 0.499695
284 0.499744
285 0.499783
286 0.499815
287 0.499843
288 0.499875
289 0.49989
290 0.499906
291 0.499914
292 0.49993
293 0.49994
294 0.499948
295 0.499956
296 0.499958
297 0.499961
298 0.499961
299 0.499971
300 0.499974
301 0.499977
302 0.499984
303 0.499984
304 0.499987
305 0.499987
306 0.499987
307 0.499992
308 0.499997
309 0.5
310 0.5
311 0.5
312 0.5
313 0.5
314 0.5
315 0.5
316 0.5
317 0.5
318 0.5
319 0.5
320 0.5
321 0.5
322 0.5
323 0.5
324 0.5
325 0.5
326 0.5
327 0.5
328 0.5
329 0.5
330 0.5
331 0.5
332 0.5
333 0.5
334 0.5
335 0.5
336 0.5
337 0.5
338 0.5
339 0.5
340 0.5
341 0.5
342 0.5
343 0.5
344 0.5
345 0.5
346 0.5
347 0.5
348 0.5
349 0.5
350 0.5
351 0.5
352 0.5
353 0.5
354 0.5
355 0.5
356 0.5
357 0.5
358 0.5
359 0.5
360 0.5
361 0.5
362 0.5
363 0.5
364 0.5
365 0.5
366 0.5
367 0.5
368 0.5
369 0.5
370 0.5
371 0.5
372 0.5
373 0.5
374 0.5
375 0.5
376 0.5
377 0.5
378 0.5
379 0.5
380 0.5
381 0.5
382 0.5
383 0.5
384 0.5
385 0.5
386 0.5
387 0.5
388 0.5
389 0.5
390 0.5
391 0.5
392 0.5
393 0.5
394 0.5
395 0.5
396 0.5
397 0.5
398 0.5
399 0.5
