0 0
1 0
2 0
3 0
4 0
5 0
6 0
7 0
8 0
9 0
10 0
11 0
12 0
13 0
14 0
15 0
16 0
17 0
18 0
19 0
20 0
21 0
22 0
23 0
24 0
25 0
26 0
27 0
28 0
29 0
30 0
31 0
32 0
33 0
34 0
35 0
36 0
37 0
38 0
39 0
40 0
41 0
42 0
43 0
44 0
45 0
46 0
47 0
48 0
49 0
50 0
51 0
52 0
53 0
54 0
55 0
56 0
57 0
58 0
59 0
60 0
61 0
62 0
63 0
64 0
65 0
66 0
67 0
68 0
69 0
70 0
71 0
72 0
73 0
74 0
75 0
76 0
77 0
78 0
79 0
80 0
81 0
82 0
83 0
84 0
85 0
86 0
87 0
88 0
89 0
90 0
91 0
92 0
93 0
94 0
95 6.87909e-06
96 6.87909e-06
97 1.37582e-05
98 2.75164e-05
99 4.81537e-05
100 6.87909e-05
101 8.25491e-05
102 0.000116945
103 0.000134142
104 0.000161659
105 0.000189175
106 0.000209812
107 0.00022701
108 0.000257966
109 0.000309559
110 0.000350834
111 0.000368031
112 0.000409306
113 0.000447141
114 0.000474657
115 0.000505613
116 0.000550327
117 0.000584723
118 0.000629437
119 0.00068103
120 0.000746382
121 0.000828931
122 0.000942436
123 0.00104906
124 0.00122448
125 0.00142741
126 0.00163722
127 0.00190551
128 0.00220475
129 0.0025487
130 0.00295457
131 0.00341203
132 0.00390045
133 0.00431319
134 0.00477409
135 0.00532098
136 0.00581971
137 0.00642163
138 0.00695132
139 0.00750165
140 0.00805198
141 0.00868142
142 0.00931773
143 0.00991621
144 0.010439
145 0.0110065
146 0.0116291
147 0.0122585
148 0.0129189
149 0.0136137
150 0.0143498
151 0.0149517
152 0.015674
153 0.0163172
154 0.0169742
155 0.0176208
156 0.0182743
157 0.0189897
158 0.0197017
159 0.0204412
160 0.0212392
161 0.0220303
162 0.022787
163 0.0235127
164 0.0243004
165 0.0249917
166 0.0256693
167 0.0263641
168 0.0270692
169 0.0278363
170 0.0286617
171 0.0295973
172 0.0305225
173 0.031661
174 0.0332226
175 0.0348736
176 0.0366037
177 0.0384851
178 0.0402633
179 0.0423064
180 0.0442601
181 0.0459902
182 0.0478097
183 0.0498597
184 0.0516138
185 0.0532614
186 0.0550706
187 0.0569451
188 0.058799
189 0.0605119
190 0.0622111
191 0.0641682
192 0.0658914
193 0.0675871
194 0.0692828
195 0.0710232
196 0.0725228
197 0.0765677
198 0.096978
199 0.13082
200 0.170512
201 0.210892
202 0.25043
203 0.288623
204 0.325044
205 0.358081
206 0.388789
207 0.415755
208 0.439048
209 0.458326
210 0.47184
211 0.481561
212 0.489475
213 0.496227
214 0.502029
215 0.507134
216 0.511987
217 0.516809
218 0.521391
219 0.525955
220 0.530433
221 0.535066
222 0.539744
223 0.544759
224 0.549908
225 0.555298
226 0.560663
227 0.565389
228 0.56942
229 0.572774
230 0.575629
231 0.577844
232 0.579753
233 0.581528
234 0.583172
235 0.584719
236 0.586168
237 0.587533
238 0.588988
239 0.590274
240 0.591251
241 0.592383
242 0.593525
243 0.594639
244 0.59563
245 0.596613
246 0.597542
247 0.598436
248 0.599324
249 0.600218
250 0.601157
251 0.602134
252 0.603014
253 0.603847
254 0.604641
255 0.605477
256 0.606337
257 0.607145
258 0.608002
259 0.608803
260 0.609598
261 0.610289
262 0.610936
263 0.611651
264 0.612363
265 0.613127
266 0.613756
267 0.614392
268 0.614998
269 0.615617
270 0.616226
271 0.616886
272 0.617557
273 0.618148
274 0.618826
275 0.619349
276 0.62004
277 0.620546
278 0.620904
279 0.621165
280 0.621378
281 0.621488
282 0.621571
283 0.621622
284 0.621646
285 0.621671
286 0.621691
287 0.621739
288 0.621784
289 0.621805
290 0.621829
291 0.621839
292 0.621846
293 0.621856
294 0.62186
295 0.62188
296 0.621884
297 0.621887
298 0.621894
299 0.621898
300 0.621898
301 0.621901
302 0.621904
303 0.621908
304 0.621908
305 0.621908
306 0.621908
307 0.621911
308 0.621911
309 0.621915
310 0.621915
311 0.621915
312 0.621915
313 0.621915
314 0.621915
315 0.621915
316 0.621915
317 0.621915
318 0.621915
319 0.621915
320 0.621915
321 0.621915
322 0.621915
323 0.621915
324 0.621915
325 0.621915
326 0.621915
327 0.621915
328 0.621915
329 0.621915
330 0.621915
331 0.621915
332 0.621915
333 0.621915
334 0.621915
335 0.621915
336 0.621915
337 0.621915
338 0.621915
339 0.621915
340 0.621915
341 0.621915
342 0.621915
343 0.621915
344 0.621915
345 0.621915
346 0.621915
347 0.621915
348 0.621915
349 0.621915
350 0.621915
351 0.621915
352 0.621915
353 0.621915
354 0.621915
355 0.621915
356 0.621915
357 0.621915
358 0.621915
359 0.621915
360 0.621915
361 0.621915
362 0.621915
363 0.621915
364 0.621915
365 0.621915
366 0.621915
367 0.621915
368 0.621915
369 0.621915
370 0.621915
371 0.621915
372 0.621915
373 0.621915
374 0.621915
375 0.621915
376 0.621915
377 0.621915
378 0.621915
379 0.621915
380 0.621915
381 0.621915
382 0.621915
383 0.621915
384 0.621915
385 0.621915
386 0.621915
387 0.621915
388 0.621915
389 0.621915
390 0.621915
391 0.621915
392 0.621915
393 0.621915
394 0.621915
395 0.621915
396 0.621915
397 0.621915
398 0.621915
399 0.621915
