0 0
1 0
2 0
3 0
4 0
5 0
6 0
7 0
8 0
9 0
10 0
11 0
12 0
13 0
14 0
15 0
16 0
17 0
18 0
19 0
20 0
21 0
22 0
23 0
24 0
25 0
26 0
27 0
28 0
29 0
30 0
31 0
32 0
33 0
34 0
35 0
36 0
37 0
38 0
39 0
40 0
41 0
42 0
43 0
44 0
45 0
46 0
47 0
48 0
49 0
50 0
51 0
52 0
53 0
54 0
55 0
56 0
57 0
58 0
59 0
60 0
61 0
62 0
63 0
64 0
65 0
66 0
67 0
68 0
69 0
70 0
71 0
72 0
73 0
74 0
75 0
76 0
77 0
78 0
79 0
80 0
81 0
82 0
83 0
84 0
85 0
86 0
87 0
88 0
89 0
90 0
91 0
92 0
93 0
94 0
95 2.87284e-06
96 2.87284e-06
97 8.61851e-06
98 2.01099e-05
99 4.30926e-05
100 5.45839e-05
101 7.18209e-05
102 9.48036e-05
103 0.000117786
104 0.00013215
105 0.00015226
106 0.000163752
107 0.000180989
108 0.000209717
109 0.000226954
110 0.000244191
111 0.000267174
112 0.000295902
113 0.000313139
114 0.00034474
115 0.000379214
116 0.000410816
117 0.000436671
118 0.000471145
119 0.000499874
120 0.000534348
121 0.000594677
122 0.000660752
123 0.000741192
124 0.000876215
125 0.00108306
126 0.00127267
127 0.00148526
128 0.00174381
129 0.0020311
130 0.00233274
131 0.00266025
132 0.00303946
133 0.0034474
134 0.00381225
135 0.00416274
136 0.00459079
137 0.00500735
138 0.00549286
139 0.00590655
140 0.00634897
141 0.00678851
142 0.00724817
143 0.0077624
144 0.00827952
145 0.00876502
146 0.00928788
147 0.00980499
148 0.0102532
149 0.0107731
150 0.0113247
151 0.0118619
152 0.0124308
153 0.013014
154 0.0135224
155 0.0140683
156 0.0145567
157 0.0151513
158 0.0157862
159 0.0163436
160 0.0169612
161 0.0174984
162 0.0181219
163 0.018751
164 0.0193514
165 0.0198341
166 0.0203914
167 0.0209516
168 0.0215262
169 0.0221094
170 0.0228908
171 0.0236434
172 0.0244593
173 0.0254275
174 0.0267404
175 0.0279987
176 0.0293259
177 0.0308571
178 0.032351
179 0.0339311
180 0.0354451
181 0.0368614
182 0.0382892
183 0.0397773
184 0.0414033
185 0.0428397
186 0.0442158
187 0.0455977
188 0.0469738
189 0.0483728
190 0.0496915
191 0.0511537
192 0.0525499
193 0.0538657
194 0.0552791
195 0.0566092
196 0.0578733
197 0.0607548
198 0.0764979
199 0.103712
200 0.135253
201 0.168368
202 0.200271
203 0.230876
204 0.259954
205 0.287508
206 0.312461
207 0.334298
208 0.353649
209 0.369461
210 0.380909
211 0.388761
212 0.395156
213 0.400588
214 0.405262
215 0.409583
216 0.413898
217 0.418035
218 0.42208
219 0.426102
220 0.430092
221 0.434146
222 0.438323
223 0.442727
224 0.447453
225 0.452078
226 0.456083
227 0.459318
228 0.462033
229 0.464204
230 0.466098
231 0.467669
232 0.469074
233 0.470326
234 0.471628
235 0.472676
236 0.473685
237 0.474532
238 0.475452
239 0.476288
240 0.477149
241 0.477994
242 0.478646
243 0.479416
244 0.480071
245 0.480786
246 0.481513
247 0.482217
248 0.482855
249 0.483567
250 0.484294
251 0.484955
252 0.485642
253 0.486265
254 0.486811
255 0.487383
256 0.488038
257 0.488535
258 0.489109
259 0.489603
260 0.490215
261 0.490867
262 0.49145
263 0.491996
264 0.492488
265 0.493053
266 0.493602
267 0.494079
268 0.494582
269 0.495113
270 0.495619
271 0.496087
272 0.496659
273 0.497127
274 0.497618
275 0.498038
276 0.498423
277 0.498796
278 0.499121
279 0.499397
280 0.499549
281 0.499621
282 0.499667
283 0.499704
284 0.499724
285 0.499747
286 0.49979
287 0.499819
288 0.499859
289 0.499876
290 0.499897
291 0.499914
292 0.499922
293 0.499943
294 0.49996
295 0.499966
296 0.499971
297 0.499974
298 0.49998
299 0.499991
300 0.499994
301 0.499994
302 0.499997
303 0.499997
304 0.499997
305 0.499997
306 0.499997
307 0.499997
308 0.5
309 0.5
310 0.5
311 0.5
312 0.5
313 0.5
314 0.5
315 0.5
316 0.5
317 0.5
318 0.5
319 0.5
320 0.5
321 0.5
322 0.5
323 0.5
324 0.5
325 0.5
326 0.5
327 0.5
328 0.5
329 0.5
330 0.5
331 0.5
332 0.5
333 0.5
334 0.5
335 0.5
336 0.5
337 0.5
338 0.5
339 0.5
340 0.5
341 0.5
342 0.5
343 0.5
344 0.5
345 0.5
346 0.5
347 0.5
348 0.5
349 0.5
350 0.5
351 0.5
352 0.5
353 0.5
354 0.5
355 0.5
356 0.5
357 0.5
358 0.5
359 0.5
360 0.5
361 0.5
362 0.5
363 0.5
364 0.5
365 0.5
366 0.5
367 0.5
368 0.5
369 0.5
370 0.5
371 0.5
372 0.5
373 0.5
374 0.5
375 0.5
376 0.5
377 0.5
378 0.5
379 0.5
380 0.5
381 0.5
382 0.5
383 0.5
384 0.5
385 0.5
386 0.5
387 0.5
388 0.5
389 0.5
390 0.5
391 0.5
392 0.5
393 0.5
394 0.5
395 0.5
396 0.5
397 0.5
398 0.5
399 0.5
