0 0
1 0
2 0
3 0
4 0
5 0
6 0
7 0
8 0
9 0
10 0
11 0
12 0
13 0
14 0
15 0
16 0
17 0
18 0
19 0
20 0
21 0
22 0
23 0
24 0
25 0
26 0
27 0
28 0
29 0
30 0
31 0
32 0
33 0
34 0
35 0
36 0
37 0
38 0
39 0
40 0
41 0
42 0
43 0
44 0
45 0
46 0
47 0
48 0
49 0
50 0
51 0
52 0
53 0
54 0
55 0
56 0
57 0
58 0
59 0
60 0
61 0
62 0
63 0
64 0
65 0
66 0
67 0
68 0
69 0
70 0
71 0
72 0
73 0
74 0
75 0
76 0
77 0
78 0
79 0
80 0
81 0
82 0
83 0
84 0
85 0
86 0
87 0
88 0
89 0
90 0
91 0
92 0
93 0
94 0
95 0
96 2.84036e-06
97 8.52108e-06
98 2.84036e-05
99 3.9765e-05
100 6.53283e-05
101 8.23705e-05
102 9.37319e-05
103 0.000113614
104 0.000130657
105 0.000147699
106 0.000164741
107 0.000184623
108 0.000218708
109 0.000241431
110 0.000264154
111 0.000298238
112 0.000309599
113 0.000332322
114 0.000363566
115 0.00039197
116 0.000428894
117 0.000480021
118 0.000508425
119 0.00055387
120 0.000624879
121 0.000670325
122 0.000747015
123 0.000843587
124 0.000977084
125 0.00114467
126 0.0012952
127 0.00149119
128 0.00176102
129 0.00206778
130 0.00232341
131 0.00267846
132 0.00304203
133 0.00336015
134 0.003772
135 0.00414125
136 0.0045957
137 0.00506152
138 0.00547906
139 0.00593919
140 0.00634821
141 0.00681971
142 0.00731961
143 0.00773714
144 0.00816888
145 0.00865458
146 0.00914028
147 0.00961746
148 0.0100975
149 0.0106428
150 0.0112137
151 0.0117619
152 0.012347
153 0.0129123
154 0.0135173
155 0.0140371
156 0.014571
157 0.0151164
158 0.0156674
159 0.0162525
160 0.0167979
161 0.0173461
162 0.0179511
163 0.0185674
164 0.0192406
165 0.0197661
166 0.0203938
167 0.0210215
168 0.0216464
169 0.0222627
170 0.0229501
171 0.0237028
172 0.0245634
173 0.0255036
174 0.026688
175 0.0280542
176 0.0295397
177 0.0309827
178 0.0324114
179 0.0340616
180 0.0356039
181 0.037061
182 0.0385607
183 0.0401059
184 0.0415289
185 0.0429548
186 0.0444658
187 0.0457838
188 0.0471755
189 0.0484764
190 0.0497887
191 0.0510839
192 0.0524671
193 0.0537339
194 0.0550916
195 0.0564351
196 0.0576849
197 0.0605309
198 0.0759257
199 0.103216
200 0.135289
201 0.167783
202 0.199737
203 0.230248
204 0.259913
205 0.287064
206 0.31232
207 0.334529
208 0.353693
209 0.369156
210 0.380381
211 0.388499
212 0.394847
213 0.400462
214 0.405345
215 0.409767
216 0.414034
217 0.417999
218 0.421867
219 0.425852
220 0.429732
221 0.433783
222 0.437822
223 0.442375
224 0.447158
225 0.451413
226 0.455421
227 0.458857
228 0.461624
229 0.463734
230 0.465569
231 0.46716
232 0.46858
233 0.469736
234 0.470835
235 0.471977
236 0.47298
237 0.473934
238 0.474843
239 0.475769
240 0.476601
241 0.477396
242 0.478132
243 0.478845
244 0.479623
245 0.480379
246 0.481134
247 0.481918
248 0.482608
249 0.483276
250 0.483972
251 0.484688
252 0.485327
253 0.48598
254 0.486656
255 0.48727
256 0.487849
257 0.488352
258 0.488996
259 0.489508
260 0.49007
261 0.490618
262 0.491169
263 0.491794
264 0.492291
265 0.492882
266 0.493442
267 0.493987
268 0.49447
269 0.494995
270 0.495464
271 0.495989
272 0.496489
273 0.497069
274 0.497583
275 0.498057
276 0.498503
277 0.49885
278 0.499145
279 0.499367
280 0.499514
281 0.499648
282 0.499693
283 0.499719
284 0.499759
285 0.499787
286 0.49983
287 0.499855
288 0.499869
289 0.499881
290 0.499889
291 0.499901
292 0.49992
293 0.499952
294 0.49996
295 0.499966
296 0.499974
297 0.499983
298 0.499983
299 0.499983
300 0.499986
301 0.499991
302 0.499991
303 0.499991
304 0.499991
305 0.499991
306 0.499991
307 0.499994
308 0.5
309 0.5
310 0.5
311 0.5
312 0.5
313 0.5
314 0.5
315 0.5
316 0.5
317 0.5
318 0.5
319 0.5
320 0.5
321 0.5
322 0.5
323 0.5
324 0.5
325 0.5
326 0.5
327 0.5
328 0.5
329 0.5
330 0.5
331 0.5
332 0.5
333 0.5
334 0.5
335 0.5
336 0.5
337 0.5
338 0.5
339 0.5
340 0.5
341 0.5
342 0.5
343 0.5
344 0.5
345 0.5
346 0.5
347 0.5
348 0.5
349 0.5
350 0.5
351 0.5
352 0.5
353 0.5
354 0.5
355 0.5
356 0.5
357 0.5
358 0.5
359 0.5
360 0.5
361 0.5
362 0.5
363 0.5
364 0.5
365 0.5
366 0.5
367 0.5
368 0.5
369 0.5
370 0.5
371 0.5
372 0.5
373 0.5
374 0.5
375 0.5
376 0.5
377 0.5
378 0.5
379 0.5
380 0.5
381 0.5
382 0.5
383 0.5
384 0.5
385 0.5
386 0.5
387 0.5
388 0.5
389 0.5
390 0.5
391 0.5
392 0.5
393 0.5
394 0.5
395 0.5
396 0.5
397 0.5
398 0.5
399 0.5
