0 0
1 0
2 0
3 0
4 0
5 0
6 0
7 0
8 0
9 0
10 0
11 0
12 0
13 0
14 0
15 0
16 0
17 0
18 0
19 0
20 0
21 0
22 0
23 0
24 0
25 0
26 0
27 0
28 0
29 0
30 0
31 0
32 0
33 0
34 0
35 0
36 0
37 0
38 0
39 0
40 0
41 0
42 0
43 0
44 0
45 0
46 0
47 0
48 0
49 0
50 0
51 0
52 0
53 0
54 0
55 0
56 0
57 0
58 0
59 0
60 0
61 0
62 0
63 0
64 0
65 0
66 0
67 0
68 0
69 0
70 0
71 0
72 0
73 0
74 0
75 0
76 0
77 0
78 0
79 0
80 0
81 0
82 0
83 0
84 0
85 0
86 0
87 0
88 0
89 0
90 0
91 0
92 0
93 0
94 0
95 0
96 5.57808e-06
97 8.36713e-06
98 1.39452e-05
99 2.51014e-05
100 4.74137e-05
101 6.97261e-05
102 7.80932e-05
103 0.000103195
104 0.000119929
105 0.000133874
106 0.000167343
107 0.000186866
108 0.000200811
109 0.000214756
110 0.000237069
111 0.000281693
112 0.000309584
113 0.000331896
114 0.000362576
115 0.0004072
116 0.00043788
117 0.000471348
118 0.000538285
119 0.000588488
120 0.000619167
121 0.000655425
122 0.000708417
123 0.000769776
124 0.000878548
125 0.000998477
126 0.0012216
127 0.00139731
128 0.00159812
129 0.00182682
130 0.00211409
131 0.00248783
132 0.00286435
133 0.00323529
134 0.00362576
135 0.00405248
136 0.00451825
137 0.00492545
138 0.00536054
139 0.00579563
140 0.00623072
141 0.00676343
142 0.00726267
143 0.00770891
144 0.00822768
145 0.00868787
146 0.00920384
147 0.00970866
148 0.0102386
149 0.0107127
150 0.0112315
151 0.0117586
152 0.0123025
153 0.0128268
154 0.0134069
155 0.0139675
156 0.0145002
157 0.0150608
158 0.0156047
159 0.0161262
160 0.0166366
161 0.0172753
162 0.0179029
163 0.0184969
164 0.0191356
165 0.019805
166 0.0204409
167 0.0209848
168 0.0215509
169 0.0221562
170 0.022806
171 0.0235563
172 0.0243902
173 0.0253719
174 0.0265071
175 0.0277426
176 0.0291288
177 0.0305372
178 0.0320656
179 0.033608
180 0.0351475
181 0.0366201
182 0.0380955
183 0.0395012
184 0.0409041
185 0.0423823
186 0.0438549
187 0.0453136
188 0.0466161
189 0.0479241
190 0.049274
191 0.0506211
192 0.051879
193 0.0532512
194 0.0546401
195 0.0560151
196 0.0573399
197 0.0586536
198 0.0623323
199 0.0793678
200 0.108446
201 0.141708
202 0.175408
203 0.207745
204 0.238921
205 0.268774
206 0.296431
207 0.321911
208 0.344143
209 0.36288
210 0.377712
211 0.388572
212 0.396376
213 0.402428
214 0.407368
215 0.411757
216 0.415799
217 0.419743
218 0.423522
219 0.427092
220 0.430737
221 0.434299
222 0.437802
223 0.441586
224 0.445722
225 0.45004
226 0.454276
227 0.458184
228 0.461553
229 0.464275
230 0.466389
231 0.46823
232 0.469817
233 0.47122
234 0.472439
235 0.473599
236 0.47467
237 0.475579
238 0.47641
239 0.477188
240 0.477953
241 0.478778
242 0.479495
243 0.480184
244 0.480867
245 0.481595
246 0.482259
247 0.482925
248 0.48352
249 0.484097
250 0.484766
251 0.485374
252 0.486024
253 0.486638
254 0.487257
255 0.487843
256 0.488423
257 0.489008
258 0.489597
259 0.490191
260 0.490774
261 0.491281
262 0.491848
263 0.492436
264 0.49293
265 0.493317
266 0.493847
267 0.494388
268 0.494899
269 0.495367
270 0.49592
271 0.496341
272 0.496843
273 0.497317
274 0.497744
275 0.498193
276 0.498631
277 0.498976
278 0.499264
279 0.499481
280 0.49959
281 0.499696
282 0.499732
283 0.49976
284 0.499782
285 0.499808
286 0.499833
287 0.499852
288 0.499872
289 0.499894
290 0.499925
291 0.499941
292 0.499947
293 0.499967
294 0.499978
295 0.499983
296 0.499986
297 0.499989
298 0.499989
299 0.499992
300 0.499992
301 0.499992
302 0.499994
303 0.499994
304 0.499994
305 0.499994
306 0.499994
307 0.499997
308 0.5
309 0.5
310 0.5
311 0.5
312 0.5
313 0.5
314 0.5
315 0.5
316 0.5
317 0.5
318 0.5
319 0.5
320 0.5
321 0.5
322 0.5
323 0.5
324 0.5
325 0.5
326 0.5
327 0.5
328 0.5
329 0.5
330 0.5
331 0.5
332 0.5
333 0.5
334 0.5
335 0.5
336 0.5
337 0.5
338 0.5
339 0.5
340 0.5
341 0.5
342 0.5
343 0.5
344 0.5
345 0.5
346 0.5
347 0.5
348 0.5
349 0.5
350 0.5
351 0.5
352 0.5
353 0.5
354 0.5
355 0.5
356 0.5
357 0.5
358 0.5
359 0.5
360 0.5
361 0.5
362 0.5
363 0.5
364 0.5
365 0.5
366 0.5
367 0.5
368 0.5
369 0.5
370 0.5
371 0.5
372 0.5
373 0.5
374 0.5
375 0.5
376 0.5
377 0.5
378 0.5
379 0.5
380 0.5
381 0.5
382 0.5
383 0.5
384 0.5
385 0.5
386 0.5
387 0.5
388 0.5
389 0.5
390 0.5
391 0.5
392 0.5
393 0.5
394 0.5
395 0.5
396 0.5
397 0.5
398 0.5
399 0.5
