0 0
1 0
2 0
3 0
4 0
5 0
6 0
7 0
8 0
9 0
10 0
11 0
12 0
13 0
14 0
15 0
16 0
17 0
18 0
19 0
20 0
21 0
22 0
23 0
24 0
25 0
26 0
27 0
28 0
29 0
30 0
31 0
32 0
33 0
34 0
35 0
36 0
37 0
38 0
39 0
40 0
41 0
42 0
43 0
44 0
45 0
46 0
47 0
48 0
49 0
50 0
51 0
52 0
53 0
54 0
55 0
56 0
57 0
58 0
59 0
60 0
61 0
62 0
63 0
64 0
65 0
66 0
67 0
68 0
69 0
70 0
71 0
72 0
73 0
74 0
75 0
76 0
77 0
78 0
79 0
80 0
81 0
82 0
83 0
84 0
85 0
86 0
87 0
88 0
89 0
90 0
91 0
92 0
93 0
94 0
95 0
96 2.71844e-06
97 1.08738e-05
98 1.63106e-05
99 2.4466e-05
100 3.53397e-05
101 4.3495e-05
102 5.70872e-05
103 6.52426e-05
104 8.97085e-05
105 0.000111456
106 0.000149514
107 0.000163106
108 0.000198446
109 0.000222912
110 0.000274562
111 0.000304465
112 0.000339805
113 0.000369708
114 0.00043495
115 0.000464853
116 0.000494756
117 0.000527377
118 0.000570872
119 0.000630678
120 0.000682329
121 0.000747571
122 0.000842716
123 0.000916114
124 0.00101126
125 0.00118524
126 0.0013565
127 0.00161204
128 0.00183495
129 0.00211766
130 0.00245203
131 0.0027565
132 0.00310446
133 0.00349048
134 0.00390912
135 0.00427882
136 0.00468659
137 0.00509979
138 0.00561358
139 0.00600775
140 0.00646989
141 0.00693746
142 0.00749746
143 0.00798678
144 0.00845979
145 0.00900347
146 0.00946833
147 0.00994134
148 0.010447
149 0.0109798
150 0.0114229
151 0.0119856
152 0.0125184
153 0.0130703
154 0.0135406
155 0.014
156 0.01456
157 0.0151526
158 0.0157398
159 0.0163025
160 0.0168951
161 0.0174877
162 0.0180042
163 0.0186023
164 0.0191786
165 0.0197576
166 0.0203421
167 0.0209157
168 0.0215871
169 0.0221852
170 0.0227941
171 0.0235199
172 0.0243164
173 0.0253386
174 0.0265102
175 0.0277879
176 0.0291634
177 0.0305362
178 0.0320776
179 0.0336434
180 0.0352391
181 0.0368512
182 0.0384415
183 0.0400073
184 0.0416057
185 0.0431987
186 0.0446857
187 0.0462162
188 0.0476434
189 0.0489265
190 0.0503836
191 0.0517673
192 0.0531482
193 0.0546243
194 0.0560977
195 0.0575276
196 0.058857
197 0.0601428
198 0.0650414
199 0.0838313
200 0.112913
201 0.145714
202 0.17833
203 0.210277
204 0.240761
205 0.269509
206 0.296767
207 0.321271
208 0.342771
209 0.360916
210 0.375501
211 0.386032
212 0.393614
213 0.399494
214 0.404414
215 0.408796
216 0.412879
217 0.416628
218 0.420336
219 0.423922
220 0.427352
221 0.430895
222 0.434309
223 0.437788
224 0.441891
225 0.446314
226 0.450505
227 0.45436
228 0.457755
229 0.460691
230 0.463078
231 0.46522
232 0.466889
233 0.468376
234 0.469676
235 0.470877
236 0.471859
237 0.472769
238 0.473601
239 0.474509
240 0.475352
241 0.476119
242 0.476839
243 0.477679
244 0.478494
245 0.479239
246 0.479962
247 0.480669
248 0.481406
249 0.482107
250 0.48279
251 0.483469
252 0.48429
253 0.485141
254 0.485785
255 0.486443
256 0.487066
257 0.487767
258 0.488428
259 0.489115
260 0.489694
261 0.490279
262 0.490893
263 0.49151
264 0.492073
265 0.492696
266 0.493275
267 0.493756
268 0.494337
269 0.494876
270 0.495395
271 0.495971
272 0.496501
273 0.496972
274 0.497488
275 0.498002
276 0.49841
277 0.498866
278 0.499236
279 0.499456
280 0.49959
281 0.499687
282 0.49972
283 0.499739
284 0.499766
285 0.499799
286 0.49984
287 0.499872
288 0.499891
289 0.499899
290 0.49991
291 0.499929
292 0.499937
293 0.499937
294 0.499943
295 0.499951
296 0.49997
297 0.499973
298 0.499978
299 0.499984
300 0.499986
301 0.499992
302 0.499992
303 0.499992
304 0.499992
305 0.499992
306 0.499992
307 0.499997
308 0.499997
309 0.5
310 0.5
311 0.5
312 0.5
313 0.5
314 0.5
315 0.5
316 0.5
317 0.5
318 0.5
319 0.5
320 0.5
321 0.5
322 0.5
323 0.5
324 0.5
325 0.5
326 0.5
327 0.5
328 0.5
329 0.5
330 0.5
331 0.5
332 0.5
333 0.5
334 0.5
335 0.5
336 0.5
337 0.5
338 0.5
339 0.5
340 0.5
341 0.5
342 0.5
343 0.5
344 0.5
345 0.5
346 0.5
347 0.5
348 0.5
349 0.5
350 0.5
351 0.5
352 0.5
353 0.5
354 0.5
355 0.5
356 0.5
357 0.5
358 0.5
359 0.5
360 0.5
361 0.5
362 0.5
363 0.5
364 0.5
365 0.5
366 0.5
367 0.5
368 0.5
369 0.5
370 0.5
371 0.5
372 0.5
373 0.5
374 0.5
375 0.5
376 0.5
377 0.5
378 0.5
379 0.5
380 0.5
381 0.5
382 0.5
383 0.5
384 0.5
385 0.5
386 0.5
387 0.5
388 0.5
389 0.5
390 0.5
391 0.5
392 0.5
393 0.5
394 0.5
395 0.5
396 0.5
397 0.5
398 0.5
399 0.5
