0 0
1 0
2 0
3 0
4 0
5 0
6 0
7 0
8 0
9 0
10 0
11 0
12 0
13 0
14 0
15 0
16 0
17 0
18 0
19 0
20 0
21 0
22 0
23 0
24 0
25 0
26 0
27 0
28 0
29 0
30 0
31 0
32 0
33 0
34 0
35 0
36 0
37 0
38 0
39 0
40 0
41 0
42 0
43 0
44 0
45 0
46 0
47 0
48 0
49 0
50 0
51 0
52 0
53 0
54 0
55 0
56 0
57 0
58 0
59 0
60 0
61 0
62 0
63 0
64 0
65 0
66 0
67 0
68 0
69 0
70 0
71 0
72 0
73 0
74 0
75 0
76 0
77 0
78 0
79 0
80 0
81 0
82 0
83 0
84 0
85 0
86 0
87 0
88 0
89 0
90 0
91 0
92 3.43796e-06
93 6.87592e-06
94 6.87592e-06
95 6.87592e-06
96 2.06278e-05
97 3.09417e-05
98 3.43796e-05
99 4.81315e-05
100 5.50074e-05
101 6.53213e-05
102 7.56352e-05
103 9.62629e-05
104 0.000110015
105 0.000123767
106 0.000144394
107 0.000175336
108 0.000199402
109 0.000213154
110 0.000237219
111 0.000278475
112 0.000299103
113 0.000326606
114 0.000374738
115 0.000436621
116 0.000481315
117 0.000526008
118 0.00055695
119 0.000611957
120 0.000656651
121 0.00069103
122 0.000766666
123 0.000852615
124 0.000959191
125 0.00114828
126 0.00133393
127 0.00160897
128 0.00190463
129 0.00220717
130 0.00254753
131 0.00291883
132 0.00334514
133 0.00378176
134 0.00420807
135 0.00465156
136 0.00498161
137 0.00540104
138 0.00581703
139 0.00621927
140 0.00666277
141 0.00715096
142 0.00763571
143 0.00814797
144 0.00863272
145 0.00913123
146 0.0096813
147 0.0101832
148 0.0107161
149 0.0112628
150 0.0118782
151 0.0124695
152 0.013078
153 0.0136556
154 0.0141678
155 0.0147764
156 0.0152714
157 0.0158284
158 0.0164266
159 0.0170695
160 0.0176367
161 0.018149
162 0.0188263
163 0.0193385
164 0.0198955
165 0.0204868
166 0.0211194
167 0.0218139
168 0.0226184
169 0.0236291
170 0.024743
171 0.0258844
172 0.0271393
173 0.0283804
174 0.0296146
175 0.0307766
176 0.032004
177 0.0332279
178 0.0344965
179 0.0357445
180 0.0369856
181 0.0380892
182 0.0392993
183 0.0405404
184 0.0416956
185 0.0427889
186 0.0439681
187 0.0450786
188 0.0462028
189 0.0473167
190 0.0484718
191 0.0495788
192 0.0507134
193 0.0519029
194 0.0530306
195 0.0541066
196 0.0553856
197 0.064534
198 0.0880806
199 0.119149
200 0.152381
201 0.185457
202 0.217613
203 0.248334
204 0.277818
205 0.305095
206 0.330271
207 0.351765
208 0.369952
209 0.383804
210 0.393695
211 0.401599
212 0.407639
213 0.412435
214 0.416801
215 0.420837
216 0.424695
217 0.428305
218 0.431983
219 0.435796
220 0.43942
221 0.44348
222 0.448046
223 0.452982
224 0.457847
225 0.462365
226 0.466043
227 0.469127
228 0.471479
229 0.473325
230 0.474917
231 0.476171
232 0.477409
233 0.478544
234 0.479561
235 0.480359
236 0.481222
237 0.481958
238 0.482683
239 0.483312
240 0.483979
241 0.484622
242 0.48522
243 0.485757
244 0.486265
245 0.486843
246 0.487427
247 0.487936
248 0.4884
249 0.48893
250 0.489439
251 0.489944
252 0.490408
253 0.490869
254 0.491347
255 0.491811
256 0.492206
257 0.492639
258 0.493059
259 0.493475
260 0.493949
261 0.494314
262 0.494809
263 0.495221
264 0.49561
265 0.496012
266 0.496431
267 0.496896
268 0.497384
269 0.497779
270 0.498216
271 0.498594
272 0.498951
273 0.499213
274 0.499446
275 0.499557
276 0.499656
277 0.499711
278 0.499728
279 0.499759
280 0.49978
281 0.49979
282 0.499807
283 0.499832
284 0.499859
285 0.499866
286 0.499887
287 0.499907
288 0.499928
289 0.499935
290 0.499945
291 0.499952
292 0.499962
293 0.499966
294 0.499972
295 0.499979
296 0.499986
297 0.499993
298 0.499993
299 0.499993
300 0.499997
301 0.5
302 0.5
303 0.5
304 0.5
305 0.5
306 0.5
307 0.5
308 0.5
309 0.5
310 0.5
311 0.5
312 0.5
313 0.5
314 0.5
315 0.5
316 0.5
317 0.5
318 0.5
319 0.5
320 0.5
321 0.5
322 0.5
323 0.5
324 0.5
325 0.5
326 0.5
327 0.5
328 0.5
329 0.5
330 0.5
331 0.5
332 0.5
333 0.5
334 0.5
335 0.5
336 0.5
337 0.5
338 0.5
339 0.5
340 0.5
341 0.5
342 0.5
343 0.5
344 0.5
345 0.5
346 0.5
347 0.5
348 0.5
349 0.5
350 0.5
351 0.5
352 0.5
353 0.5
354 0.5
355 0.5
356 0.5
357 0.5
358 0.5
359 0.5
360 0.5
361 0.5
362 0.5
363 0.5
364 0.5
365 0.5
366 0.5
367 0.5
368 0.5
369 0.5
370 0.5
371 0.5
372 0.5
373 0.5
374 0.5
375 0.5
376 0.5
377 0.5
378 0.5
379 0.5
380 0.5
381 0.5
382 0.5
383 0.5
384 0.5
385 0.5
386 0.5
387 0.5
388 0.5
389 0.5
390 0.5
391 0.5
392 0.5
393 0.5
394 0.5
395 0.5
396 0.5
397 0.5
398 0.5
399 0.5
