0 0
1 0
2 0
3 0
4 0
5 0
6 0
7 0
8 0
9 0
10 0
11 0
12 0
13 0
14 0
15 0
16 0
17 0
18 0
19 0
20 0
21 0
22 0
23 0
24 0
25 0
26 0
27 0
28 0
29 0
30 0
31 0
32 0
33 0
34 0
35 0
36 0
37 0
38 0
39 0
40 0
41 0
42 0
43 0
44 0
45 0
46 0
47 0
48 0
49 0
50 0
51 0
52 0
53 0
54 0
55 0
56 0
57 0
58 0
59 0
60 0
61 0
62 0
63 0
64 0
65 0
66 0
67 0
68 0
69 0
70 0
71 0
72 0
73 0
74 0
75 0
76 0
77 0
78 0
79 0
80 0
81 0
82 0
83 0
84 0
85 0
86 0
87 0
88 0
89 0
90 0
91 0
92 0
93 0
94 0
95 1.03464e-05
96 2.41416e-05
97 2.41416e-05
98 3.4488e-05
99 4.82832e-05
100 4.82832e-05
101 6.8976e-05
102 8.622e-05
103 9.31176e-05
104 0.000110362
105 0.000134503
106 0.000155196
107 0.00017244
108 0.000189684
109 0.000227621
110 0.000248314
111 0.00028625
112 0.000324187
113 0.000379368
114 0.000417305
115 0.00045869
116 0.000503525
117 0.00054491
118 0.000579398
119 0.000624233
120 0.000665618
121 0.000727697
122 0.000796673
123 0.000879444
124 0.00102774
125 0.00116914
126 0.00137262
127 0.00155541
128 0.00189339
129 0.0021486
130 0.00246589
131 0.00284871
132 0.00324877
133 0.00367642
134 0.00406613
135 0.00451103
136 0.00499386
137 0.00545255
138 0.00592504
139 0.00629751
140 0.0067631
141 0.00721834
142 0.00765633
143 0.00816331
144 0.0086151
145 0.00910138
146 0.00955317
147 0.0100326
148 0.0105499
149 0.0111051
150 0.0116949
151 0.012295
152 0.0128985
153 0.0134469
154 0.0140021
155 0.0145884
156 0.0151851
157 0.0157403
158 0.0163266
159 0.0168646
160 0.0174889
161 0.0180441
162 0.0185787
163 0.0191098
164 0.0196651
165 0.0202203
166 0.0208825
167 0.0215791
168 0.0223758
169 0.0233863
170 0.0244968
171 0.0257625
172 0.0269386
173 0.0282353
174 0.0294596
175 0.0306909
176 0.0319773
177 0.0331119
178 0.0343259
179 0.0356261
180 0.0368125
181 0.0379989
182 0.0392094
183 0.0403923
184 0.0414615
185 0.0425547
186 0.043648
187 0.0447999
188 0.0459139
189 0.0470209
190 0.0481418
191 0.0492799
192 0.0503214
193 0.0514561
194 0.0525838
195 0.0536909
196 0.0551153
197 0.0661652
198 0.0913483
199 0.122719
200 0.155806
201 0.18896
202 0.220778
203 0.251328
204 0.280249
205 0.307478
206 0.331888
207 0.353557
208 0.371591
209 0.385141
210 0.394791
211 0.402106
212 0.407831
213 0.412728
214 0.417177
215 0.421188
216 0.42474
217 0.428386
218 0.43201
219 0.435614
220 0.439294
221 0.443267
222 0.447744
223 0.452693
224 0.457473
225 0.462132
226 0.465812
227 0.468892
228 0.471403
229 0.473444
230 0.475007
231 0.476324
232 0.477559
233 0.478597
234 0.479456
235 0.480266
236 0.481135
237 0.481946
238 0.482601
239 0.483215
240 0.483891
241 0.48457
242 0.485163
243 0.485756
244 0.48625
245 0.486812
246 0.487408
247 0.48794
248 0.488488
249 0.488943
250 0.489423
251 0.489892
252 0.490285
253 0.490705
254 0.491161
255 0.491681
256 0.492099
257 0.492571
258 0.493109
259 0.493644
260 0.494047
261 0.494468
262 0.494899
263 0.495268
264 0.49573
265 0.496161
266 0.496596
267 0.497017
268 0.497507
269 0.497879
270 0.498255
271 0.498655
272 0.499003
273 0.499262
274 0.499462
275 0.499586
276 0.499652
277 0.499703
278 0.499717
279 0.499748
280 0.499776
281 0.499824
282 0.499859
283 0.499883
284 0.4999
285 0.499907
286 0.499924
287 0.499934
288 0.499938
289 0.499948
290 0.499955
291 0.499962
292 0.499962
293 0.499966
294 0.499969
295 0.499976
296 0.499979
297 0.499986
298 0.499993
299 0.499997
300 0.5
301 0.5
302 0.5
303 0.5
304 0.5
305 0.5
306 0.5
307 0.5
308 0.5
309 0.5
310 0.5
311 0.5
312 0.5
313 0.5
314 0.5
315 0.5
316 0.5
317 0.5
318 0.5
319 0.5
320 0.5
321 0.5
322 0.5
323 0.5
324 0.5
325 0.5
326 0.5
327 0.5
328 0.5
329 0.5
330 0.5
331 0.5
332 0.5
333 0.5
334 0.5
335 0.5
336 0.5
337 0.5
338 0.5
339 0.5
340 0.5
341 0.5
342 0.5
343 0.5
344 0.5
345 0.5
346 0.5
347 0.5
348 0.5
349 0.5
350 0.5
351 0.5
352 0.5
353 0.5
354 0.5
355 0.5
356 0.5
357 0.5
358 0.5
359 0.5
360 0.5
361 0.5
362 0.5
363 0.5
364 0.5
365 0.5
366 0.5
367 0.5
368 0.5
369 0.5
370 0.5
371 0.5
372 0.5
373 0.5
374 0.5
375 0.5
376 0.5
377 0.5
378 0.5
379 0.5
380 0.5
381 0.5
382 0.5
383 0.5
384 0.5
385 0.5
386 0.5
387 0.5
388 0.5
389 0.5
390 0.5
391 0.5
392 0.5
393 0.5
394 0.5
395 0.5
396 0.5
397 0.5
398 0.5
399 0.5
