0 0
1 0
2 0
3 0
4 0
5 0
6 0
7 0
8 0
9 0
10 0
11 0
12 0
13 0
14 0
15 0
16 0
17 0
18 0
19 0
20 0
21 0
22 0
23 0
24 0
25 0
26 0
27 0
28 0
29 0
30 0
31 0
32 0
33 0
34 0
35 0
36 0
37 0
38 0
39 0
40 0
41 0
42 0
43 0
44 0
45 0
46 0
47 0
48 0
49 0
50 0
51 0
52 0
53 0
54 0
55 0
56 0
57 0
58 0
59 0
60 0
61 0
62 0
63 0
64 0
65 0
66 0
67 0
68 0
69 0
70 0
71 0
72 0
73 0
74 0
75 0
76 0
77 0
78 0
79 0
80 0
81 0
82 0
83 0
84 0
85 0
86 0
87 0
88 0
89 0
90 3.39218e-06
91 3.39218e-06
92 3.39218e-06
93 6.78435e-06
94 1.01765e-05
95 1.01765e-05
96 3.05296e-05
97 5.08826e-05
98 5.42748e-05
99 6.78435e-05
100 7.80201e-05
101 9.15888e-05
102 9.49809e-05
103 0.000115334
104 0.000128903
105 0.000145864
106 0.00015604
107 0.000173001
108 0.000196746
109 0.000227276
110 0.000261198
111 0.000284943
112 0.000315472
113 0.000339218
114 0.000369747
115 0.000393492
116 0.000434199
117 0.000471513
118 0.000515611
119 0.00054614
120 0.000617376
121 0.000698788
122 0.000749671
123 0.000851436
124 0.000963378
125 0.00112281
126 0.00131956
127 0.00154344
128 0.00178768
129 0.00208619
130 0.00237792
131 0.00275784
132 0.00313437
133 0.00353465
134 0.00397563
135 0.00439965
136 0.00479315
137 0.00526805
138 0.00569546
139 0.0060686
140 0.00650959
141 0.00691326
142 0.00733049
143 0.00776808
144 0.00829387
145 0.00880609
146 0.00936241
147 0.00989837
148 0.010475
149 0.0110585
150 0.0116894
151 0.0123441
152 0.0128971
153 0.0134737
154 0.0139826
155 0.0145151
156 0.0151664
157 0.0157634
158 0.0163571
159 0.0168557
160 0.0174595
161 0.018043
162 0.0186027
163 0.0190878
164 0.0196373
165 0.0201936
166 0.020811
167 0.0215335
168 0.0223578
169 0.0233924
170 0.0244474
171 0.0256686
172 0.0268932
173 0.0280703
174 0.0294305
175 0.0305974
176 0.0317983
177 0.0331178
178 0.0343627
179 0.0355398
180 0.0367067
181 0.037989
182 0.0391423
183 0.0405297
184 0.0417407
185 0.0429551
186 0.0440678
187 0.0452143
188 0.0463677
189 0.047538
190 0.0485997
191 0.049709
192 0.0508996
193 0.0520292
194 0.0531656
195 0.0541663
196 0.0553332
197 0.0651637
198 0.0889022
199 0.118869
200 0.151104
201 0.183306
202 0.213551
203 0.243138
204 0.271506
205 0.298379
206 0.321782
207 0.34283
208 0.361182
209 0.375046
210 0.384853
211 0.392264
212 0.398252
213 0.403238
214 0.407885
215 0.412414
216 0.416956
217 0.42139
218 0.426162
219 0.430613
220 0.435647
221 0.44121
222 0.447062
223 0.452618
224 0.457713
225 0.462001
226 0.465454
227 0.468093
228 0.470437
229 0.472133
230 0.473595
231 0.474895
232 0.476116
233 0.477184
234 0.47826
235 0.479148
236 0.479966
237 0.480743
238 0.481458
239 0.482208
240 0.482914
241 0.483545
242 0.484189
243 0.484874
244 0.485532
245 0.486109
246 0.486662
247 0.487262
248 0.487832
249 0.488382
250 0.48883
251 0.489345
252 0.489817
253 0.490315
254 0.490773
255 0.491258
256 0.49174
257 0.492151
258 0.492612
259 0.493104
260 0.493565
261 0.49403
262 0.494484
263 0.494905
264 0.495319
265 0.495763
266 0.496208
267 0.496618
268 0.497015
269 0.497524
270 0.498029
271 0.498443
272 0.498843
273 0.499138
274 0.499366
275 0.499528
276 0.499617
277 0.499695
278 0.499725
279 0.499759
280 0.499783
281 0.4998
282 0.49983
283 0.499847
284 0.499861
285 0.499891
286 0.499902
287 0.499932
288 0.499939
289 0.499949
290 0.499953
291 0.499956
292 0.499966
293 0.499973
294 0.499976
295 0.49998
296 0.499983
297 0.499986
298 0.499993
299 0.499997
300 0.5
301 0.5
302 0.5
303 0.5
304 0.5
305 0.5
306 0.5
307 0.5
308 0.5
309 0.5
310 0.5
311 0.5
312 0.5
313 0.5
314 0.5
315 0.5
316 0.5
317 0.5
318 0.5
319 0.5
320 0.5
321 0.5
322 0.5
323 0.5
324 0.5
325 0.5
326 0.5
327 0.5
328 0.5
329 0.5
330 0.5
331 0.5
332 0.5
333 0.5
334 0.5
335 0.5
336 0.5
337 0.5
338 0.5
339 0.5
340 0.5
341 0.5
342 0.5
343 0.5
344 0.5
345 0.5
346 0.5
347 0.5
348 0.5
349 0.5
350 0.5
351 0.5
352 0.5
353 0.5
354 0.5
355 0.5
356 0.5
357 0.5
358 0.5
359 0.5
360 0.5
361 0.5
362 0.5
363 0.5
364 0.5
365 0.5
366 0.5
367 0.5
368 0.5
369 0.5
370 0.5
371 0.5
372 0.5
373 0.5
374 0.5
375 0.5
376 0.5
377 0.5
378 0.5
379 0.5
380 0.5
381 0.5
382 0.5
383 0.5
384 0.5
385 0.5
386 0.5
387 0.5
388 0.5
389 0.5
390 0.5
391 0.5
392 0.5
393 0.5
394 0.5
395 0.5
396 0.5
397 0.5
398 0.5
399 0.5
