0 0
1 0
2 0
3 0
4 0
5 0
6 0
7 0
8 0
9 0
10 0
11 0
12 0
13 0
14 0
15 0
16 0
17 0
18 0
19 0
20 0
21 0
22 0
23 0
24 0
25 0
26 0
27 0
28 0
29 0
30 0
31 0
32 0
33 0
34 0
35 0
36 0
37 0
38 0
39 0
40 0
41 0
42 0
43 0
44 0
45 0
46 0
47 0
48 0
49 0
50 0
51 0
52 0
53 0
54 0
55 0
56 0
57 0
58 0
59 0
60 0
61 0
62 0
63 0
64 0
65 0
66 0
67 0
68 0
69 0
70 0
71 0
72 0
73 0
74 0
75 0
76 0
77 0
78 0
79 0
80 0
81 0
82 0
83 0
84 0
85 0
86 0
87 0
88 0
89 0
90 0
91 3.42705e-06
92 6.8541e-06
93 1.37082e-05
94 2.39894e-05
95 3.08435e-05
96 3.42705e-05
97 4.45517e-05
98 5.48328e-05
99 6.16869e-05
100 8.22492e-05
101 0.000102812
102 0.000106239
103 0.000113093
104 0.000113093
105 0.000130228
106 0.000157644
107 0.00017478
108 0.000188488
109 0.000222758
110 0.000250175
111 0.000287872
112 0.000322143
113 0.000356413
114 0.000387257
115 0.0004181
116 0.000448944
117 0.000486641
118 0.000544901
119 0.00059288
120 0.000644286
121 0.000695692
122 0.000771087
123 0.000873898
124 0.000986991
125 0.00118233
126 0.00139824
127 0.00161757
128 0.00189516
129 0.00216247
130 0.00246062
131 0.00284445
132 0.00322828
133 0.00358127
134 0.0040165
135 0.00446545
136 0.00485956
137 0.00528109
138 0.00567862
139 0.00615841
140 0.00661764
141 0.00702888
142 0.00747097
143 0.0079302
144 0.0083997
145 0.00890005
146 0.00941754
147 0.00994873
148 0.0104765
149 0.0110077
150 0.0116623
151 0.0122928
152 0.0128412
153 0.0134889
154 0.014092
155 0.014726
156 0.0153223
157 0.0158707
158 0.0163882
159 0.0170119
160 0.0176356
161 0.0182867
162 0.0188625
163 0.0194896
164 0.0200654
165 0.0206583
166 0.0212888
167 0.0219845
168 0.0227591
169 0.0237186
170 0.0248016
171 0.0259051
172 0.0272074
173 0.0284651
174 0.0297468
175 0.0310285
176 0.0324131
177 0.0335645
178 0.0348154
179 0.0361006
180 0.0373206
181 0.0386126
182 0.039932
183 0.0411726
184 0.0424269
185 0.0436058
186 0.0447265
187 0.0458917
188 0.0470329
189 0.0480678
190 0.0490822
191 0.0501823
192 0.0514126
193 0.052427
194 0.0535134
195 0.0546272
196 0.0559329
197 0.0656109
198 0.0887024
199 0.118449
200 0.15091
201 0.18346
202 0.214184
203 0.244455
204 0.273667
205 0.299987
206 0.324035
207 0.345042
208 0.362891
209 0.377147
210 0.386866
211 0.394272
212 0.400225
213 0.405328
214 0.41005
215 0.414245
216 0.41858
217 0.422727
218 0.426778
219 0.430972
220 0.435592
221 0.440849
222 0.446291
223 0.451864
224 0.456829
225 0.461048
226 0.464509
227 0.467426
228 0.469643
229 0.47146
230 0.472981
231 0.474379
232 0.47549
233 0.476693
234 0.477769
235 0.478759
236 0.479684
237 0.480545
238 0.481395
239 0.482148
240 0.482954
241 0.483718
242 0.484421
243 0.485123
244 0.485682
245 0.486336
246 0.486892
247 0.487399
248 0.487861
249 0.488358
250 0.488872
251 0.489407
252 0.489924
253 0.490377
254 0.490846
255 0.491367
256 0.491888
257 0.492337
258 0.492783
259 0.493204
260 0.493728
261 0.494136
262 0.494548
263 0.494942
264 0.495377
265 0.495884
266 0.496333
267 0.496782
268 0.497121
269 0.497584
270 0.498005
271 0.498468
272 0.498862
273 0.49915
274 0.499472
275 0.499589
276 0.499678
277 0.499743
278 0.499781
279 0.499798
280 0.499805
281 0.499818
282 0.499839
283 0.499846
284 0.499859
285 0.49988
286 0.499887
287 0.499904
288 0.499918
289 0.499925
290 0.499928
291 0.499938
292 0.499952
293 0.499969
294 0.499976
295 0.499979
296 0.499979
297 0.499983
298 0.499986
299 0.49999
300 0.499997
301 0.499997
302 0.499997
303 0.5
304 0.5
305 0.5
306 0.5
307 0.5
308 0.5
309 0.5
310 0.5
311 0.5
312 0.5
313 0.5
314 0.5
315 0.5
316 0.5
317 0.5
318 0.5
319 0.5
320 0.5
321 0.5
322 0.5
323 0.5
324 0.5
325 0.5
326 0.5
327 0.5
328 0.5
329 0.5
330 0.5
331 0.5
332 0.5
333 0.5
334 0.5
335 0.5
336 0.5
337 0.5
338 0.5
339 0.5
340 0.5
341 0.5
342 0.5
343 0.5
344 0.5
345 0.5
346 0.5
347 0.5
348 0.5
349 0.5
350 0.5
351 0.5
352 0.5
353 0.5
354 0.5
355 0.5
356 0.5
357 0.5
358 0.5
359 0.5
360 0.5
361 0.5
362 0.5
363 0.5
364 0.5
365 0.5
366 0.5
367 0.5
368 0.5
369 0.5
370 0.5
371 0.5
372 0.5
373 0.5
374 0.5
375 0.5
376 0.5
377 0.5
378 0.5
379 0.5
380 0.5
381 0.5
382 0.5
383 0.5
384 0.5
385 0.5
386 0.5
387 0.5
388 0.5
389 0.5
390 0.5
391 0.5
392 0.5
393 0.5
394 0.5
395 0.5
396 0.5
397 0.5
398 0.5
399 0.5
