0 0
1 0
2 0
3 0
4 0
5 0
6 0
7 0
8 0
9 0
10 0
11 0
12 0
13 0
14 0
15 0
16 0
17 0
18 0
19 0
20 0
21 0
22 0
23 0
24 0
25 0
26 0
27 0
28 0
29 0
30 0
31 0
32 0
33 0
34 0
35 0
36 0
37 0
38 0
39 0
40 0
41 0
42 0
43 0
44 0
45 0
46 0
47 0
48 0
49 0
50 0
51 0
52 0
53 0
54 0
55 0
56 0
57 0
58 0
59 0
60 0
61 0
62 0
63 0
64 0
65 0
66 0
67 0
68 0
69 0
70 0
71 0
72 0
73 0
74 0
75 0
76 0
77 0
78 0
79 0
80 0
81 0
82 0
83 0
84 0
85 0
86 0
87 0
88 0
89 0
90 0
91 7.25863e-06
92 1.08879e-05
93 1.81466e-05
94 1.81466e-05
95 2.17759e-05
96 2.54052e-05
97 4.35518e-05
98 4.71811e-05
99 5.08104e-05
100 7.25863e-05
101 8.71036e-05
102 9.07329e-05
103 9.79915e-05
104 0.000112509
105 0.000134285
106 0.000141543
107 0.000152431
108 0.000174207
109 0.000192354
110 0.000228647
111 0.000243164
112 0.000301233
113 0.000326638
114 0.000377449
115 0.000421001
116 0.000453665
117 0.000518992
118 0.000555285
119 0.000587949
120 0.000616984
121 0.000675053
122 0.000736751
123 0.000769415
124 0.000871036
125 0.00102347
126 0.00121219
127 0.00142632
128 0.00174933
129 0.00205056
130 0.00236268
131 0.00271836
132 0.00311032
133 0.00345148
134 0.00381804
135 0.00431163
136 0.00477981
137 0.00521533
138 0.00575972
139 0.00622065
140 0.00664528
141 0.00712072
142 0.0075889
143 0.00798087
144 0.00848534
145 0.00896078
146 0.00944711
147 0.00997336
148 0.0104887
149 0.0110259
150 0.0115848
151 0.0120856
152 0.0126336
153 0.0132289
154 0.0138749
155 0.0144592
156 0.015029
157 0.0155734
158 0.016223
159 0.0168364
160 0.0174098
161 0.0180377
162 0.0185712
163 0.0191882
164 0.0198124
165 0.0204984
166 0.0211698
167 0.0218993
168 0.0226469
169 0.0236341
170 0.0247447
171 0.0258625
172 0.0271509
173 0.0283123
174 0.0295572
175 0.0308419
176 0.0320614
177 0.0332518
178 0.0344967
179 0.0358141
180 0.0370662
181 0.0383619
182 0.0395051
183 0.0408153
184 0.0420311
185 0.0432687
186 0.0445898
187 0.0457366
188 0.0469017
189 0.0478707
190 0.0490502
191 0.0501354
192 0.0513222
193 0.0523892
194 0.0536123
195 0.0548644
196 0.0559096
197 0.0575283
198 0.068634
199 0.0935166
200 0.126453
201 0.160321
202 0.193853
203 0.226977
204 0.257765
205 0.286923
206 0.314183
207 0.338129
208 0.359299
209 0.377482
210 0.391473
211 0.401079
212 0.408167
213 0.413924
214 0.418417
215 0.422416
216 0.426006
217 0.429453
218 0.432945
219 0.436266
220 0.439648
221 0.443042
222 0.446762
223 0.451022
224 0.455497
225 0.459791
226 0.463747
227 0.467046
228 0.469811
229 0.472112
230 0.474
231 0.475448
232 0.47666
233 0.477785
234 0.478747
235 0.479636
236 0.480445
237 0.481255
238 0.482006
239 0.48275
240 0.483345
241 0.483998
242 0.484597
243 0.485127
244 0.485726
245 0.486256
246 0.486829
247 0.487377
248 0.487867
249 0.488368
250 0.488818
251 0.489362
252 0.489856
253 0.490419
254 0.490869
255 0.491355
256 0.491838
257 0.492233
258 0.492727
259 0.493173
260 0.493569
261 0.493972
262 0.494505
263 0.494919
264 0.495358
265 0.495779
266 0.496167
267 0.496592
268 0.497057
269 0.49751
270 0.497986
271 0.498443
272 0.498897
273 0.499205
274 0.499394
275 0.49955
276 0.499619
277 0.499673
278 0.499684
279 0.499713
280 0.499742
281 0.499793
282 0.499804
283 0.499829
284 0.499858
285 0.499895
286 0.499906
287 0.499924
288 0.499931
289 0.499938
290 0.499942
291 0.499946
292 0.499949
293 0.499964
294 0.499975
295 0.499982
296 0.499989
297 0.499993
298 0.499993
299 0.499993
300 0.499993
301 0.499996
302 0.499996
303 0.5
304 0.5
305 0.5
306 0.5
307 0.5
308 0.5
309 0.5
310 0.5
311 0.5
312 0.5
313 0.5
314 0.5
315 0.5
316 0.5
317 0.5
318 0.5
319 0.5
320 0.5
321 0.5
322 0.5
323 0.5
324 0.5
325 0.5
326 0.5
327 0.5
328 0.5
329 0.5
330 0.5
331 0.5
332 0.5
333 0.5
334 0.5
335 0.5
336 0.5
337 0.5
338 0.5
339 0.5
340 0.5
341 0.5
342 0.5
343 0.5
344 0.5
345 0.5
346 0.5
347 0.5
348 0.5
349 0.5
350 0.5
351 0.5
352 0.5
353 0.5
354 0.5
355 0.5
356 0.5
357 0.5
358 0.5
359 0.5
360 0.5
361 0.5
362 0.5
363 0.5
364 0.5
365 0.5
366 0.5
367 0.5
368 0.5
369 0.5
370 0.5
371 0.5
372 0.5
373 0.5
374 0.5
375 0.5
376 0.5
377 0.5
378 0.5
379 0.5
380 0.5
381 0.5
382 0.5
383 0.5
384 0.5
385 0.5
386 0.5
387 0.5
388 0.5
389 0.5
390 0.5
391 0.5
392 0.5
393 0.5
394 0.5
395 0.5
396 0.5
397 0.5
398 0.5
399 0.5
