0 0
1 0
2 0
3 0
4 0
5 0
6 0
7 0
8 0
9 0
10 0
11 0
12 0
13 0
14 0
15 0
16 0
17 0
18 0
19 0
20 0
21 0
22 0
23 0
24 0
25 0
26 0
27 0
28 0
29 0
30 0
31 0
32 0
33 0
34 0
35 0
36 0
37 0
38 0
39 0
40 0
41 0
42 0
43 0
44 0
45 0
46 0
47 0
48 0
49 0
50 0
51 0
52 0
53 0
54 0
55 0
56 0
57 0
58 0
59 0
60 0
61 0
62 0
63 0
64 0
65 0
66 0
67 0
68 0
69 0
70 0
71 0
72 0
73 0
74 0
75 0
76 0
77 0
78 0
79 0
80 0
81 0
82 0
83 0
84 0
85 0
86 0
87 0
88 0
89 0
90 0
91 3.36159e-06
92 6.72319e-06
93 1.34464e-05
94 1.6808e-05
95 2.01696e-05
96 2.35312e-05
97 3.36159e-05
98 3.36159e-05
99 4.37007e-05
100 4.70623e-05
101 6.38703e-05
102 7.05935e-05
103 8.06782e-05
104 0.000104209
105 0.000134464
106 0.000141187
107 0.00014791
108 0.00016808
109 0.000215142
110 0.000252119
111 0.000282374
112 0.000339521
113 0.000366414
114 0.000406753
115 0.0004639
116 0.000484069
117 0.00052777
118 0.000574832
119 0.000601725
120 0.000628618
121 0.000668957
122 0.000722743
123 0.000776528
124 0.000863929
125 0.000984947
126 0.00115639
127 0.00135472
128 0.00161356
129 0.00186905
130 0.00217495
131 0.00253128
132 0.00286408
133 0.00325738
134 0.00362716
135 0.00410787
136 0.00454487
137 0.00501886
138 0.00538863
139 0.00582228
140 0.00622231
141 0.00663242
142 0.00706943
143 0.00756358
144 0.00802412
145 0.00846449
146 0.00900907
147 0.00950995
148 0.0100646
149 0.0105924
150 0.0111739
151 0.0117488
152 0.0123404
153 0.0128245
154 0.0133657
155 0.0139204
156 0.0143977
157 0.0150129
158 0.0155272
159 0.0160684
160 0.0166802
161 0.0172315
162 0.0178467
163 0.0184047
164 0.0190266
165 0.0196216
166 0.0202469
167 0.0209091
168 0.0217159
169 0.0227076
170 0.0239514
171 0.0252523
172 0.0265196
173 0.0278844
174 0.0292559
175 0.0305838
176 0.032073
177 0.033542
178 0.0349471
179 0.0363254
180 0.0377675
181 0.0391895
182 0.0405442
183 0.0419493
184 0.0432872
185 0.0446722
186 0.0459765
187 0.0473447
188 0.0487498
189 0.0500777
190 0.0513349
191 0.0525081
192 0.0539267
193 0.0551436
194 0.0565554
195 0.0579001
196 0.059006
197 0.0610364
198 0.0741635
199 0.0998191
200 0.131385
201 0.163844
202 0.195413
203 0.226366
204 0.256059
205 0.283749
206 0.309374
207 0.332149
208 0.352127
209 0.369063
210 0.381342
211 0.389854
212 0.396248
213 0.40166
214 0.405835
215 0.409627
216 0.413499
217 0.417043
218 0.420498
219 0.424045
220 0.427349
221 0.431077
222 0.435004
223 0.439145
224 0.443895
225 0.448322
226 0.452622
227 0.456182
228 0.459093
229 0.461399
230 0.463769
231 0.465456
232 0.466848
233 0.468109
234 0.469238
235 0.470243
236 0.471312
237 0.472324
238 0.47342
239 0.474435
240 0.47538
241 0.47619
242 0.477205
243 0.478143
244 0.478872
245 0.479703
246 0.480583
247 0.481316
248 0.481972
249 0.482688
250 0.483474
251 0.484248
252 0.484836
253 0.485552
254 0.486352
255 0.487034
256 0.487626
257 0.488318
258 0.489061
259 0.489653
260 0.490218
261 0.490944
262 0.491606
263 0.492305
264 0.493048
265 0.493737
266 0.494336
267 0.495001
268 0.495637
269 0.496484
270 0.497126
271 0.497815
272 0.498494
273 0.499032
274 0.499385
275 0.499546
276 0.499647
277 0.499691
278 0.499738
279 0.499778
280 0.499795
281 0.499812
282 0.499832
283 0.499845
284 0.499869
285 0.499886
286 0.499896
287 0.499919
288 0.499933
289 0.499946
290 0.49995
291 0.49996
292 0.499963
293 0.499963
294 0.49997
295 0.499973
296 0.499983
297 0.499987
298 0.49999
299 0.49999
300 0.499993
301 0.5
302 0.5
303 0.5
304 0.5
305 0.5
306 0.5
307 0.5
308 0.5
309 0.5
310 0.5
311 0.5
312 0.5
313 0.5
314 0.5
315 0.5
316 0.5
317 0.5
318 0.5
319 0.5
320 0.5
321 0.5
322 0.5
323 0.5
324 0.5
325 0.5
326 0.5
327 0.5
328 0.5
329 0.5
330 0.5
331 0.5
332 0.5
333 0.5
334 0.5
335 0.5
336 0.5
337 0.5
338 0.5
339 0.5
340 0.5
341 0.5
342 0.5
343 0.5
344 0.5
345 0.5
346 0.5
347 0.5
348 0.5
349 0.5
350 0.5
351 0.5
352 0.5
353 0.5
354 0.5
355 0.5
356 0.5
357 0.5
358 0.5
359 0.5
360 0.5
361 0.5
362 0.5
363 0.5
364 0.5
365 0.5
366 0.5
367 0.5
368 0.5
369 0.5
370 0.5
371 0.5
372 0.5
373 0.5
374 0.5
375 0.5
376 0.5
377 0.5
378 0.5
379 0.5
380 0.5
381 0.5
382 0.5
383 0.5
384 0.5
385 0.5
386 0.5
387 0.5
388 0.5
389 0.5
390 0.5
391 0.5
392 0.5
393 0.5
394 0.5
395 0.5
396 0.5
397 0.5
398 0.5
399 0.5
