0 0
1 0
2 0
3 0
4 0
5 0
6 0
7 0
8 0
9 0
10 0
11 0
12 0
13 0
14 0
15 0
16 0
17 0
18 0
19 0
20 0
21 0
22 0
23 0
24 0
25 0
26 0
27 0
28 0
29 0
30 0
31 0
32 0
33 0
34 0
35 0
36 0
37 0
38 0
39 0
40 0
41 0
42 0
43 0
44 0
45 0
46 0
47 0
48 0
49 0
50 0
51 0
52 0
53 0
54 0
55 0
56 0
57 0
58 0
59 0
60 0
61 0
62 0
63 0
64 0
65 0
66 0
67 0
68 0
69 0
70 0
71 0
72 0
73 0
74 0
75 0
76 0
77 0
78 0
79 0
80 0
81 0
82 0
83 0
84 0
85 0
86 0
87 0
88 0
89 0
90 0
91 0
92 0
93 0
94 0
95 2.79667e-06
96 2.79667e-06
97 8.39001e-06
98 2.517e-05
99 4.47467e-05
100 5.87301e-05
101 6.71201e-05
102 9.22901e-05
103 0.000114664
104 0.000137037
105 0.00014263
106 0.00015941
107 0.000178987
108 0.00019297
109 0.000220937
110 0.000246107
111 0.000274074
112 0.000299244
113 0.000321617
114 0.000357974
115 0.000380347
116 0.000408314
117 0.000453061
118 0.000472637
119 0.000511791
120 0.000559334
121 0.000623658
122 0.000693574
123 0.000785865
124 0.000934088
125 0.00108231
126 0.00130325
127 0.00152419
128 0.0017647
129 0.00201081
130 0.00231564
131 0.00263726
132 0.00301761
133 0.00342592
134 0.0037811
135 0.00416424
136 0.00460891
137 0.00503121
138 0.00547588
139 0.00593174
140 0.00641556
141 0.00684625
142 0.00726295
143 0.00774957
144 0.00820264
145 0.00864731
146 0.00919266
147 0.0096569
148 0.0101547
149 0.0107057
150 0.0112147
151 0.01176
152 0.0124004
153 0.0128899
154 0.0134016
155 0.0139945
156 0.014579
157 0.0151831
158 0.0157536
159 0.0163242
160 0.0169031
161 0.0174456
162 0.018019
163 0.0186594
164 0.0192663
165 0.019834
166 0.0204521
167 0.0210645
168 0.0216658
169 0.0223734
170 0.0230194
171 0.0237102
172 0.024538
173 0.0255028
174 0.0266327
175 0.0279276
176 0.0293091
177 0.0307606
178 0.032282
179 0.033767
180 0.0352436
181 0.0366755
182 0.0381466
183 0.0397155
184 0.0412817
185 0.0428562
186 0.0442685
187 0.0456193
188 0.0470736
189 0.0484747
190 0.0498814
191 0.0512266
192 0.0527508
193 0.0541408
194 0.0555419
195 0.0568899
196 0.0582071
197 0.0619435
198 0.0786368
199 0.106517
200 0.138214
201 0.171084
202 0.203033
203 0.232851
204 0.261206
205 0.28806
206 0.312637
207 0.33409
208 0.352641
209 0.367494
210 0.378392
211 0.386282
212 0.392311
213 0.397689
214 0.402421
215 0.406496
216 0.410328
217 0.414234
218 0.417783
219 0.421341
220 0.42494
221 0.428492
222 0.432217
223 0.436113
224 0.440252
225 0.444279
226 0.44813
227 0.451495
228 0.454551
229 0.457135
230 0.459227
231 0.461149
232 0.462888
233 0.464527
234 0.465794
235 0.466966
236 0.468157
237 0.469217
238 0.470299
239 0.471301
240 0.472128
241 0.473012
242 0.473879
243 0.47471
244 0.47556
245 0.476536
246 0.477512
247 0.478564
248 0.479707
249 0.4807
250 0.481746
251 0.482781
252 0.483765
253 0.484741
254 0.485564
255 0.486333
256 0.487071
257 0.487734
258 0.488276
259 0.488864
260 0.48954
261 0.490103
262 0.490681
263 0.4913
264 0.491851
265 0.492404
266 0.492955
267 0.493512
268 0.494093
269 0.494577
270 0.495234
271 0.495819
272 0.49642
273 0.496988
274 0.497539
275 0.498079
276 0.498537
277 0.49889
278 0.49922
279 0.49941
280 0.49958
281 0.499659
282 0.499704
283 0.499746
284 0.499773
285 0.49981
286 0.499849
287 0.499869
288 0.499894
289 0.499911
290 0.499924
291 0.499941
292 0.49995
293 0.499958
294 0.499961
295 0.499964
296 0.499966
297 0.499975
298 0.499975
299 0.499975
300 0.49998
301 0.499983
302 0.499986
303 0.499989
304 0.499989
305 0.499989
306 0.499989
307 0.499997
308 0.5
309 0.5
310 0.5
311 0.5
312 0.5
313 0.5
314 0.5
315 0.5
316 0.5
317 0.5
318 0.5
319 0.5
320 0.5
321 0.5
322 0.5
323 0.5
324 0.5
325 0.5
326 0.5
327 0.5
328 0.5
329 0.5
330 0.5
331 0.5
332 0.5
333 0.5
334 0.5
335 0.5
336 0.5
337 0.5
338 0.5
339 0.5
340 0.5
341 0.5
342 0.5
343 0.5
344 0.5
345 0.5
346 0.5
347 0.5
348 0.5
349 0.5
350 0.5
351 0.5
352 0.5
353 0.5
354 0.5
355 0.5
356 0.5
357 0.5
358 0.5
359 0.5
360 0.5
361 0.5
362 0.5
363 0.5
364 0.5
365 0.5
366 0.5
367 0.5
368 0.5
369 0.5
370 0.5
371 0.5
372 0.5
373 0.5
374 0.5
375 0.5
376 0.5
377 0.5
378 0.5
379 0.5
380 0.5
381 0.5
382 0.5
383 0.5
384 0.5
385 0.5
386 0.5
387 0.5
388 0.5
389 0.5
390 0.5
391 0.5
392 0.5
393 0.5
394 0.5
395 0.5
396 0.5
397 0.5
398 0.5
399 0.5
