0 0
1 0
2 0
3 0
4 0
5 0
6 0
7 0
8 0
9 0
10 0
11 0
12 0
13 0
14 0
15 0
16 0
17 0
18 0
19 0
20 0
21 0
22 0
23 0
24 0
25 0
26 0
27 0
28 0
29 0
30 0
31 0
32 0
33 0
34 0
35 0
36 0
37 0
38 0
39 0
40 0
41 0
42 0
43 0
44 0
45 0
46 0
47 0
48 0
49 0
50 0
51 0
52 0
53 0
54 0
55 0
56 0
57 0
58 0
59 0
60 0
61 0
62 0
63 0
64 0
65 0
66 0
67 0
68 0
69 0
70 0
71 0
72 0
73 0
74 0
75 0
76 0
77 0
78 0
79 0
80 0
81 0
82 0
83 0
84 0
85 0
86 0
87 0
88 0
89 0
90 0
91 0
92 0
93 0
94 0
95 0
96 5.57799e-06
97 1.3945e-05
98 4.18349e-05
99 6.69359e-05
100 8.08809e-05
101 9.76149e-05
102 0.000108771
103 0.000133872
104 0.000147817
105 0.000158973
106 0.000178496
107 0.00019523
108 0.000217542
109 0.000248221
110 0.000273322
111 0.000301212
112 0.000326313
113 0.000370936
114 0.000404404
115 0.000440661
116 0.000479707
117 0.000507597
118 0.000535487
119 0.000566166
120 0.000608001
121 0.000658203
122 0.000713983
123 0.000803231
124 0.000895268
125 0.00103193
126 0.00122158
127 0.00147259
128 0.00170129
129 0.00196066
130 0.00232881
131 0.00265791
132 0.00300096
133 0.00336632
134 0.0037763
135 0.0041807
136 0.00457953
137 0.00505087
138 0.00552221
139 0.00589594
140 0.00633381
141 0.00678284
142 0.00726254
143 0.00771157
144 0.00816339
145 0.00864589
146 0.00912002
147 0.00958857
148 0.0100878
149 0.0106233
150 0.0111532
151 0.0117054
152 0.0122744
153 0.0128768
154 0.0133872
155 0.0139729
156 0.0145335
157 0.0151108
158 0.0156797
159 0.01631
160 0.0168929
161 0.0174926
162 0.0180838
163 0.0186974
164 0.0193696
165 0.0199302
166 0.0205354
167 0.0212103
168 0.0218016
169 0.022351
170 0.0229757
171 0.0237148
172 0.0245571
173 0.0256588
174 0.0267855
175 0.0280573
176 0.0294741
177 0.0309774
178 0.0324528
179 0.0339421
180 0.0353896
181 0.0369737
182 0.0385077
183 0.0399468
184 0.0414528
185 0.0429254
186 0.0444287
187 0.0458567
188 0.0472623
189 0.0487014
190 0.0501099
191 0.0513454
192 0.052779
193 0.0540535
194 0.0554759
195 0.0567672
196 0.058078
197 0.0609228
198 0.0769038
199 0.104537
200 0.137665
201 0.171071
202 0.204009
203 0.234928
204 0.264165
205 0.291687
206 0.316557
207 0.338846
208 0.358065
209 0.373645
210 0.384703
211 0.39276
212 0.399197
213 0.40446
214 0.408959
215 0.412958
216 0.41696
217 0.42067
218 0.424393
219 0.42784
220 0.431371
221 0.434877
222 0.438313
223 0.44205
224 0.446039
225 0.450158
226 0.454085
227 0.457789
228 0.460801
229 0.463277
230 0.465475
231 0.467293
232 0.468928
233 0.470372
234 0.471678
235 0.472752
236 0.473806
237 0.474754
238 0.475646
239 0.476525
240 0.477376
241 0.478226
242 0.479035
243 0.479732
244 0.480516
245 0.4813
246 0.481941
247 0.48265
248 0.483316
249 0.483988
250 0.484753
251 0.485433
252 0.486024
253 0.486688
254 0.487229
255 0.487787
256 0.488336
257 0.488911
258 0.489449
259 0.489962
260 0.490492
261 0.49105
262 0.491605
263 0.492171
264 0.492634
265 0.493094
266 0.493555
267 0.49409
268 0.494587
269 0.495047
270 0.495591
271 0.496112
272 0.4966
273 0.497102
274 0.497618
275 0.498095
276 0.498533
277 0.498915
278 0.499241
279 0.499453
280 0.499579
281 0.499665
282 0.499716
283 0.499749
284 0.499769
285 0.499802
286 0.499835
287 0.499869
288 0.499897
289 0.499911
290 0.499933
291 0.499941
292 0.499947
293 0.499953
294 0.499964
295 0.499969
296 0.499975
297 0.499989
298 0.499989
299 0.499992
300 0.499997
301 0.499997
302 0.499997
303 0.499997
304 0.499997
305 0.499997
306 0.499997
307 0.5
308 0.5
309 0.5
310 0.5
311 0.5
312 0.5
313 0.5
314 0.5
315 0.5
316 0.5
317 0.5
318 0.5
319 0.5
320 0.5
321 0.5
322 0.5
323 0.5
324 0.5
325 0.5
326 0.5
327 0.5
328 0.5
329 0.5
330 0.5
331 0.5
332 0.5
333 0.5
334 0.5
335 0.5
336 0.5
337 0.5
338 0.5
339 0.5
340 0.5
341 0.5
342 0.5
343 0.5
344 0.5
345 0.5
346 0.5
347 0.5
348 0.5
349 0.5
350 0.5
351 0.5
352 0.5
353 0.5
354 0.5
355 0.5
356 0.5
357 0.5
358 0.5
359 0.5
360 0.5
361 0.5
362 0.5
363 0.5
364 0.5
365 0.5
366 0.5
367 0.5
368 0.5
369 0.5
370 0.5
371 0.5
372 0.5
373 0.5
374 0.5
375 0.5
376 0.5
377 0.5
378 0.5
379 0.5
380 0.5
381 0.5
382 0.5
383 0.5
384 0.5
385 0.5
386 0.5
387 0.5
388 0.5
389 0.5
390 0.5
391 0.5
392 0.5
393 0.5
394 0.5
395 0.5
396 0.5
397 0.5
398 0.5
399 0.5
