Common shift
0
Plane	Strip	Correction
0	0	21.782
0	1	21.782
0	2	21.782
0	3	21.782
0	4	21.782
0	5	21.782
0	6	21.782
0	7	21.782
0	8	21.782
0	9	21.782
0	10	21.782
0	11	21.782
0	12	21.782
0	13	21.782
0	14	21.782
0	15	21.782
0	16	21.782
0	17	21.782
0	18	21.782
0	19	21.782
0	20	21.782
0	21	21.782
0	22	21.782
0	23	21.782
0	24	21.782
0	25	21.782
0	26	21.782
0	27	21.782
0	28	21.782
0	29	21.782
0	30	21.782
0	31	21.782
0	32	21.782
0	33	21.782
0	34	21.782
0	35	21.782
0	36	21.782
0	37	21.782
0	38	21.782
0	39	21.782
0	40	21.782
0	41	21.782
0	42	21.782
0	43	21.782
0	44	21.782
0	45	21.782
0	46	21.782
0	47	21.782
1	0	21.782
1	1	21.782
1	2	21.782
1	3	21.782
1	4	21.782
1	5	21.782
1	6	21.782
1	7	21.782
1	8	21.782
1	9	21.782
1	10	21.782
1	11	21.782
1	12	21.782
1	13	21.782
1	14	21.782
1	15	21.782
1	16	21.782
1	17	21.782
1	18	21.782
1	19	21.782
1	20	21.782
1	21	21.782
1	22	21.782
1	23	21.782
1	24	21.782
1	25	21.782
1	26	21.782
1	27	21.782
1	28	21.782
1	29	21.782
1	30	21.782
1	31	21.782
1	32	21.782
1	33	21.782
1	34	21.782
1	35	21.782
1	36	21.782
1	37	21.782
1	38	21.782
1	39	21.782
1	40	21.782
1	41	21.782
1	42	21.782
1	43	21.782
1	44	21.782
1	45	21.782
1	46	21.782
1	47	21.782
2	0	21.782
2	1	21.782
2	2	21.782
2	3	21.782
2	4	21.782
2	5	21.782
2	6	21.782
2	7	21.782
2	8	21.782
2	9	21.782
2	10	21.782
2	11	21.782
2	12	21.782
2	13	21.782
2	14	21.782
2	15	21.782
2	16	21.782
2	17	21.782
2	18	21.782
2	19	21.782
2	20	21.782
2	21	21.782
2	22	21.782
2	23	21.782
2	24	21.782
2	25	21.782
2	26	21.782
2	27	21.782
2	28	21.782
2	29	21.782
2	30	21.782
2	31	21.782
2	32	21.782
2	33	21.782
2	34	21.782
2	35	21.782
2	36	21.782
2	37	21.782
2	38	21.782
2	39	21.782
2	40	21.782
2	41	21.782
2	42	21.782
2	43	21.782
2	44	21.782
2	45	21.782
2	46	21.782
2	47	21.782
3	0	21.782
3	1	21.782
3	2	21.782
3	3	21.782
3	4	21.782
3	5	21.782
3	6	21.782
3	7	21.782
3	8	21.782
3	9	21.782
3	10	21.782
3	11	21.782
3	12	21.782
3	13	21.782
3	14	21.782
3	15	21.782
3	16	21.782
3	17	21.782
3	18	21.782
3	19	21.782
3	20	21.782
3	21	21.782
3	22	21.782
3	23	21.782
3	24	21.782
3	25	21.782
3	26	21.782
3	27	21.782
3	28	21.782
3	29	21.782
3	30	21.782
3	31	21.782
3	32	21.782
3	33	21.782
3	34	21.782
3	35	21.782
3	36	21.782
3	37	21.782
3	38	21.782
3	39	21.782
3	40	21.782
3	41	21.782
3	42	21.782
3	43	21.782
3	44	21.782
3	45	21.782
3	46	21.782
3	47	21.782
4	0	21.782
4	1	21.782
4	2	21.782
4	3	21.782
4	4	21.782
4	5	21.782
4	6	21.782
4	7	21.782
4	8	21.782
4	9	21.782
4	10	21.782
4	11	21.782
4	12	21.782
4	13	21.782
4	14	21.782
4	15	21.782
4	16	21.782
4	17	21.782
4	18	21.782
4	19	21.782
4	20	21.782
4	21	21.782
4	22	21.782
4	23	21.782
4	24	21.782
4	25	21.782
4	26	21.782
4	27	21.782
4	28	21.782
4	29	21.782
4	30	21.782
4	31	21.782
4	32	21.782
4	33	21.782
4	34	21.782
4	35	21.782
4	36	21.782
4	37	21.782
4	38	21.782
4	39	21.782
4	40	21.782
4	41	21.782
4	42	21.782
4	43	21.782
4	44	21.782
4	45	21.782
4	46	21.782
4	47	21.782
5	0	21.782
5	1	21.782
5	2	21.782
5	3	21.782
5	4	21.782
5	5	21.782
5	6	21.782
5	7	21.782
5	8	21.782
5	9	21.782
5	10	21.782
5	11	21.782
5	12	21.782
5	13	21.782
5	14	21.782
5	15	21.782
5	16	21.782
5	17	21.782
5	18	21.782
5	19	21.782
5	20	21.782
5	21	21.782
5	22	21.782
5	23	21.782
5	24	21.782
5	25	21.782
5	26	21.782
5	27	21.782
5	28	21.782
5	29	21.782
5	30	21.782
5	31	21.782
5	32	21.782
5	33	21.782
5	34	21.782
5	35	21.782
5	36	21.782
5	37	21.782
5	38	21.782
5	39	21.782
5	40	21.782
5	41	21.782
5	42	21.782
5	43	21.782
5	44	21.782
5	45	21.782
5	46	21.782
5	47	21.782
6	0	21.782
6	1	21.782
6	2	21.782
6	3	21.782
6	4	21.782
6	5	21.782
6	6	21.782
6	7	21.782
6	8	21.782
6	9	21.782
6	10	21.782
6	11	21.782
6	12	21.782
6	13	21.782
6	14	21.782
6	15	21.782
6	16	21.782
6	17	21.782
6	18	21.782
6	19	21.782
6	20	21.782
6	21	21.782
6	22	21.782
6	23	21.782
6	24	21.782
6	25	21.782
6	26	21.782
6	27	21.782
6	28	21.782
6	29	21.782
6	30	21.782
6	31	21.782
6	32	21.782
6	33	21.782
6	34	21.782
6	35	21.782
6	36	21.782
6	37	21.782
6	38	21.782
6	39	21.782
6	40	21.782
6	41	21.782
6	42	21.782
6	43	21.782
6	44	21.782
6	45	21.782
6	46	21.782
6	47	21.782
7	0	21.782
7	1	21.782
7	2	21.782
7	3	21.782
7	4	21.782
7	5	21.782
7	6	21.782
7	7	21.782
7	8	21.782
7	9	21.782
7	10	21.782
7	11	21.782
7	12	21.782
7	13	21.782
7	14	21.782
7	15	21.782
7	16	21.782
7	17	21.782
7	18	21.782
7	19	21.782
7	20	21.782
7	21	21.782
7	22	21.782
7	23	21.782
7	24	21.782
7	25	21.782
7	26	21.782
7	27	21.782
7	28	21.782
7	29	21.782
7	30	21.782
7	31	21.782
7	32	21.782
7	33	21.782
7	34	21.782
7	35	21.782
7	36	21.782
7	37	21.782
7	38	21.782
7	39	21.782
7	40	21.782
7	41	21.782
7	42	21.782
7	43	21.782
7	44	21.782
7	45	21.782
7	46	21.782
7	47	21.782
8	0	21.782
8	1	21.782
8	2	21.782
8	3	21.782
8	4	21.782
8	5	21.782
8	6	21.782
8	7	21.782
8	8	21.782
8	9	21.782
8	10	21.782
8	11	21.782
8	12	21.782
8	13	21.782
8	14	21.782
8	15	21.782
8	16	21.782
8	17	21.782
8	18	21.782
8	19	21.782
8	20	21.782
8	21	21.782
8	22	21.782
8	23	21.782
8	24	21.782
8	25	21.782
8	26	21.782
8	27	21.782
8	28	21.782
8	29	21.782
8	30	21.782
8	31	21.782
8	32	21.782
8	33	21.782
8	34	21.782
8	35	21.782
8	36	21.782
8	37	21.782
8	38	21.782
8	39	21.782
8	40	21.782
8	41	21.782
8	42	21.782
8	43	21.782
8	44	21.782
8	45	21.782
8	46	21.782
8	47	21.782
9	0	21.782
9	1	21.782
9	2	21.782
9	3	21.782
9	4	21.782
9	5	21.782
9	6	21.782
9	7	21.782
9	8	21.782
9	9	21.782
9	10	21.782
9	11	21.782
9	12	21.782
9	13	21.782
9	14	21.782
9	15	21.782
9	16	21.782
9	17	21.782
9	18	21.782
9	19	21.782
9	20	21.782
9	21	21.782
9	22	21.782
9	23	21.782
9	24	21.782
9	25	21.782
9	26	21.782
9	27	21.782
9	28	21.782
9	29	21.782
9	30	21.782
9	31	21.782
9	32	21.782
9	33	21.782
9	34	21.782
9	35	21.782
9	36	21.782
9	37	21.782
9	38	21.782
9	39	21.782
9	40	21.782
9	41	21.782
9	42	21.782
9	43	21.782
9	44	21.782
9	45	21.782
9	46	21.782
9	47	21.782
10	0	21.782
10	1	21.782
10	2	21.782
10	3	21.782
10	4	21.782
10	5	21.782
10	6	21.782
10	7	21.782
10	8	21.782
10	9	21.782
10	10	21.782
10	11	21.782
10	12	21.782
10	13	21.782
10	14	21.782
10	15	21.782
10	16	21.782
10	17	21.782
10	18	21.782
10	19	21.782
10	20	21.782
10	21	21.782
10	22	21.782
10	23	21.782
10	24	21.782
10	25	21.782
10	26	21.782
10	27	21.782
10	28	21.782
10	29	21.782
10	30	21.782
10	31	21.782
10	32	21.782
10	33	21.782
10	34	21.782
10	35	21.782
10	36	21.782
10	37	21.782
10	38	21.782
10	39	21.782
10	40	21.782
10	41	21.782
10	42	21.782
10	43	21.782
10	44	21.782
10	45	21.782
10	46	21.782
10	47	21.782
11	0	21.782
11	1	21.782
11	2	21.782
11	3	21.782
11	4	21.782
11	5	21.782
11	6	21.782
11	7	21.782
11	8	21.782
11	9	21.782
11	10	21.782
11	11	21.782
11	12	21.782
11	13	21.782
11	14	21.782
11	15	21.782
11	16	21.782
11	17	21.782
11	18	21.782
11	19	21.782
11	20	21.782
11	21	21.782
11	22	21.782
11	23	21.782
11	24	21.782
11	25	21.782
11	26	21.782
11	27	21.782
11	28	21.782
11	29	21.782
11	30	21.782
11	31	21.782
11	32	21.782
11	33	21.782
11	34	21.782
11	35	21.782
11	36	21.782
11	37	21.782
11	38	21.782
11	39	21.782
11	40	21.782
11	41	21.782
11	42	21.782
11	43	21.782
11	44	21.782
11	45	21.782
11	46	21.782
11	47	21.782
12	0	21.782
12	1	21.782
12	2	21.782
12	3	21.782
12	4	21.782
12	5	21.782
12	6	21.782
12	7	21.782
12	8	21.782
12	9	21.782
12	10	21.782
12	11	21.782
12	12	21.782
12	13	21.782
12	14	21.782
12	15	21.782
12	16	21.782
12	17	21.782
12	18	21.782
12	19	21.782
12	20	21.782
12	21	21.782
12	22	21.782
12	23	21.782
12	24	21.782
12	25	21.782
12	26	21.782
12	27	21.782
12	28	21.782
12	29	21.782
12	30	21.782
12	31	21.782
12	32	21.782
12	33	21.782
12	34	21.782
12	35	21.782
12	36	21.782
12	37	21.782
12	38	21.782
12	39	21.782
12	40	21.782
12	41	21.782
12	42	21.782
12	43	21.782
12	44	21.782
12	45	21.782
12	46	21.782
12	47	21.782
13	0	21.782
13	1	21.782
13	2	21.782
13	3	21.782
13	4	21.782
13	5	21.782
13	6	21.782
13	7	21.782
13	8	21.782
13	9	21.782
13	10	21.782
13	11	21.782
13	12	21.782
13	13	21.782
13	14	21.782
13	15	21.782
13	16	21.782
13	17	21.782
13	18	21.782
13	19	21.782
13	20	21.782
13	21	21.782
13	22	21.782
13	23	21.782
13	24	21.782
13	25	21.782
13	26	21.782
13	27	21.782
13	28	21.782
13	29	21.782
13	30	21.782
13	31	21.782
13	32	21.782
13	33	21.782
13	34	21.782
13	35	21.782
13	36	21.782
13	37	21.782
13	38	21.782
13	39	21.782
13	40	21.782
13	41	21.782
13	42	21.782
13	43	21.782
13	44	21.782
13	45	21.782
13	46	21.782
13	47	21.782
14	0	21.782
14	1	21.782
14	2	21.782
14	3	21.782
14	4	21.782
14	5	21.782
14	6	21.782
14	7	21.782
14	8	21.782
14	9	21.782
14	10	21.782
14	11	21.782
14	12	21.782
14	13	21.782
14	14	21.782
14	15	21.782
14	16	21.782
14	17	21.782
14	18	21.782
14	19	21.782
14	20	21.782
14	21	21.782
14	22	21.782
14	23	21.782
14	24	21.782
14	25	21.782
14	26	21.782
14	27	21.782
14	28	21.782
14	29	21.782
14	30	21.782
14	31	21.782
14	32	21.782
14	33	21.782
14	34	21.782
14	35	21.782
14	36	21.782
14	37	21.782
14	38	21.782
14	39	21.782
14	40	21.782
14	41	21.782
14	42	21.782
14	43	21.782
14	44	21.782
14	45	21.782
14	46	21.782
14	47	21.782
15	0	21.782
15	1	21.782
15	2	21.782
15	3	21.782
15	4	21.782
15	5	21.782
15	6	21.782
15	7	21.782
15	8	21.782
15	9	21.782
15	10	21.782
15	11	21.782
15	12	21.782
15	13	21.782
15	14	21.782
15	15	21.782
15	16	21.782
15	17	21.782
15	18	21.782
15	19	21.782
15	20	21.782
15	21	21.782
15	22	21.782
15	23	21.782
15	24	21.782
15	25	21.782
15	26	21.782
15	27	21.782
15	28	21.782
15	29	21.782
15	30	21.782
15	31	21.782
15	32	21.782
15	33	21.782
15	34	21.782
15	35	21.782
15	36	21.782
15	37	21.782
15	38	21.782
15	39	21.782
15	40	21.782
15	41	21.782
15	42	21.782
15	43	21.782
15	44	21.782
15	45	21.782
15	46	21.782
15	47	21.782
16	0	21.782
16	1	21.782
16	2	21.782
16	3	21.782
16	4	21.782
16	5	21.782
16	6	21.782
16	7	21.782
16	8	21.782
16	9	21.782
16	10	21.782
16	11	21.782
16	12	21.782
16	13	21.782
16	14	21.782
16	15	21.782
16	16	21.782
16	17	21.782
16	18	21.782
16	19	21.782
16	20	21.782
16	21	21.782
16	22	21.782
16	23	21.782
16	24	21.782
16	25	21.782
16	26	21.782
16	27	21.782
16	28	21.782
16	29	21.782
16	30	21.782
16	31	21.782
16	32	21.782
16	33	21.782
16	34	21.782
16	35	21.782
16	36	21.782
16	37	21.782
16	38	21.782
16	39	21.782
16	40	21.782
16	41	21.782
16	42	21.782
16	43	21.782
16	44	21.782
16	45	21.782
16	46	21.782
16	47	21.782
17	0	21.782
17	1	21.782
17	2	21.782
17	3	21.782
17	4	21.782
17	5	21.782
17	6	21.782
17	7	21.782
17	8	21.782
17	9	21.782
17	10	21.782
17	11	21.782
17	12	21.782
17	13	21.782
17	14	21.782
17	15	21.782
17	16	21.782
17	17	21.782
17	18	21.782
17	19	21.782
17	20	21.782
17	21	21.782
17	22	21.782
17	23	21.782
17	24	21.782
17	25	21.782
17	26	21.782
17	27	21.782
17	28	21.782
17	29	21.782
17	30	21.782
17	31	21.782
17	32	21.782
17	33	21.782
17	34	21.782
17	35	21.782
17	36	21.782
17	37	21.782
17	38	21.782
17	39	21.782
17	40	21.782
17	41	21.782
17	42	21.782
17	43	21.782
17	44	21.782
17	45	21.782
17	46	21.782
17	47	21.782
18	0	21.782
18	1	21.782
18	2	21.782
18	3	21.782
18	4	21.782
18	5	21.782
18	6	21.782
18	7	21.782
18	8	21.782
18	9	21.782
18	10	21.782
18	11	21.782
18	12	21.782
18	13	21.782
18	14	21.782
18	15	21.782
18	16	21.782
18	17	21.782
18	18	21.782
18	19	21.782
18	20	21.782
18	21	21.782
18	22	21.782
18	23	21.782
18	24	21.782
18	25	21.782
18	26	21.782
18	27	21.782
18	28	21.782
18	29	21.782
18	30	21.782
18	31	21.782
18	32	21.782
18	33	21.782
18	34	21.782
18	35	21.782
18	36	21.782
18	37	21.782
18	38	21.782
18	39	21.782
18	40	21.782
18	41	21.782
18	42	21.782
18	43	21.782
18	44	21.782
18	45	21.782
18	46	21.782
18	47	21.782
19	0	21.782
19	1	21.782
19	2	21.782
19	3	21.782
19	4	21.782
19	5	21.782
19	6	21.782
19	7	21.782
19	8	21.782
19	9	21.782
19	10	21.782
19	11	21.782
19	12	21.782
19	13	21.782
19	14	21.782
19	15	21.782
19	16	21.782
19	17	21.782
19	18	21.782
19	19	21.782
19	20	21.782
19	21	21.782
19	22	21.782
19	23	21.782
19	24	21.782
19	25	21.782
19	26	21.782
19	27	21.782
19	28	21.782
19	29	21.782
19	30	21.782
19	31	21.782
19	32	21.782
19	33	21.782
19	34	21.782
19	35	21.782
19	36	21.782
19	37	21.782
19	38	21.782
19	39	21.782
19	40	21.782
19	41	21.782
19	42	21.782
19	43	21.782
19	44	21.782
19	45	21.782
19	46	21.782
19	47	21.782
