Common TimeShift, ns
0
Plane	 Strip	 TimeShift, ns
0 0 15.6762
0 1 15.6921
0 2 15.708
0 3 15.7241
0 4 15.7402
0 5 15.7564
0 6 15.7727
0 7 15.7891
0 8 15.8056
0 9 15.8222
0 10 15.8389
0 11 15.8557
0 12 15.8725
0 13 15.8895
0 14 15.9065
0 15 15.9237
0 16 15.9409
0 17 15.9582
0 18 15.9757
0 19 15.9932
0 20 16.0108
0 21 16.0284
0 22 16.0462
0 23 16.0641
0 24 16.082
0 25 16.1
0 26 16.1182
0 27 16.1364
0 28 16.1547
0 29 16.1731
0 30 16.1915
0 31 16.2101
0 32 16.2287
0 33 16.2475
0 34 16.2663
0 35 16.2852
0 36 16.3042
0 37 16.3232
0 38 16.3424
0 39 16.3616
0 40 16.3809
0 41 16.4003
0 42 16.4198
0 43 16.4394
0 44 16.459
0 45 16.4788
0 46 16.4986
0 47 16.5185
1 0 15.7184
1 1 15.7342
1 2 15.7501
1 3 15.766
1 4 15.7821
1 5 15.7983
1 6 15.8146
1 7 15.8309
1 8 15.8474
1 9 15.8639
1 10 15.8806
1 11 15.8973
1 12 15.9141
1 13 15.931
1 14 15.9481
1 15 15.9652
1 16 15.9823
1 17 15.9996
1 18 16.017
1 19 16.0344
1 20 16.052
1 21 16.0696
1 22 16.0874
1 23 16.1052
1 24 16.1231
1 25 16.1411
1 26 16.1591
1 27 16.1773
1 28 16.1955
1 29 16.2139
1 30 16.2323
1 31 16.2508
1 32 16.2694
1 33 16.2881
1 34 16.3069
1 35 16.3257
1 36 16.3446
1 37 16.3637
1 38 16.3828
1 39 16.402
1 40 16.4212
1 41 16.4406
1 42 16.46
1 43 16.4795
1 44 16.4991
1 45 16.5188
1 46 16.5386
1 47 16.5584
2 0 15.5744
2 1 15.5904
2 2 15.6064
2 3 15.6226
2 4 15.6388
2 5 15.6551
2 6 15.6715
2 7 15.688
2 8 15.7046
2 9 15.7213
2 10 15.7381
2 11 15.755
2 12 15.772
2 13 15.7891
2 14 15.8062
2 15 15.8235
2 16 15.8408
2 17 15.8582
2 18 15.8758
2 19 15.8934
2 20 15.9111
2 21 15.9289
2 22 15.9468
2 23 15.9647
2 24 15.9828
2 25 16.0009
2 26 16.0192
2 27 16.0375
2 28 16.0559
2 29 16.0744
2 30 16.093
2 31 16.1116
2 32 16.1304
2 33 16.1492
2 34 16.1682
2 35 16.1872
2 36 16.2063
2 37 16.2255
2 38 16.2447
2 39 16.2641
2 40 16.2835
2 41 16.303
2 42 16.3226
2 43 16.3423
2 44 16.3621
2 45 16.3819
2 46 16.4019
2 47 16.4219
3 0 15.7204
3 1 15.7362
3 2 15.752
3 3 15.768
3 4 15.7841
3 5 15.8003
3 6 15.8166
3 7 15.8329
3 8 15.8494
3 9 15.8659
3 10 15.8826
3 11 15.8993
3 12 15.9161
3 13 15.933
3 14 15.95
3 15 15.9671
3 16 15.9843
3 17 16.0016
3 18 16.0189
3 19 16.0364
3 20 16.0539
3 21 16.0716
3 22 16.0893
3 23 16.1071
3 24 16.125
3 25 16.143
3 26 16.1611
3 27 16.1792
3 28 16.1975
3 29 16.2158
3 30 16.2342
3 31 16.2527
3 32 16.2713
3 33 16.29
3 34 16.3088
3 35 16.3276
3 36 16.3466
3 37 16.3656
3 38 16.3847
3 39 16.4039
3 40 16.4231
3 41 16.4425
3 42 16.4619
3 43 16.4814
3 44 16.501
3 45 16.5207
3 46 16.5405
3 47 16.5603
4 0 15.6802
4 1 15.6961
4 2 15.712
4 3 15.728
4 4 15.7442
4 5 15.7604
4 6 15.7767
4 7 15.7931
4 8 15.8096
4 9 15.8262
4 10 15.8429
4 11 15.8596
4 12 15.8765
4 13 15.8934
4 14 15.9105
4 15 15.9276
4 16 15.9449
4 17 15.9622
4 18 15.9796
4 19 15.9971
4 20 16.0147
4 21 16.0323
4 22 16.0501
4 23 16.068
4 24 16.0859
4 25 16.1039
4 26 16.1221
4 27 16.1403
4 28 16.1586
4 29 16.1769
4 30 16.1954
4 31 16.214
4 32 16.2326
4 33 16.2513
4 34 16.2701
4 35 16.289
4 36 16.308
4 37 16.3271
4 38 16.3462
4 39 16.3654
4 40 16.3848
4 41 16.4042
4 42 16.4236
4 43 16.4432
4 44 16.4628
4 45 16.4826
4 46 16.5024
4 47 16.5223
5 0 14.6406
5 1 14.6521
5 2 14.6637
5 3 14.6755
5 4 14.6873
5 5 14.6993
5 6 14.7113
5 7 14.7235
5 8 14.7358
5 9 14.7482
5 10 14.7607
5 11 14.7733
5 12 14.786
5 13 14.7988
5 14 14.8117
5 15 14.8247
5 16 14.8379
5 17 14.8511
5 18 14.8644
5 19 14.8779
5 20 14.8914
5 21 14.9051
5 22 14.9189
5 23 14.9327
5 24 14.9467
5 25 14.9608
5 26 14.9749
5 27 14.9892
5 28 15.0036
5 29 15.0181
5 30 15.0327
5 31 15.0473
5 32 15.0621
5 33 15.077
5 34 15.092
5 35 15.1071
5 36 15.1223
5 37 15.1376
5 38 15.1529
5 39 15.1684
5 40 15.184
5 41 15.1997
5 42 15.2155
5 43 15.2313
5 44 15.2473
5 45 15.2634
5 46 15.2796
5 47 15.2958
6 0 14.6804
6 1 14.6919
6 2 14.7035
6 3 14.7152
6 4 14.727
6 5 14.7389
6 6 14.751
6 7 14.7631
6 8 14.7754
6 9 14.7877
6 10 14.8002
6 11 14.8127
6 12 14.8254
6 13 14.8382
6 14 14.8511
6 15 14.8641
6 16 14.8772
6 17 14.8904
6 18 14.9037
6 19 14.9171
6 20 14.9306
6 21 14.9442
6 22 14.958
6 23 14.9718
6 24 14.9857
6 25 14.9998
6 26 15.0139
6 27 15.0281
6 28 15.0425
6 29 15.0569
6 30 15.0715
6 31 15.0861
6 32 15.1009
6 33 15.1157
6 34 15.1306
6 35 15.1457
6 36 15.1608
6 37 15.1761
6 38 15.1914
6 39 15.2069
6 40 15.2224
6 41 15.2381
6 42 15.2538
6 43 15.2696
6 44 15.2856
6 45 15.3016
6 46 15.3177
6 47 15.334
7 0 14.5287
7 1 14.5403
7 2 14.552
7 3 14.5638
7 4 14.5758
7 5 14.5878
7 6 14.6
7 7 14.6122
7 8 14.6246
7 9 14.6371
7 10 14.6497
7 11 14.6624
7 12 14.6752
7 13 14.6881
7 14 14.7011
7 15 14.7142
7 16 14.7275
7 17 14.7408
7 18 14.7542
7 19 14.7678
7 20 14.7814
7 21 14.7952
7 22 14.8091
7 23 14.823
7 24 14.8371
7 25 14.8513
7 26 14.8655
7 27 14.8799
7 28 14.8944
7 29 14.909
7 30 14.9237
7 31 14.9385
7 32 14.9534
7 33 14.9684
7 34 14.9835
7 35 14.9987
7 36 15.014
7 37 15.0294
7 38 15.0448
7 39 15.0604
7 40 15.0761
7 41 15.0919
7 42 15.1078
7 43 15.1238
7 44 15.1399
7 45 15.1561
7 46 15.1724
7 47 15.1888
8 0 14.6798
8 1 14.6912
8 2 14.7028
8 3 14.7145
8 4 14.7264
8 5 14.7383
8 6 14.7503
8 7 14.7625
8 8 14.7747
8 9 14.7871
8 10 14.7995
8 11 14.8121
8 12 14.8248
8 13 14.8375
8 14 14.8504
8 15 14.8634
8 16 14.8765
8 17 14.8897
8 18 14.903
8 19 14.9164
8 20 14.93
8 21 14.9436
8 22 14.9573
8 23 14.9711
8 24 14.9851
8 25 14.9991
8 26 15.0132
8 27 15.0275
8 28 15.0418
8 29 15.0563
8 30 15.0708
8 31 15.0855
8 32 15.1002
8 33 15.1151
8 34 15.13
8 35 15.1451
8 36 15.1602
8 37 15.1754
8 38 15.1908
8 39 15.2062
8 40 15.2218
8 41 15.2374
8 42 15.2532
8 43 15.269
8 44 15.2849
8 45 15.301
8 46 15.3171
8 47 15.3333
9 0 14.6392
9 1 14.6508
9 2 14.6624
9 3 14.6741
9 4 14.686
9 5 14.6979
9 6 14.71
9 7 14.7222
9 8 14.7344
9 9 14.7468
9 10 14.7593
9 11 14.7719
9 12 14.7846
9 13 14.7975
9 14 14.8104
9 15 14.8234
9 16 14.8365
9 17 14.8498
9 18 14.8631
9 19 14.8766
9 20 14.8901
9 21 14.9038
9 22 14.9175
9 23 14.9314
9 24 14.9454
9 25 14.9594
9 26 14.9736
9 27 14.9879
9 28 15.0023
9 29 15.0168
9 30 15.0313
9 31 15.046
9 32 15.0608
9 33 15.0757
9 34 15.0907
9 35 15.1058
9 36 15.121
9 37 15.1363
9 38 15.1516
9 39 15.1671
9 40 15.1827
9 41 15.1984
9 42 15.2142
9 43 15.2301
9 44 15.246
9 45 15.2621
9 46 15.2783
9 47 15.2945
10 0 14.6667
10 1 14.655
10 2 14.6434
10 3 14.632
10 4 14.6206
10 5 14.6094
10 6 14.5983
10 7 14.5873
10 8 14.5764
10 9 14.5656
10 10 14.5549
10 11 14.5444
10 12 14.5339
10 13 14.5236
10 14 14.5134
10 15 14.5032
10 16 14.4932
10 17 14.4834
10 18 14.4736
10 19 14.4639
10 20 14.4544
10 21 14.4449
10 22 14.4356
10 23 14.4264
10 24 14.4173
10 25 14.4084
10 26 14.3995
10 27 14.3908
10 28 14.3821
10 29 14.3736
10 30 14.3652
10 31 14.3569
10 32 14.3488
10 33 14.3407
10 34 14.3328
10 35 14.325
10 36 14.3173
10 37 14.3097
10 38 14.3023
10 39 14.2949
10 40 14.2877
10 41 14.2806
10 42 14.2736
10 43 14.2667
10 44 14.26
10 45 14.2533
10 46 14.2468
10 47 14.2404
11 0 14.7055
11 1 14.6939
11 2 14.6824
11 3 14.671
11 4 14.6597
11 5 14.6485
11 6 14.6374
11 7 14.6264
11 8 14.6155
11 9 14.6048
11 10 14.5941
11 11 14.5836
11 12 14.5732
11 13 14.5629
11 14 14.5527
11 15 14.5426
11 16 14.5326
11 17 14.5227
11 18 14.513
11 19 14.5034
11 20 14.4938
11 21 14.4844
11 22 14.4751
11 23 14.466
11 24 14.4569
11 25 14.4479
11 26 14.4391
11 27 14.4304
11 28 14.4218
11 29 14.4133
11 30 14.4049
11 31 14.3967
11 32 14.3885
11 33 14.3805
11 34 14.3726
11 35 14.3648
11 36 14.3571
11 37 14.3496
11 38 14.3421
11 39 14.3348
11 40 14.3276
11 41 14.3205
11 42 14.3136
11 43 14.3067
11 44 14.3
11 45 14.2934
11 46 14.2869
11 47 14.2805
12 0 14.5532
12 1 14.5415
12 2 14.5298
12 3 14.5183
12 4 14.5069
12 5 14.4955
12 6 14.4843
12 7 14.4732
12 8 14.4623
12 9 14.4514
12 10 14.4406
12 11 14.43
12 12 14.4194
12 13 14.409
12 14 14.3987
12 15 14.3885
12 16 14.3784
12 17 14.3685
12 18 14.3586
12 19 14.3489
12 20 14.3393
12 21 14.3298
12 22 14.3204
12 23 14.3111
12 24 14.3019
12 25 14.2929
12 26 14.284
12 27 14.2751
12 28 14.2664
12 29 14.2579
12 30 14.2494
12 31 14.241
12 32 14.2328
12 33 14.2247
12 34 14.2167
12 35 14.2088
12 36 14.2011
12 37 14.1934
12 38 14.1859
12 39 14.1785
12 40 14.1712
12 41 14.1641
12 42 14.157
12 43 14.1501
12 44 14.1433
12 45 14.1366
12 46 14.13
12 47 14.1236
13 0 14.7032
13 1 14.6915
13 2 14.68
13 3 14.6686
13 4 14.6573
13 5 14.6461
13 6 14.635
13 7 14.624
13 8 14.6131
13 9 14.6024
13 10 14.5917
13 11 14.5812
13 12 14.5708
13 13 14.5605
13 14 14.5503
13 15 14.5402
13 16 14.5302
13 17 14.5203
13 18 14.5106
13 19 14.5009
13 20 14.4914
13 21 14.482
13 22 14.4727
13 23 14.4635
13 24 14.4545
13 25 14.4455
13 26 14.4367
13 27 14.428
13 28 14.4194
13 29 14.4109
13 30 14.4025
13 31 14.3942
13 32 14.3861
13 33 14.3781
13 34 14.3702
13 35 14.3624
13 36 14.3547
13 37 14.3471
13 38 14.3397
13 39 14.3324
13 40 14.3252
13 41 14.3181
13 42 14.3111
13 43 14.3043
13 44 14.2975
13 45 14.2909
13 46 14.2844
13 47 14.278
14 0 14.6619
14 1 14.6502
14 2 14.6386
14 3 14.6272
14 4 14.6159
14 5 14.6046
14 6 14.5935
14 7 14.5825
14 8 14.5716
14 9 14.5608
14 10 14.5501
14 11 14.5396
14 12 14.5291
14 13 14.5188
14 14 14.5085
14 15 14.4984
14 16 14.4884
14 17 14.4785
14 18 14.4687
14 19 14.4591
14 20 14.4495
14 21 14.4401
14 22 14.4308
14 23 14.4216
14 24 14.4125
14 25 14.4035
14 26 14.3946
14 27 14.3859
14 28 14.3773
14 29 14.3687
14 30 14.3603
14 31 14.3521
14 32 14.3439
14 33 14.3359
14 34 14.3279
14 35 14.3201
14 36 14.3124
14 37 14.3048
14 38 14.2974
14 39 14.29
14 40 14.2828
14 41 14.2757
14 42 14.2687
14 43 14.2618
14 44 14.2551
14 45 14.2484
14 46 14.2419
14 47 14.2355
15 0 15.7075
15 1 15.6917
15 2 15.6759
15 3 15.6602
15 4 15.6447
15 5 15.6292
15 6 15.6138
15 7 15.5985
15 8 15.5834
15 9 15.5683
15 10 15.5533
15 11 15.5384
15 12 15.5236
15 13 15.5089
15 14 15.4943
15 15 15.4798
15 16 15.4654
15 17 15.4511
15 18 15.4369
15 19 15.4228
15 20 15.4088
15 21 15.3949
15 22 15.3811
15 23 15.3674
15 24 15.3538
15 25 15.3403
15 26 15.3269
15 27 15.3136
15 28 15.3004
15 29 15.2873
15 30 15.2743
15 31 15.2614
15 32 15.2486
15 33 15.236
15 34 15.2234
15 35 15.2109
15 36 15.1986
15 37 15.1863
15 38 15.1741
15 39 15.1621
15 40 15.1501
15 41 15.1383
15 42 15.1265
15 43 15.1149
15 44 15.1034
15 45 15.092
15 46 15.0807
15 47 15.0694
16 0 15.7494
16 1 15.7336
16 2 15.7179
16 3 15.7023
16 4 15.6868
16 5 15.6713
16 6 15.656
16 7 15.6408
16 8 15.6256
16 9 15.6106
16 10 15.5956
16 11 15.5808
16 12 15.566
16 13 15.5514
16 14 15.5368
16 15 15.5223
16 16 15.508
16 17 15.4937
16 18 15.4796
16 19 15.4655
16 20 15.4515
16 21 15.4377
16 22 15.4239
16 23 15.4102
16 24 15.3967
16 25 15.3832
16 26 15.3698
16 27 15.3566
16 28 15.3434
16 29 15.3304
16 30 15.3174
16 31 15.3046
16 32 15.2918
16 33 15.2792
16 34 15.2666
16 35 15.2542
16 36 15.2419
16 37 15.2296
16 38 15.2175
16 39 15.2055
16 40 15.1936
16 41 15.1818
16 42 15.1701
16 43 15.1585
16 44 15.147
16 45 15.1356
16 46 15.1243
16 47 15.1131
17 0 15.6055
17 1 15.5895
17 2 15.5737
17 3 15.5579
17 4 15.5422
17 5 15.5267
17 6 15.5112
17 7 15.4958
17 8 15.4805
17 9 15.4653
17 10 15.4502
17 11 15.4352
17 12 15.4203
17 13 15.4056
17 14 15.3909
17 15 15.3763
17 16 15.3618
17 17 15.3474
17 18 15.3331
17 19 15.3189
17 20 15.3048
17 21 15.2908
17 22 15.2769
17 23 15.2631
17 24 15.2494
17 25 15.2358
17 26 15.2223
17 27 15.2089
17 28 15.1956
17 29 15.1824
17 30 15.1694
17 31 15.1564
17 32 15.1435
17 33 15.1308
17 34 15.1181
17 35 15.1055
17 36 15.0931
17 37 15.0807
17 38 15.0685
17 39 15.0563
17 40 15.0443
17 41 15.0324
17 42 15.0206
17 43 15.0089
17 44 14.9972
17 45 14.9857
17 46 14.9744
17 47 14.9631
18 0 15.751
18 1 15.7352
18 2 15.7195
18 3 15.7039
18 4 15.6883
18 5 15.6729
18 6 15.6576
18 7 15.6423
18 8 15.6272
18 9 15.6122
18 10 15.5972
18 11 15.5824
18 12 15.5676
18 13 15.5529
18 14 15.5384
18 15 15.5239
18 16 15.5096
18 17 15.4953
18 18 15.4811
18 19 15.4671
18 20 15.4531
18 21 15.4393
18 22 15.4255
18 23 15.4118
18 24 15.3983
18 25 15.3848
18 26 15.3715
18 27 15.3582
18 28 15.345
18 29 15.332
18 30 15.319
18 31 15.3062
18 32 15.2934
18 33 15.2808
18 34 15.2683
18 35 15.2558
18 36 15.2435
18 37 15.2313
18 38 15.2191
18 39 15.2071
18 40 15.1952
18 41 15.1834
18 42 15.1717
18 43 15.1601
18 44 15.1486
18 45 15.1372
18 46 15.1259
18 47 15.1148
19 0 15.7107
19 1 15.6948
19 2 15.6791
19 3 15.6634
19 4 15.6478
19 5 15.6324
19 6 15.617
19 7 15.6017
19 8 15.5865
19 9 15.5715
19 10 15.5565
19 11 15.5416
19 12 15.5268
19 13 15.5121
19 14 15.4975
19 15 15.483
19 16 15.4686
19 17 15.4543
19 18 15.4401
19 19 15.426
19 20 15.412
19 21 15.3981
19 22 15.3843
19 23 15.3706
19 24 15.357
19 25 15.3435
19 26 15.3301
19 27 15.3168
19 28 15.3036
19 29 15.2905
19 30 15.2776
19 31 15.2647
19 32 15.2519
19 33 15.2392
19 34 15.2266
19 35 15.2142
19 36 15.2018
19 37 15.1895
19 38 15.1774
19 39 15.1653
19 40 15.1534
19 41 15.1416
19 42 15.1298
19 43 15.1182
19 44 15.1067
19 45 15.0952
19 46 15.0839
19 47 15.0727
