TimeShift by Proton p>2GeV/c. Common TimeShift, ns
545
Plane	Strip	TimeShift, ns
0	0	15.9632
0	1	16.0676
0	2	16.0768
0	3	16.0016
0	4	16.1151
0	5	16.1028
0	6	16.2877
0	7	16.1595
0	8	16.27
0	9	16.1059
0	10	16.2172
0	11	16.2341
0	12	16.2984
0	13	16.1274
0	14	16.3554
0	15	16.2976
0	16	16.3193
0	17	16.2919
0	18	16.3555
0	19	16.3278
0	20	16.4372
0	21	16.3595
0	22	16.3349
0	23	16.398
0	24	16.5078
0	25	16.5265
0	26	16.5399
0	27	16.4226
0	28	16.5784
0	29	16.5466
0	30	16.5676
0	31	16.5824
0	32	16.5998
0	33	16.5738
0	34	16.7352
0	35	16.5578
0	36	16.6718
0	37	16.764
0	38	16.8528
0	39	16.6427
0	40	14.8446
0	41	13.9512
0	42	16.7653
0	43	16.8843
0	44	16.9719
0	45	16.83
0	46	16.9401
0	47	16.9739
1	0	16.1879
1	1	16.1587
1	2	16.1285
1	3	16.0737
1	4	16.1625
1	5	16.1246
1	6	16.2895
1	7	16.2377
1	8	16.3166
1	9	16.3364
1	10	16.3765
1	11	16.2301
1	12	16.3193
1	13	16.2652
1	14	16.3759
1	15	16.2749
1	16	16.3888
1	17	16.3366
1	18	16.426
1	19	16.4232
1	20	16.6065
1	21	16.4104
1	22	16.4523
1	23	16.4729
1	24	16.5396
1	25	16.6269
1	26	16.623
1	27	16.5182
1	28	16.707
1	29	16.7203
1	30	16.7165
1	31	16.6872
1	32	16.7979
1	33	16.6528
1	34	16.7922
1	35	16.7404
1	36	16.8273
1	37	16.6555
1	38	16.7927
1	39	16.9005
1	40	16.8982
1	41	16.8936
1	42	17.0765
1	43	16.963
1	44	17.078
1	45	16.9559
1	46	16.9318
1	47	16.9564
2	0	18.1223
2	1	18.2081
2	2	18.2471
2	3	18.1458
2	4	18.2337
2	5	18.2471
2	6	18.2863
2	7	18.3029
2	8	18.3623
2	9	18.2645
2	10	18.374
2	11	18.3662
2	12	18.4526
2	13	18.4467
2	14	18.5116
2	15	18.4325
2	16	18.5473
2	17	18.5182
2	18	18.5653
2	19	18.5846
2	20	18.6696
2	21	18.5255
2	22	18.617
2	23	18.6601
2	24	18.4912
2	25	18.5547
2	26	18.5734
2	27	18.4804
2	28	18.5915
2	29	18.6203
2	30	18.7813
2	31	18.6598
2	32	18.8454
2	33	18.7235
2	34	18.86
2	35	18.7894
2	36	18.875
2	37	18.7109
2	38	18.8463
2	39	18.8896
2	40	18.8892
2	41	18.8361
2	42	19.0198
2	43	18.9221
2	44	19.0125
2	45	18.9585
2	46	18.9269
2	47	18.963
3	0	22.7504
3	1	22.7395
3	2	22.7376
3	3	22.7088
3	4	22.8156
3	5	22.687
3	6	22.8482
3	7	22.8156
3	8	22.9198
3	9	22.8487
3	10	22.9544
3	11	22.7839
3	12	22.9871
3	13	22.9091
3	14	23.0187
3	15	22.9165
3	16	22.9846
3	17	22.9979
3	18	23.0142
3	19	23.082
3	20	23.1238
3	21	23.0444
3	22	23.1127
3	23	23.1076
3	24	22.9647
3	25	22.9823
3	26	23.0489
3	27	22.9297
3	28	23.1122
3	29	23.0675
3	30	23.1574
3	31	23.1648
3	32	23.1659
3	33	23.1458
3	34	23.3074
3	35	23.1394
3	36	23.301
3	37	23.2282
3	38	23.2937
3	39	23.2667
3	40	23.3107
3	41	23.2545
3	42	23.3673
3	43	23.2912
3	44	23.4381
3	45	23.3838
3	46	23.3895
3	47	23.3907
4	0	22.4098
4	1	22.468
4	2	22.4863
4	3	22.3851
4	4	22.4451
4	5	22.5023
4	6	22.5295
4	7	22.4981
4	8	22.6889
4	9	22.5775
4	10	22.7426
4	11	22.6145
4	12	22.8206
4	13	22.6443
4	14	22.8072
4	15	22.7254
4	16	22.7419
4	17	22.7067
4	18	22.8675
4	19	22.7426
4	20	22.9019
4	21	22.7817
4	22	22.8037
4	23	22.8219
4	24	23.1726
4	25	23.1615
4	26	23.2105
4	27	23.0921
4	28	23.2034
4	29	23.1238
4	30	23.2666
4	31	23.2609
4	32	23.2328
4	33	23.2274
4	34	23.3644
4	35	23.2462
4	36	23.3578
4	37	23.3349
4	38	23.3978
4	39	23.2685
4	40	23.4339
4	41	23.3533
4	42	23.422
4	43	23.3935
4	44	23.5522
4	45	23.4276
4	46	23.4707
4	47	23.5622
5	0	15.1891
5	1	15.173
5	2	15.2078
5	3	15.411
5	4	15.3284
5	5	15.3365
5	6	15.3021
5	7	15.4046
5	8	15.3215
5	9	15.3321
5	10	15.2509
5	11	15.3518
5	12	15.3204
5	13	15.4264
5	14	15.3929
5	15	15.4986
5	16	15.515
5	17	15.526
5	18	15.3972
5	19	15.4602
5	20	15.4715
5	21	15.4367
5	22	15.5455
5	23	15.5186
5	24	15.5786
5	25	15.5401
5	26	15.5779
5	27	15.7124
5	28	15.6774
5	29	15.7371
5	30	15.6588
5	31	15.7189
5	32	15.5885
5	33	15.7035
5	34	15.6242
5	35	15.7308
5	36	15.6519
5	37	15.7621
5	38	15.7302
5	39	15.87
5	40	15.7343
5	41	15.9032
5	42	15.8008
5	43	15.8515
5	44	15.7651
5	45	15.8705
5	46	15.9105
5	47	15.851
6	0	15.3399
6	1	15.3151
6	2	15.271
6	3	15.3238
6	4	15.2857
6	5	15.315
6	6	15.204
6	7	15.3073
6	8	15.1302
6	9	15.3267
6	10	15.2431
6	11	15.3484
6	12	15.2661
6	13	15.4649
6	14	15.4307
6	15	15.3471
6	16	15.4089
6	17	15.5632
6	18	15.3869
6	19	14.209
6	20	15.3706
6	21	15.5235
6	22	15.629
6	23	15.5536
6	24	15.5186
6	25	15.4853
6	26	15.5445
6	27	15.5604
6	28	15.5293
6	29	15.633
6	30	15.4153
6	31	15.5024
6	32	15.4928
6	33	15.6493
6	34	15.6181
6	35	15.7053
6	36	15.6492
6	37	15.7139
6	38	15.6125
6	39	15.7231
6	40	15.5942
6	41	15.6883
6	42	15.6974
6	43	15.7155
6	44	15.5896
6	45	15.7763
6	46	15.8141
6	47	15.7713
7	0	17.0254
7	1	16.9748
7	2	17.0978
7	3	17.1462
7	4	17.0855
7	5	17.1384
7	6	17.0144
7	7	17.1172
7	8	17.0805
7	9	17.1404
7	10	17.0342
7	11	17.1673
7	12	17.1315
7	13	17.3334
7	14	17.227
7	15	17.289
7	16	17.3275
7	17	17.4133
7	18	17.2147
7	19	17.3257
7	20	17.2918
7	21	17.2595
7	22	17.3804
7	23	17.3905
7	24	17.563
7	25	17.6002
7	26	17.6616
7	27	17.7247
7	28	17.6458
7	29	17.7763
7	30	17.5821
7	31	17.7163
7	32	17.6148
7	33	17.6298
7	34	17.5997
7	35	17.7544
7	36	17.6335
7	37	17.7868
7	38	17.6631
7	39	17.8514
7	40	17.8113
7	41	17.9501
7	42	17.8715
7	43	17.8864
7	44	17.7626
7	45	17.9204
7	46	17.9216
7	47	17.8747
8	0	21.7347
8	1	21.7664
8	2	21.6248
8	3	21.8354
8	4	21.7455
8	5	21.6845
8	6	21.7178
8	7	21.8152
8	8	21.6393
8	9	21.8379
8	10	21.753
8	11	21.7881
8	12	21.7311
8	13	21.8803
8	14	21.7553
8	15	21.8143
8	16	21.8298
8	17	21.8427
8	18	21.7357
8	19	21.8269
8	20	21.7229
8	21	21.8757
8	22	21.9358
8	23	21.921
8	24	21.846
8	25	21.8309
8	26	21.848
8	27	21.9806
8	28	21.8301
8	29	21.9749
8	30	21.7821
8	31	21.9267
8	32	21.9826
8	33	22.0442
8	34	21.9435
8	35	22.1944
8	36	22.0675
8	37	22.1554
8	38	22.1263
8	39	22.2479
8	40	22.0756
8	41	22.2323
8	42	22.1768
8	43	22.1877
8	44	22.1528
8	45	22.3053
8	46	22.2805
8	47	22.3131
9	0	21.6129
9	1	21.6377
9	2	21.5982
9	3	21.7613
9	4	21.6802
9	5	21.6827
9	6	21.6424
9	7	21.7472
9	8	21.6645
9	9	21.8124
9	10	21.6871
9	11	21.8149
9	12	21.7646
9	13	21.8873
9	14	21.8358
9	15	21.9134
9	16	21.9087
9	17	22.0004
9	18	21.8637
9	19	21.9775
9	20	21.8812
9	21	21.9508
9	22	21.9733
9	23	21.9692
9	24	21.8194
9	25	21.9197
9	26	21.9022
9	27	22.0327
9	28	21.9887
9	29	22.005
9	30	21.8782
9	31	22.0524
9	32	22.0114
9	33	22.0897
9	34	22.0628
9	35	22.1698
9	36	22.0929
9	37	22.2499
9	38	22.1224
9	39	22.21
9	40	22.1142
9	41	22.2344
9	42	22.1593
9	43	22.1745
9	44	22.095
9	45	22.283
9	46	22.271
9	47	22.3282
10	0	15.2412
10	1	15.0718
10	2	15.1049
10	3	15.2168
10	4	15.1069
10	5	15.07
10	6	15.0827
10	7	15.1168
10	8	14.9229
10	9	15.0977
10	10	15.0885
10	11	14.9101
10	12	14.9284
10	13	14.8407
10	14	14.9043
10	15	14.9831
10	16	14.8861
10	17	14.9621
10	18	14.9505
10	19	14.9916
10	20	14.8934
10	21	14.8752
10	22	15.0107
10	23	14.9051
10	24	14.8759
10	25	14.7668
10	26	14.7585
10	27	14.9155
10	28	14.816
10	29	14.8235
10	30	14.7958
10	31	14.7834
10	32	14.6161
10	33	14.6321
10	34	14.6208
10	35	14.5887
10	36	14.7027
10	37	14.7849
10	38	14.7987
10	39	14.6752
10	40	14.7666
10	41	14.8229
10	42	14.5623
10	43	14.7416
10	44	14.6465
10	45	14.5644
10	46	14.7687
10	47	14.7604
11	0	15.1715
11	1	15.0854
11	2	15.337
11	3	15.1883
11	4	15.1285
11	5	15.3947
11	6	15.0623
11	7	15.1357
11	8	15.2257
11	9	15.0268
11	10	15.0141
11	11	15.238
11	12	15.2966
11	13	15.0774
11	14	15.1133
11	15	15.2373
11	16	14.9509
11	17	15.0301
11	18	15.1168
11	19	15.0148
11	20	14.8657
11	21	15.138
11	22	15.0367
11	23	14.8857
11	24	15.0668
11	25	15.035
11	26	15.1472
11	27	15.0445
11	28	14.9427
11	29	15.0739
11	30	14.8822
11	31	14.9925
11	32	15.0074
11	33	14.9112
11	34	14.9989
11	35	15.0889
11	36	14.9846
11	37	15.0238
11	38	14.9989
11	39	15.0591
11	40	14.9567
11	41	15.023
11	42	14.9463
11	43	14.9877
11	44	14.8412
11	45	15.0659
11	46	15.1065
11	47	14.9735
12	0	17.078
12	1	16.9455
12	2	17.0675
12	3	17.1201
12	4	16.9711
12	5	17.0718
12	6	16.9216
12	7	16.9976
12	8	16.9448
12	9	16.8848
12	10	16.9168
12	11	16.9066
12	12	17.0076
12	13	16.7835
12	14	16.7701
12	15	16.9888
12	16	16.7512
12	17	16.8715
12	18	16.8184
12	19	16.6633
12	20	16.5599
12	21	16.8276
12	22	16.7257
12	23	16.6156
12	24	16.7539
12	25	16.6413
12	26	16.6774
12	27	16.7583
12	28	16.6575
12	29	16.6005
12	30	16.5874
12	31	16.6706
12	32	16.479
12	33	17.1297
12	34	16.6692
12	35	16.4782
12	36	16.4991
12	37	16.5522
12	38	16.5262
12	39	16.6358
12	40	15.6855
12	41	16.6024
12	42	16.5366
12	43	16.5766
12	44	16.478
12	45	16.6223
12	46	16.6408
12	47	16.5898
13	0	21.6436
13	1	21.5837
13	2	21.6407
13	3	21.7271
13	4	21.5749
13	5	21.6995
13	6	21.4546
13	7	21.5613
13	8	21.4855
13	9	21.4686
13	10	21.3901
13	11	21.5448
13	12	21.4881
13	13	21.3801
13	14	21.4182
13	15	21.5227
13	16	21.3536
13	17	21.4299
13	18	21.3268
13	19	21.3697
13	20	21.3198
13	21	21.3502
13	22	21.3415
13	23	21.2882
13	24	21.5616
13	25	21.4341
13	26	21.3566
13	27	21.6325
13	28	21.5125
13	29	21.3816
13	30	21.5195
13	31	21.559
13	32	21.3448
13	33	21.5436
13	34	21.4942
13	35	21.3461
13	36	21.3447
13	37	21.4732
13	38	21.4678
13	39	21.4155
13	40	21.4072
13	41	21.4928
13	42	21.1576
13	43	21.4323
13	44	21.3076
13	45	21.1835
13	46	21.4787
13	47	21.3936
14	0	21.6939
14	1	21.5378
14	2	21.7086
14	3	21.7016
14	4	21.5959
14	5	21.676
14	6	21.5495
14	7	21.6087
14	8	21.5516
14	9	21.5632
14	10	21.5304
14	11	21.5955
14	12	21.6313
14	13	21.6909
14	14	21.729
14	15	21.674
14	16	21.6153
14	17	21.6518
14	18	21.5255
14	19	21.6299
14	20	21.5335
14	21	21.5211
14	22	21.6754
14	23	21.5026
14	24	21.5146
14	25	21.4619
14	26	21.5421
14	27	21.653
14	28	21.4779
14	29	21.5632
14	30	21.4364
14	31	21.5004
14	32	21.3712
14	33	21.4121
14	34	21.4256
14	35	21.4387
14	36	21.4786
14	37	21.4226
14	38	21.4143
14	39	21.4988
14	40	21.2821
14	41	21.369
14	42	21.2894
14	43	21.3539
14	44	21.1864
14	45	21.3388
14	46	21.3695
14	47	21.227
15	0	16.1851
15	1	16.2431
15	2	16.0946
15	3	16.029
15	4	16.1072
15	5	16.0621
15	6	16.1214
15	7	16.0543
15	8	16.1758
15	9	16.21
15	10	16.1499
15	11	16.0869
15	12	16.0257
15	13	16.0075
15	14	15.9461
15	15	15.9768
15	16	16.0359
15	17	15.8984
15	18	15.9771
15	19	15.9133
15	20	16.0418
15	21	15.884
15	22	15.8238
15	23	15.8958
15	24	15.8652
15	25	15.9161
15	26	15.8522
15	27	15.7512
15	28	15.8768
15	29	15.8132
15	30	15.8753
15	31	15.7891
15	32	16.0098
15	33	15.7639
15	34	15.7531
15	35	15.7862
15	36	15.7239
15	37	15.6869
15	38	15.6762
15	39	15.724
15	40	15.6712
15	41	15.5368
15	42	15.7227
15	43	15.542
15	44	15.7155
15	45	15.6108
15	46	15.4223
15	47	15.5272
16	0	16.2031
16	1	16.2319
16	2	16.0258
16	3	16.03
16	4	16.1072
16	5	15.9492
16	6	16.1692
16	7	16.0321
16	8	16.0421
16	9	16.142
16	10	16.0344
16	11	15.9454
16	12	15.8555
16	13	15.9333
16	14	15.9193
16	15	15.7353
16	16	15.9998
16	17	15.7955
16	18	15.8744
16	19	15.8844
16	20	16.0091
16	21	15.784
16	22	15.7909
16	23	15.8665
16	24	15.8999
16	25	15.9093
16	26	15.7529
16	27	15.7422
16	28	15.8482
16	29	15.6926
16	30	15.7968
16	31	15.6642
16	32	15.7241
16	33	15.6451
16	34	15.6069
16	35	15.5929
16	36	15.5583
16	37	15.6406
16	38	15.6251
16	39	15.4891
16	40	15.6617
16	41	15.5686
16	42	15.613
16	43	15.5768
16	44	15.7125
16	45	15.4949
16	46	15.5104
16	47	15.542
17	0	18.1837
17	1	18.1797
17	2	18.0842
17	3	18.0187
17	4	18.1079
17	5	17.9958
17	6	18.1225
17	7	17.9864
17	8	18.0953
17	9	18.0299
17	10	17.9948
17	11	17.9567
17	12	17.9199
17	13	18.019
17	14	18.007
17	15	17.7812
17	16	18.1201
17	17	18.0409
17	18	17.9492
17	19	18.0285
17	20	18.1564
17	21	17.8791
17	22	17.8912
17	23	17.9708
17	24	17.7212
17	25	17.7563
17	26	17.7128
17	27	17.5888
17	28	17.6928
17	29	17.6301
17	30	17.7385
17	31	17.6023
17	32	17.7337
17	33	17.695
17	34	17.6352
17	35	17.624
17	36	17.5609
17	37	17.5018
17	38	17.4693
17	39	17.4911
17	40	17.5368
17	41	17.508
17	42	17.5885
17	43	17.5049
17	44	17.6292
17	45	17.4892
17	46	17.3386
17	47	17.4303
18	0	22.7078
18	1	22.7435
18	2	22.5859
18	3	22.5866
18	4	22.6923
18	5	22.4871
18	6	22.6984
18	7	22.5526
18	8	22.6255
18	9	22.659
18	10	22.6052
18	11	22.4979
18	12	22.4834
18	13	22.4718
18	14	21.0996
18	15	22.3505
18	16	22.5801
18	17	22.4757
18	18	22.5527
18	19	22.4935
18	20	22.5695
18	21	22.4146
18	22	22.3093
18	23	22.3869
18	24	22.5109
18	25	22.5046
18	26	22.396
18	27	22.4067
18	28	22.4175
18	29	22.2842
18	30	22.4371
18	31	22.2329
18	32	22.3416
18	33	22.3529
18	34	22.3387
18	35	22.2311
18	36	22.2182
18	37	22.154
18	38	22.0464
18	39	22.1692
18	40	22.1711
18	41	22.1037
18	42	22.2314
18	43	22.0805
18	44	22.1679
18	45	22.2289
18	46	22.0151
18	47	22.1028
19	0	22.7028
19	1	22.737
19	2	22.6002
19	3	22.5602
19	4	22.6545
19	5	22.4834
19	6	22.6517
19	7	22.5028
19	8	22.6213
19	9	22.5683
19	10	22.5588
19	11	22.5423
19	12	22.4817
19	13	22.3557
19	14	22.266
19	15	22.3896
19	16	22.3566
19	17	22.2791
19	18	22.4456
19	19	22.2933
19	20	22.3274
19	21	22.3414
19	22	22.1615
19	23	22.1909
19	24	22.2766
19	25	22.3106
19	26	22.3294
19	27	22.1556
19	28	22.2578
19	29	22.2518
19	30	22.2351
19	31	22.1866
19	32	22.4291
19	33	22.2495
19	34	22.1875
19	35	35.7912
19	36	22.3035
19	37	20.0215
19	38	22.2308
19	39	22.1525
19	40	22.1565
19	41	22.095
19	42	22.1899
19	43	22.125
19	44	22.2708
19	45	22.1277
19	46	21.9927
19	47	22.0998
