ncrates
1

crate	crateID
0	0x6912B2

nslots
4

crate	slot	dnltype		dnlfile
0	0	0		TDC_FFD_INL.dat
0	3	1		TDC2_INL.dat
0	4	1		TDC3_INL.dat
0	5	2		TDC4_INL.dat
0	6	2		TDC1_INL.dat

nchambers
4

chamber		chamberID
0		7
1		3
2		4
3		5

crate    slot      channel chamber   strip   side
0        3         16      0      	1       1
0        3         17      0      	2       1
0        3         18      0      	3       1
0        3         19      0      	4       1
0        3         20      0      	5       1
0        3         21      0      	6       1
0        3         22      0      	7       1
0        3         23      0      	8       1
0        3         24      0      	9       1
0        3         25      0      	10      1
0        3         26      0      	11      1
0        3         27      0      	1       2
0        3         28      0      	2       2
0        3         29      0      	3       2
0        3         30      0      	4       2
0        3         31      0      	5       2
0        4         0       0      	6       2
0        4         1       0      	7       2
0        4         2       0      	8       2
0        4         3       0      	9       2
0        4         4       0      	10      2
0        4         5       0      	11      2
0        4         6       1      	16      1
0        4         7       1      	15      1
0        4         8       1      	14      1
0        4         9       1      	13      1
0        4         10      1      	12      1
0        4         11      1      	11      1
0        4         12      1      	10      1
0        4         13      1      	9       1
0        4         14      1      	8       1
0        4         15      1      	7       1
0        4         16      1      	6       1
0        4         17      1      	5       1
0        4         18      1      	4       1
0        4         19      1      	16      2
0        4         20      1      	15      2
0        4         21      1      	14      2
0        4         22      1      	13      2
0        4         23      1      	12      2
0        4         24      1      	11      2
0        4         25      1      	10      2
0        4         26      1      	9       2
0        4         27      1      	8       2
0        4         28      1      	7       2
0        4         29      1      	6       2
0        4         30      1      	5       2
0        4         31      1      	4       2
0        5         0       2      	32      2
0        5         1       2      	31      2
0        5         2       2      	30      2
0        5         3       2      	29      2
0        5         4       2      	28      2
0        5         5       2      	27      2
0        5         6       2      	26      2
0        5         7       2      	25      2
0        5         8       2      	24      2
0        5         9       2      	23      2
0        5         10      2      	22      2
0        5         11      2      	21      2
0        5         12      2      	20      2
0        5         13      2      	19      2
0        5         14      2      	18      2
0        5         15      2      	17      2
0        5         16      2      	16      2
0        5         17      2      	15      2
0        5         18      2      	14      2
0        5         19      2      	13      2
0        5         20      2      	12      2
0        5         21      2      	11      2
0        5         22      3      	10      2
0        5         23      3      	9       2
0        5         24      3      	8       2
0        5         25      3      	7       2
0        5         26      3      	6       2
0        5         27      3      	5       2
0        5         28      3      	4       2
0        5         29      3      	3       2
0        5         30      3      	2       2
0        5         31      3      	1       2
0        6         0       3      	1       1
0        6         1       3      	2       1
0        6         2       3      	3       1
0        6         3       3      	4       1
0        6         4       3      	5       1
0        6         5       3      	6       1
0        6         6       3      	7       1
0        6         7       3      	8       1
0        6         8       3      	9       1
0        6         9       3      	10      1
0        6         10      2      	11      1
0        6         11      2      	12      1
0        6         12      2      	13      1
0        6         13      2      	14      1
0        6         14      2      	15      1
0        6         15      2      	16      1
0        6         16      2      	17      1
0        6         17      2      	18      1
0        6         18      2      	19      1
0        6         19      2      	20      1
0        6         20      2      	21      1
0        6         21      2      	22      1
0        6         22      2      	23      1
0        6         23      2      	24      1
0        6         24      2      	25      1
0        6         25      2      	26      1
0        6         26      2      	27      1
0        6         27      2      	28      1
0        6         28      2      	29      1
0        6         29      2      	30      1
0        6         30      2      	31      1
0        6         31      2      	32      1
