crate  		slot  tdc  channel plane   strip   side
=================================================
0x6912B2        3      1   16      04      9       R
0x6912B2        3      1   17      04      9       L
0x6912B2        3      1   18      04      10      R
0x6912B2        3      1   19      04      10      L
0x6912B2        3      1   20      04      11      R
0x6912B2        3      1   21      04      11      L
0x6912B2        3      1   22      04      12      R
0x6912B2        3      1   23      04      12      L
0x6912B2        3      1   24      04      13      R
0x6912B2        3      1   25      04      13      L
0x6912B2        3      1   26      04      14      R
0x6912B2        3      1   27      04      14      L
0x6912B2        3      1   28      04      15      R
0x6912B2        3      1   29      04      15      L
0x6912B2        3      1   30      04      16      R
0x6912B2        3      1   31      04      16      L

0x6912B2        5      2   0       03      16      L
0x6912B2        5      2   1       03      16      R
0x6912B2        5      2   2       03      15      L
0x6912B2        5      2   3       03      15      R
0x6912B2        5      2   4       03      14      L
0x6912B2        5      2   5       03      14      R
0x6912B2        5      2   6       03      13      L
0x6912B2        5      2   7       03      13      R
0x6912B2        5      2   8       03      12      L
0x6912B2        5      2   9       03      12      R
0x6912B2        5      2   10      03      11      L
0x6912B2        5      2   11      03      11      R
0x6912B2        5      2   12      03      10      L
0x6912B2        5      2   13      03      10      R
0x6912B2        5      2   14      03      9       L
0x6912B2        5      2   15      03      9       R
0x6912B2        5      2   16      03      8       L
0x6912B2        5      2   17      03      8       R
0x6912B2        5      2   18      03      7       L
0x6912B2        5      2   19      03      7       R
0x6912B2        5      2   20      03      6       L
0x6912B2        5      2   21      03      6       R
0x6912B2        5      2   22      03      5       L
0x6912B2        5      2   23      03      5       R
0x6912B2        5      2   24      03      4       L
0x6912B2        5      2   25      03      4       R
0x6912B2        5      2   26      03      3       L
0x6912B2        5      2   27      03      3       R
0x6912B2        5      2   28      03      2       L
0x6912B2        5      2   29      03      2       R
0x6912B2        5      2   30      03      1       L
0x6912B2        5      2   31      03      1       R

0x6912B2        6      3   0       02      17      R
0x6912B2        6      3   1       02      18      R
0x6912B2        6      3   2       02      19      R
0x6912B2        6      3   3       02      20      R
0x6912B2        6      3   4       02      21      R
0x6912B2        6      3   5       02      22      R
0x6912B2        6      3   6       02      23      R
0x6912B2        6      3   7       02      24      R
0x6912B2        6      3   8       02      25      R
0x6912B2        6      3   9       02      26      R
0x6912B2        6      3   10      02      27      R
0x6912B2        6      3   11      02      28      R
0x6912B2        6      3   12      02      29      R
0x6912B2        6      3   13      02      30      R
0x6912B2        6      3   14      02      31      R
0x6912B2        6      3   15      02      32      R
0x6912B2        6      3   16      02      32      L
0x6912B2        6      3   17      02      31      L
0x6912B2        6      3   18      02      30      L
0x6912B2        6      3   19      02      29      L
0x6912B2        6      3   20      02      28      L
0x6912B2        6      3   21      02      27      L
0x6912B2        6      3   22      02      26      L
0x6912B2        6      3   23      02      25      L
0x6912B2        6      3   24      02      24      L
0x6912B2        6      3   25      02      23      L
0x6912B2        6      3   26      02      22      L
0x6912B2        6      3   27      02      21      L
0x6912B2        6      3   28      02      20      L
0x6912B2        6      3   29      02      19      L
0x6912B2        6      3   30      02      18      L
0x6912B2        6      3   31      02      17      L

0x6912B2        4      4   0       01      17      R
0x6912B2        4      4   1       01      18      R
0x6912B2        4      4   2       01      19      R
0x6912B2        4      4   3       01      20      R
0x6912B2        4      4   4       01      21      R
0x6912B2        4      4   5       01      22      R
0x6912B2        4      4   6       01      23      R
0x6912B2        4      4   7       01      24      R
0x6912B2        4      4   8       01      25      R
0x6912B2        4      4   9       01      26      R
0x6912B2        4      4   10      01      27      R
0x6912B2        4      4   11      01      28      R
0x6912B2        4      4   12      01      29      R
0x6912B2        4      4   13      01      30      R
0x6912B2        4      4   14      01      31      R
0x6912B2        4      4   15      01      32      R
0x6912B2        4      4   16      01      32      L
0x6912B2        4      4   17      01      31      L
0x6912B2        4      4   18      01      30      L
0x6912B2        4      4   19      01      29      L
0x6912B2        4      4   20      01      28      L
0x6912B2        4      4   21      01      27      L
0x6912B2        4      4   22      01      26      L
0x6912B2        4      4   23      01      25      L
0x6912B2        4      4   24      01      24      L
0x6912B2        4      4   25      01      23      L
0x6912B2        4      4   26      01      22      L
0x6912B2        4      4   27      01      21      L
0x6912B2        4      4   28      01      20      L
0x6912B2        4      4   29      01      19      L
0x6912B2        4      4   30      01      18      L
0x6912B2        4      4   31      01      17      L

