Common TimeShift, ns
566
Plane	 Strip	 TimeShift, ns
0	0	20.7629
0	1	21.2283
0	2	21.1954
0	3	21.1931
0	4	21.1883
0	5	21.2075
0	6	21.1892
0	7	21.2291
0	8	21.2301
0	9	21.2140
0	10	21.2369
0	11	21.2208
0	12	21.2185
0	13	21.2136
0	14	21.2131
0	15	21.2231
0	16	21.2413
0	17	21.2442
0	18	21.2705
0	19	21.2418
0	20	21.2849
0	21	21.2457
0	22	21.2721
0	23	21.2420
0	24	21.2415
0	25	21.2538
0	26	21.2570
0	27	21.2525
0	28	21.2395
0	29	21.2456
0	30	21.2993
0	31	21.2495
1	0	20.3725
1	1	20.6929
1	2	20.7075
1	3	20.6878
1	4	20.6890
1	5	20.6900
1	6	20.7202
1	7	20.7065
1	8	20.7010
1	9	20.6964
1	10	20.6989
1	11	20.7126
1	12	20.7030
1	13	20.7129
1	14	20.7355
1	15	20.7097
1	16	20.7274
1	17	20.7206
1	18	20.7574
1	19	20.7495
1	20	20.7267
1	21	20.7457
1	22	20.7745
1	23	20.7492
1	24	20.7565
1	25	20.7604
1	26	20.7855
1	27	20.7568
1	28	20.7750
1	29	20.7581
1	30	20.8187
1	31	20.7660
2	0	20.5548
2	1	20.9155
2	2	20.9295
2	3	20.9127
2	4	20.9191
2	5	20.9271
2	6	20.9212
2	7	20.9370
2	8	20.9365
2	9	20.9191
2	10	20.9397
2	11	20.9278
2	12	20.9388
2	13	20.9460
2	14	20.9448
2	15	20.9373
2	16	20.9600
2	17	20.9548
2	18	20.9573
2	19	20.9656
2	20	20.9697
2	21	20.9692
2	22	20.9841
2	23	20.9936
2	24	20.9721
2	25	21.1379
2	26	21.0717
2	27	21.0002
2	28	21.0177
2	29	21.0185
2	30	21.0005
2	31	21.0108
3	0	20.1868
3	1	20.4502
3	2	20.4622
3	3	20.4453
3	4	20.4427
3	5	20.4587
3	6	20.4622
3	7	20.4544
3	8	20.4693
3	9	20.4738
3	10	20.4764
3	11	20.4571
3	12	20.4643
3	13	20.4738
3	14	20.4909
3	15	20.4801
3	16	20.4884
3	17	20.4847
3	18	20.4786
3	19	20.4835
3	20	20.4782
3	21	20.4995
3	22	20.5113
3	23	20.4883
3	24	20.4917
3	25	20.5161
3	26	20.4928
3	27	20.5127
3	28	20.5142
3	29	20.5335
3	30	20.5546
3	31	20.5442
4	0	20.3956
4	1	20.7043
4	2	20.7157
4	3	20.7136
4	4	20.7274
4	5	20.7152
4	6	20.7253
4	7	20.7310
4	8	20.7321
4	9	20.7460
4	10	20.7432
4	11	20.7322
4	12	20.7405
4	13	20.7534
4	14	20.7532
4	15	20.7465
4	16	20.7545
4	17	20.7649
4	18	20.7569
4	19	20.7575
4	20	20.7654
4	21	20.7732
4	22	20.7790
4	23	20.7704
4	24	20.7734
4	25	20.7861
4	26	20.7837
4	27	20.7867
4	28	20.7941
4	29	20.8022
4	30	20.8183
4	31	20.8143
5	0	20.0487
5	1	20.2530
5	2	20.2479
5	3	20.2553
5	4	20.2569
5	5	20.2581
5	6	20.2658
5	7	20.2702
5	8	20.2806
5	9	20.2853
5	10	20.2901
5	11	20.2744
5	12	20.2965
5	13	20.2950
5	14	20.3087
5	15	20.3119
5	16	20.2998
5	17	20.3172
5	18	20.3290
5	19	20.3177
5	20	20.3152
5	21	20.3380
5	22	20.3504
5	23	20.3487
5	24	20.3231
5	25	20.3384
5	26	20.3503
5	27	20.3496
5	28	20.3516
5	29	20.3791
5	30	20.3907
5	31	20.3944
6	0	20.2824
6	1	20.5536
6	2	20.5635
6	3	20.5489
6	4	20.5687
6	5	20.5717
6	6	20.6072
6	7	20.6028
6	8	20.5779
6	9	20.5768
6	10	20.5845
6	11	20.5866
6	12	20.6069
6	13	20.6314
6	14	20.6268
6	15	20.6263
6	16	20.6164
6	17	20.6337
6	18	20.6259
6	19	20.6144
6	20	20.6240
6	21	20.6566
6	22	20.6488
6	23	20.6590
6	24	20.6517
6	25	20.6652
6	26	20.6662
6	27	20.6503
6	28	20.6697
6	29	20.6957
6	30	20.6836
6	31	20.6976
7	0	19.9614
7	1	20.1568
7	2	20.1601
7	3	20.1672
7	4	20.1569
7	5	20.1943
7	6	20.1932
7	7	20.1884
7	8	20.1874
7	9	20.2070
7	10	20.1899
7	11	20.1936
7	12	20.2113
7	13	20.2019
7	14	20.2201
7	15	20.2157
7	16	20.2187
7	17	20.2345
7	18	20.2270
7	19	20.2323
7	20	20.2243
7	21	20.2462
7	22	20.2558
7	23	20.2545
7	24	20.2649
7	25	20.2603
7	26	20.2760
7	27	20.2582
7	28	20.2628
7	29	20.2758
7	30	20.2965
7	31	20.2996
8	0	20.2245
8	1	20.5221
8	2	20.5045
8	3	20.5028
8	4	20.5134
8	5	20.5087
8	6	20.5160
8	7	20.5211
8	8	20.5242
8	9	20.5284
8	10	20.5442
8	11	20.5460
8	12	20.5414
8	13	20.5534
8	14	20.5589
8	15	20.5560
8	16	20.5774
8	17	20.5852
8	18	20.5820
8	19	20.5930
8	20	20.5804
8	21	20.6100
8	22	20.5968
8	23	20.6041
8	24	20.6162
8	25	20.6245
8	26	20.6296
8	27	20.6340
8	28	20.6250
8	29	20.6431
8	30	20.6465
8	31	20.6603
9	0	19.9195
9	1	20.1507
9	2	20.1421
9	3	20.1323
9	4	20.1508
9	5	20.1436
9	6	20.1661
9	7	20.1434
9	8	20.1449
9	9	20.1855
9	10	20.1777
9	11	20.1887
9	12	20.1871
9	13	20.1731
9	14	20.1899
9	15	20.1745
9	16	20.1831
9	17	20.2180
9	18	20.2111
9	19	20.2032
9	20	20.2040
9	21	20.2246
9	22	20.2215
9	23	20.2205
9	24	20.2452
9	25	20.2522
9	26	20.2439
9	27	20.2442
9	28	20.2344
9	29	20.2740
9	30	20.2658
9	31	20.2841
10	0	20.2114
10	1	20.5515
10	2	20.5422
10	3	20.5437
10	4	20.5550
10	5	20.5619
10	6	20.5819
10	7	20.5521
10	8	20.5662
10	9	20.5701
10	10	20.5899
10	11	20.5897
10	12	20.5870
10	13	20.6034
10	14	20.5897
10	15	20.5915
10	16	20.6038
10	17	20.5699
10	18	20.5895
10	19	20.6130
10	20	20.6145
10	21	20.6314
10	22	20.6344
10	23	20.6237
10	24	20.6314
10	25	20.6414
10	26	20.6488
10	27	20.6475
10	28	20.6246
10	29	20.2691
10	30	20.6565
10	31	20.6785
11	0	19.9270
11	1	20.2031
11	2	20.2002
11	3	20.1912
11	4	20.1715
11	5	20.2201
11	6	20.2083
11	7	20.1941
11	8	20.2143
11	9	20.2359
11	10	20.2270
11	11	20.2264
11	12	20.2148
11	13	20.2344
11	14	20.2413
11	15	20.2553
11	16	20.2572
11	17	20.2624
11	18	20.2501
11	19	20.2668
11	20	20.2542
11	21	20.2679
11	22	20.2904
11	23	20.2923
11	24	20.2944
11	25	20.3150
11	26	20.3092
11	27	20.2963
11	28	20.3077
11	29	20.3231
11	30	20.3422
11	31	20.3517
12	0	20.2484
12	1	20.6170
12	2	20.6181
12	3	20.6280
12	4	20.6161
12	5	20.6399
12	6	20.6372
12	7	20.6382
12	8	20.6611
12	9	20.6644
12	10	20.6709
12	11	20.6604
12	12	20.6640
12	13	20.6772
12	14	20.6811
12	15	20.6734
12	16	20.6746
12	17	20.7015
12	18	20.6964
12	19	20.7059
12	20	20.6920
12	21	20.7051
12	22	20.7086
12	23	20.7063
12	24	20.6983
12	25	20.7079
12	26	20.7003
12	27	20.6899
12	28	20.6613
12	29	20.6257
12	30	20.6560
12	31	20.6304
13	0	19.9838
13	1	20.3875
13	2	20.3735
13	3	20.3450
13	4	20.2857
13	5	20.2843
13	6	20.2744
13	7	19.9927
13	8	20.3638
13	9	20.4037
13	10	20.4084
13	11	20.4052
13	12	20.3608
13	13	20.3993
13	14	20.4097
13	15	20.4406
13	16	20.4586
13	17	20.4421
13	18	20.3778
13	19	20.3287
13	20	20.3044
13	21	20.3258
13	22	20.3493
13	23	20.3750
13	24	20.4031
13	25	20.3268
13	26	20.3361
13	27	20.2383
13	28	20.2368
13	29	20.3443
13	30	20.3940
13	31	20.3006
14	0	21.6830
14	1	22.4472
14	2	22.4609
14	3	22.4463
14	4	22.4682
14	5	22.4528
14	6	22.4571
14	7	22.4259
14	8	22.4469
14	9	22.4417
14	10	22.4458
14	11	22.4707
14	12	22.4534
14	13	22.4452
14	14	22.4748
14	15	22.4436
14	16	22.4296
14	17	22.4074
14	18	22.4030
14	19	22.4754
14	20	22.4580
14	21	22.4605
14	22	22.4032
14	23	22.4566
14	24	22.4473
14	25	22.4330
14	26	22.4320
14	27	22.4368
14	28	22.4463
14	29	22.4423
14	30	22.4611
14	31	22.4428
15	0	21.2901
15	1	21.9825
15	2	21.9697
15	3	21.9590
15	4	21.9542
15	5	21.9702
15	6	21.9776
15	7	21.9566
15	8	21.9794
15	9	21.9696
15	10	21.9884
15	11	21.9479
15	12	21.9726
15	13	21.9677
15	14	21.9965
15	15	21.9944
15	16	21.9547
15	17	21.9910
15	18	21.9444
15	19	21.9814
15	20	21.9468
15	21	21.9647
15	22	21.9596
15	23	21.9494
15	24	21.9474
15	25	21.9574
15	26	21.9543
15	27	21.9503
15	28	21.9450
15	29	21.9506
15	30	21.9447
15	31	21.9436
16	0	21.4962
16	1	22.2110
16	2	22.2069
16	3	22.2109
16	4	22.2223
16	5	22.2095
16	6	22.1934
16	7	22.1893
16	8	22.2040
16	9	22.1934
16	10	22.1975
16	11	22.2034
16	12	22.2131
16	13	22.2230
16	14	22.2140
16	15	22.2391
16	16	22.2268
16	17	22.1934
16	18	22.2100
16	19	22.1949
16	20	22.2195
16	21	22.2037
16	22	22.2065
16	23	22.1964
16	24	22.1926
16	25	22.2174
16	26	22.2131
16	27	22.1995
16	28	22.1905
16	29	22.1968
16	30	22.2153
16	31	22.2087
17	0	21.1274
17	1	21.7574
17	2	21.7421
17	3	21.7436
17	4	21.7379
17	5	21.7505
17	6	21.7566
17	7	21.7622
17	8	21.7448
17	9	21.7480
17	10	21.7587
17	11	21.7392
17	12	21.7305
17	13	21.7527
17	14	21.7603
17	15	21.7451
17	16	21.7392
17	17	21.7341
17	18	21.7632
17	19	21.7283
17	20	21.7134
17	21	21.7541
17	22	21.7392
17	23	21.7397
17	24	21.7295
17	25	21.7289
17	26	21.7504
17	27	21.7296
17	28	21.7273
17	29	21.7434
17	30	21.7354
17	31	21.7450
18	0	21.3554
18	1	22.0161
18	2	21.9981
18	3	22.0107
18	4	22.0017
18	5	22.0026
18	6	22.0110
18	7	22.0086
18	8	22.0053
18	9	22.0065
18	10	22.0071
18	11	22.0132
18	12	21.9993
18	13	22.0204
18	14	22.0153
18	15	22.0143
18	16	21.9999
18	17	22.0326
18	18	21.9954
18	19	21.9591
18	20	22.0042
18	21	21.9920
18	22	22.0238
18	23	21.9809
18	24	21.9930
18	25	22.0018
18	26	21.9977
18	27	22.0146
18	28	22.0035
18	29	22.0012
18	30	22.0110
18	31	22.0010
19	0	21.7230
19	1	22.3968
19	2	22.3807
19	3	22.3818
19	4	22.3825
19	5	22.3721
19	6	22.3761
19	7	22.3507
19	8	22.4005
19	9	22.3704
19	10	22.4039
19	11	22.3666
19	12	22.3945
19	13	22.3741
19	14	22.4074
19	15	22.3832
19	16	21.7164
19	17	22.3834
19	18	22.3836
19	19	22.3838
19	20	22.3841
19	21	22.3581
19	22	22.4080
19	23	22.3632
19	24	22.3670
19	25	22.3539
19	26	22.3595
19	27	22.3793
19	28	22.3735
19	29	22.3800
19	30	22.3632
19	31	22.3970
20	0	21.0104
20	1	21.6241
20	2	21.6305
20	3	21.6049
20	4	21.6041
20	5	21.6180
20	6	21.5910
20	7	21.5749
20	8	21.5892
20	9	21.5949
20	10	21.5950
20	11	21.5489
20	12	21.5699
20	13	21.6010
20	14	21.5869
20	15	21.5633
20	16	21.5872
20	17	21.5658
20	18	21.5408
20	19	21.5726
20	20	21.5778
20	21	21.5670
20	22	21.5820
20	23	21.5903
20	24	21.5702
20	25	21.5859
20	26	21.5904
20	27	21.5737
20	28	21.5763
20	29	21.5841
20	30	21.6220
20	31	21.5942
21	0	20.9231
21	1	21.5123
21	2	21.5096
21	3	21.5005
21	4	21.5022
21	5	21.5155
21	6	21.5152
21	7	21.5178
21	8	21.5047
21	9	21.5128
21	10	21.5066
21	11	21.4884
21	12	21.4981
21	13	21.4904
21	14	21.4974
21	15	21.4740
21	16	21.4909
21	17	21.5139
21	18	21.4881
21	19	21.4669
21	20	21.4865
21	21	20.9164
21	22	21.5008
21	23	21.4836
21	24	21.4907
21	25	21.5302
21	26	21.5061
21	27	21.4815
21	28	21.4849
21	29	20.9213
21	30	21.5077
21	31	21.5166
22	0	21.2095
22	1	21.9085
22	2	21.9020
22	3	21.8985
22	4	21.8882
22	5	21.8963
22	6	21.8926
22	7	21.8991
22	8	21.8981
22	9	21.8947
22	10	21.9012
22	11	21.9187
22	12	21.8943
22	13	21.9188
22	14	21.9108
22	15	21.8757
22	16	21.8805
22	17	21.8987
22	18	21.2030
22	19	21.9030
22	20	21.8844
22	21	21.9423
22	22	21.8901
22	23	21.8804
22	24	21.8927
22	25	21.9006
22	26	21.9042
22	27	21.8911
22	28	21.9083
22	29	21.9012
22	30	21.9248
22	31	21.9149
23	0	20.9223
23	1	21.5756
23	2	21.5540
23	3	21.5664
23	4	21.5504
23	5	21.5423
23	6	21.5703
23	7	21.5749
23	8	21.5763
23	9	21.5781
23	10	21.5807
23	11	21.5812
23	12	21.5524
23	13	21.5750
23	14	21.5800
23	15	21.5789
23	16	21.5723
23	17	21.5942
23	18	21.5852
23	19	21.5725
23	20	21.5772
23	21	21.5590
23	22	21.5624
23	23	21.5638
23	24	21.5440
23	25	21.5584
23	26	21.5615
23	27	21.5559
23	28	21.5340
23	29	21.5658
23	30	21.5654
23	31	21.5726
24	0	21.2333
24	1	21.9660
24	2	21.9751
24	3	21.9714
24	4	21.9662
24	5	21.9878
24	6	21.9867
24	7	21.9654
24	8	21.9707
24	9	21.9976
24	10	21.9982
24	11	22.0001
24	12	21.9912
24	13	22.0005
24	14	22.0154
24	15	22.0025
24	16	22.0040
24	17	22.0209
24	18	22.0335
24	19	21.9976
24	20	21.2273
24	21	22.0002
24	22	21.9916
24	23	21.9726
24	24	21.9883
24	25	21.9740
24	26	21.9805
24	27	21.9717
24	28	21.9559
24	29	21.9738
24	30	21.9635
24	31	21.9582
25	0	20.9687
25	1	21.5387
25	2	21.5457
25	3	21.5350
25	4	21.5236
25	5	21.5359
25	6	21.5472
25	7	21.5647
25	8	21.6147
25	9	21.6236
25	10	21.6082
25	11	21.6322
25	12	21.5965
25	13	21.6407
25	14	21.6793
25	15	21.6844
25	16	21.6878
25	17	21.6671
25	18	21.6463
25	19	21.6437
25	20	21.6502
25	21	21.6357
25	22	21.6290
25	23	21.6130
25	24	21.6279
25	25	21.6086
25	26	21.5602
25	27	21.5050
25	28	21.4994
25	29	21.5088
25	30	21.5143
25	31	21.5248
26	0	21.3047
26	1	21.3038
26	2	21.7197
26	3	21.7198
26	4	21.7317
26	5	21.7729
26	6	21.7504
26	7	21.7669
26	8	21.8176
26	9	21.7881
26	10	21.8342
26	11	21.8027
26	12	21.8222
26	13	21.8407
26	14	21.8557
26	15	21.8282
26	16	21.8110
26	17	21.8944
26	18	21.7791
26	19	21.8305
26	20	21.8224
26	21	21.7826
26	22	21.7877
26	23	21.8093
26	24	21.7734
26	25	21.7695
26	26	21.7416
26	27	21.6984
26	28	21.7318
26	29	21.7745
26	30	21.7631
26	31	21.7386
27	0	20.8189
27	1	21.2359
27	2	21.2183
27	3	21.2280
27	4	21.2232
27	5	21.1711
27	6	21.2227
27	7	21.1743
27	8	21.2478
27	9	21.2374
27	10	21.2220
27	11	21.2097
27	12	21.2066
27	13	21.2097
27	14	21.1958
27	15	21.1715
27	16	21.1666
27	17	21.2123
27	18	21.1912
27	19	21.1623
27	20	21.1905
27	21	21.1834
27	22	21.1730
27	23	21.2039
27	24	21.1941
27	25	21.1857
27	26	21.1890
27	27	21.1524
27	28	21.1598
27	29	21.1675
27	30	21.1874
27	31	21.1313
28	0	20.4303
28	1	20.8253
28	2	20.8193
28	3	20.8111
28	4	20.8140
28	5	20.8172
28	6	20.8176
28	7	20.8240
28	8	20.7908
28	9	20.8079
28	10	20.8144
28	11	20.7907
28	12	20.7904
28	13	20.7926
28	14	20.8033
28	15	20.8036
28	16	20.8010
28	17	20.7846
28	18	20.7789
28	19	20.7834
28	20	20.7840
28	21	20.7635
28	22	20.7752
28	23	20.7496
28	24	20.7539
28	25	20.7625
28	26	20.7450
28	27	20.7688
28	28	20.7360
28	29	20.7319
28	30	20.7493
28	31	20.7487
29	0	20.6120
29	1	21.0156
29	2	20.9852
29	3	20.9770
29	4	20.9670
29	5	20.9509
29	6	20.9655
29	7	20.9474
29	8	20.9264
29	9	20.9630
29	10	20.9764
29	11	20.9521
29	12	20.9522
29	13	20.9352
29	14	20.9469
29	15	20.9329
29	16	20.9335
29	17	20.9214
29	18	20.9300
29	19	20.9140
29	20	20.9138
29	21	20.9075
29	22	20.9271
29	23	20.9214
29	24	20.9147
29	25	20.9130
29	26	20.8990
29	27	20.9230
29	28	20.8889
29	29	20.8939
29	30	20.8991
29	31	20.9012
30	0	20.2451
30	1	19.8602
30	2	19.9777
30	3	19.6475
30	4	19.7744
30	5	19.5273
30	6	19.9738
30	7	15.3838
30	8	20.9949
30	9	27.0027
30	10	20.0712
30	11	20.0315
30	12	20.0484
30	13	20.0185
30	14	20.1172
30	15	19.8100
30	16	20.2062
30	17	19.4229
30	18	19.6710
30	19	19.7299
30	20	22.6087
30	21	19.8712
30	22	19.7886
30	23	19.5603
30	24	19.7546
30	25	19.7579
30	26	17.7950
30	27	19.9484
30	28	24.5129
30	29	22.6896
30	30	19.8170
30	31	16.1504
31	0	20.4533
31	1	20.7770
31	2	20.7680
31	3	20.7617
31	4	20.7435
31	5	20.7612
31	6	20.7433
31	7	20.7446
31	8	20.7358
31	9	20.7440
31	10	20.7311
31	11	20.7201
31	12	20.7283
31	13	20.7226
31	14	20.7301
31	15	20.7334
31	16	20.7220
31	17	20.7122
31	18	20.7065
31	19	20.7150
31	20	20.7047
31	21	20.7065
31	22	20.7060
31	23	20.6941
31	24	20.7004
31	25	20.6838
31	26	20.6669
31	27	20.6798
31	28	20.6705
31	29	20.6666
31	30	20.6637
31	31	20.6634
32	0	20.1074
32	1	20.4389
32	2	20.4348
32	3	20.4063
32	4	20.3977
32	5	20.4000
32	6	20.4101
32	7	20.3808
32	8	20.3965
32	9	20.4038
32	10	20.3990
32	11	20.3866
32	12	20.3822
32	13	20.3742
32	14	20.3690
32	15	20.3630
32	16	20.3723
32	17	20.3727
32	18	20.3489
32	19	20.3441
32	20	20.3363
32	21	20.3461
32	22	20.3480
32	23	20.3383
32	24	20.3217
32	25	20.2515
32	26	20.3339
32	27	20.3214
32	28	20.3171
32	29	20.3121
32	30	20.3093
32	31	20.2933
33	0	20.3365
33	1	20.6501
33	2	20.6371
33	3	20.6439
33	4	20.6263
33	5	20.6315
33	6	20.6389
33	7	20.6254
33	8	20.6249
33	9	20.6146
33	10	20.6120
33	11	20.5980
33	12	20.5963
33	13	20.6055
33	14	20.5956
33	15	20.5975
33	16	20.5861
33	17	20.5968
33	18	20.5858
33	19	20.5868
33	20	20.5749
33	21	20.5597
33	22	20.5647
33	23	20.5633
33	24	20.5553
33	25	20.5608
33	26	20.5564
33	27	20.5609
33	28	20.5314
33	29	20.5458
33	30	20.5248
33	31	20.5328
34	0	20.0204
34	1	20.3296
34	2	20.3340
34	3	20.3515
34	4	20.3154
34	5	20.3223
34	6	20.3111
34	7	20.3108
34	8	20.3133
34	9	20.3154
34	10	20.2844
34	11	20.2843
34	12	20.2766
34	13	20.2943
34	14	20.2605
34	15	20.2591
34	16	20.2699
34	17	20.2615
34	18	20.2561
34	19	20.2355
34	20	20.2423
34	21	20.2523
34	22	20.2409
34	23	20.2164
34	24	20.2584
34	25	20.2424
34	26	20.2236
34	27	20.2028
34	28	20.2130
34	29	20.2169
34	30	20.1956
34	31	20.2218
35	0	20.2827
35	1	20.6294
35	2	20.6143
35	3	20.5971
35	4	20.5973
35	5	20.5971
35	6	20.6139
35	7	20.5817
35	8	20.5889
35	9	20.5915
35	10	20.5844
35	11	20.5733
35	12	20.5414
35	13	20.5735
35	14	20.5549
35	15	20.5456
35	16	20.5526
35	17	20.5797
35	18	20.5498
35	19	20.5316
35	20	20.5175
35	21	20.5362
35	22	20.5211
35	23	20.5063
35	24	20.5277
35	25	20.5295
35	26	20.5447
35	27	20.5029
35	28	20.4811
35	29	20.4902
35	30	20.4733
35	31	20.4777
36	0	19.9786
36	1	20.3442
36	2	20.3162
36	3	20.2935
36	4	20.2867
36	5	20.2943
36	6	20.2896
36	7	20.2861
36	8	20.2847
36	9	20.2664
36	10	20.2740
36	11	20.2669
36	12	20.2416
36	13	20.2543
36	14	20.2501
36	15	20.2351
36	16	20.2391
36	17	20.2565
36	18	20.2386
36	19	20.2384
36	20	20.2235
36	21	20.2320
36	22	20.2298
36	23	20.2140
36	24	20.2236
36	25	20.2400
36	26	20.2139
36	27	20.2193
36	28	20.1946
36	29	20.2137
36	30	20.2063
36	31	20.1967
37	0	20.2684
37	1	20.6174
37	2	20.6181
37	3	20.6024
37	4	20.5979
37	5	20.2545
37	6	20.5968
37	7	20.5967
37	8	20.5989
37	9	20.6140
37	10	20.5862
37	11	20.5810
37	12	20.5684
37	13	20.5855
37	14	20.5716
37	15	20.5677
37	16	20.5789
37	17	20.5798
37	18	20.5671
37	19	20.5611
37	20	20.5577
37	21	20.5591
37	22	20.5509
37	23	20.5330
37	24	20.5381
37	25	20.5623
37	26	20.5347
37	27	20.5238
37	28	20.5085
37	29	20.5140
37	30	20.5212
37	31	20.5203
38	0	19.9862
38	1	20.3854
38	2	20.3551
38	3	20.3413
38	4	20.3058
38	5	20.3126
38	6	20.3337
38	7	20.3342
38	8	20.3340
38	9	20.3422
38	10	20.3191
38	11	20.3247
38	12	20.2979
38	13	20.3311
38	14	20.3120
38	15	20.3019
38	16	20.3026
38	17	20.2907
38	18	20.2731
38	19	20.2734
38	20	20.2628
38	21	20.2722
38	22	20.2656
38	23	20.2572
38	24	20.2523
38	25	20.2583
38	26	20.2456
38	27	20.2409
38	28	20.2447
38	29	20.2533
38	30	20.2389
38	31	20.2372
39	0	20.3065
39	1	20.6239
39	2	20.6218
39	3	20.6128
39	4	20.6200
39	5	20.6259
39	6	20.6305
39	7	20.6192
39	8	20.6500
39	9	20.6411
39	10	20.6239
39	11	20.6276
39	12	20.6240
39	13	20.6145
39	14	20.2716
39	15	20.6095
39	16	20.6162
39	17	20.6018
39	18	20.6054
39	19	20.2623
39	20	20.5968
39	21	20.6008
39	22	20.5917
39	23	20.5923
39	24	20.5835
39	25	20.5594
39	26	20.5490
39	27	20.5632
39	28	20.5532
39	29	20.5717
39	30	20.5721
39	31	20.5670
40	0	20.0429
40	1	20.2407
40	2	20.3354
40	3	20.3699
40	4	20.3245
40	5	20.2729
40	6	20.3398
40	7	20.4758
40	8	20.4599
40	9	20.4438
40	10	20.4418
40	11	20.4816
40	12	20.5308
40	13	20.5517
40	14	20.5118
40	15	20.4774
40	16	20.4649
40	17	20.4275
40	18	20.3347
40	19	20.3671
40	20	20.3753
40	21	20.3886
40	22	20.4138
40	23	20.4362
40	24	20.4307
40	25	20.4174
40	26	20.3542
40	27	20.3602
40	28	20.3824
40	29	20.4264
40	30	20.4168
40	31	20.4102
41	0	21.9658
41	1	22.4086
41	2	22.4197
41	3	22.3996
41	4	22.3974
41	5	22.4213
41	6	22.4434
41	7	22.4326
41	8	22.4525
41	9	22.4643
41	10	22.4493
41	11	22.4605
41	12	22.4679
41	13	22.4660
41	14	22.4886
41	15	22.5020
41	16	0.0000
41	17	0.0000
41	18	0.0000
41	19	0.0000
41	20	0.0000
41	21	0.0000
41	22	0.0000
41	23	0.0000
41	24	0.0000
41	25	0.0000
41	26	0.0000
41	27	0.0000
41	28	0.0000
41	29	0.0000
41	30	0.0000
41	31	0.0000
42	0	21.7240
42	1	21.7277
42	2	21.7407
42	3	21.7559
42	4	21.7643
42	5	21.7761
42	6	21.7839
42	7	21.7996
42	8	21.8047
42	9	21.8087
42	10	21.8280
42	11	21.8459
42	12	21.8453
42	13	21.8620
42	14	21.8676
42	15	21.9027
42	16	0.0000
42	17	0.0000
42	18	0.0000
42	19	0.0000
42	20	0.0000
42	21	0.0000
42	22	0.0000
42	23	0.0000
42	24	0.0000
42	25	0.0000
42	26	0.0000
42	27	0.0000
42	28	0.0000
42	29	0.0000
42	30	0.0000
42	31	0.0000
43	0	21.3727
43	1	21.8210
43	2	21.8208
43	3	21.8287
43	4	21.8471
43	5	21.8698
43	6	21.8717
43	7	21.8789
43	8	21.8903
43	9	21.8936
43	10	21.9221
43	11	21.9166
43	12	21.9368
43	13	21.9418
43	14	21.9654
43	15	22.0291
43	16	0.0000
43	17	0.0000
43	18	0.0000
43	19	0.0000
43	20	0.0000
43	21	0.0000
43	22	0.0000
43	23	0.0000
43	24	0.0000
43	25	0.0000
43	26	0.0000
43	27	0.0000
43	28	0.0000
43	29	0.0000
43	30	0.0000
43	31	0.0000
44	0	20.9717
44	1	21.3642
44	2	21.3822
44	3	21.3913
44	4	21.3991
44	5	21.4125
44	6	21.4228
44	7	21.4369
44	8	21.4428
44	9	21.4805
44	10	21.4676
44	11	21.4706
44	12	21.4692
44	13	21.5083
44	14	21.5260
44	15	21.5650
44	16	0.0000
44	17	0.0000
44	18	0.0000
44	19	0.0000
44	20	0.0000
44	21	0.0000
44	22	0.0000
44	23	0.0000
44	24	0.0000
44	25	0.0000
44	26	0.0000
44	27	0.0000
44	28	0.0000
44	29	0.0000
44	30	0.0000
44	31	0.0000
45	0	21.3145
45	1	21.6135
45	2	21.6211
45	3	21.6216
45	4	21.6267
45	5	21.6530
45	6	21.6558
45	7	21.6822
45	8	21.6929
45	9	21.7086
45	10	21.7232
45	11	21.7240
45	12	21.7204
45	13	21.7140
45	14	21.6983
45	15	21.7206
45	16	0.0000
45	17	0.0000
45	18	0.0000
45	19	0.0000
45	20	0.0000
45	21	0.0000
45	22	0.0000
45	23	0.0000
45	24	0.0000
45	25	0.0000
45	26	0.0000
45	27	0.0000
45	28	0.0000
45	29	0.0000
45	30	0.0000
45	31	0.0000
46	0	21.1845
46	1	21.2465
46	2	21.2264
46	3	21.2302
46	4	21.2320
46	5	21.2243
46	6	21.2339
46	7	21.2550
46	8	21.2598
46	9	21.2436
46	10	21.2598
46	11	21.2399
46	12	21.2603
46	13	21.2534
46	14	21.2609
46	15	21.2911
46	16	0.0000
46	17	0.0000
46	18	0.0000
46	19	0.0000
46	20	0.0000
46	21	0.0000
46	22	0.0000
46	23	0.0000
46	24	0.0000
46	25	0.0000
46	26	0.0000
46	27	0.0000
46	28	0.0000
46	29	0.0000
46	30	0.0000
46	31	0.0000
47	0	20.7708
47	1	21.1045
47	2	21.1292
47	3	21.1068
47	4	21.1056
47	5	21.1130
47	6	21.1439
47	7	21.1240
47	8	21.1474
47	9	21.1221
47	10	21.1467
47	11	21.1452
47	12	21.1236
47	13	21.1491
47	14	21.1522
47	15	21.1906
47	16	0.0000
47	17	0.0000
47	18	0.0000
47	19	0.0000
47	20	0.0000
47	21	0.0000
47	22	0.0000
47	23	0.0000
47	24	0.0000
47	25	0.0000
47	26	0.0000
47	27	0.0000
47	28	0.0000
47	29	0.0000
47	30	0.0000
47	31	0.0000
48	0	20.4101
48	1	20.4576
48	2	20.4637
48	3	20.4662
48	4	20.4702
48	5	20.4757
48	6	20.4888
48	7	20.4998
48	8	20.5036
48	9	20.4954
48	10	20.4891
48	11	20.4839
48	12	20.4908
48	13	20.4977
48	14	20.4962
48	15	20.4559
48	16	0.0000
48	17	0.0000
48	18	0.0000
48	19	0.0000
48	20	0.0000
48	21	0.0000
48	22	0.0000
48	23	0.0000
48	24	0.0000
48	25	0.0000
48	26	0.0000
48	27	0.0000
48	28	0.0000
48	29	0.0000
48	30	0.0000
48	31	0.0000
49	0	21.6470
49	1	22.2583
49	2	22.2540
49	3	22.2184
49	4	22.2376
49	5	22.2368
49	6	22.2231
49	7	22.2150
49	8	22.2365
49	9	22.2395
49	10	22.2336
49	11	22.2205
49	12	22.2293
49	13	22.2204
49	14	22.2414
49	15	22.2497
49	16	0.0000
49	17	0.0000
49	18	0.0000
49	19	0.0000
49	20	0.0000
49	21	0.0000
49	22	0.0000
49	23	0.0000
49	24	0.0000
49	25	0.0000
49	26	0.0000
49	27	0.0000
49	28	0.0000
49	29	0.0000
49	30	0.0000
49	31	0.0000
50	0	21.1413
50	1	21.6159
50	2	21.6178
50	3	21.6190
50	4	21.6282
50	5	21.6460
50	6	21.6560
50	7	21.6605
50	8	21.6685
50	9	21.6468
50	10	21.1367
50	11	21.6536
50	12	21.6399
50	13	21.6361
50	14	21.6322
50	15	21.6478
50	16	0.0000
50	17	0.0000
50	18	0.0000
50	19	0.0000
50	20	0.0000
50	21	0.0000
50	22	0.0000
50	23	0.0000
50	24	0.0000
50	25	0.0000
50	26	0.0000
50	27	0.0000
50	28	0.0000
50	29	0.0000
50	30	0.0000
50	31	0.0000
51	0	20.8112
51	1	21.0319
51	2	20.9994
51	3	21.0067
51	4	21.0164
51	5	21.0086
51	6	20.9983
51	7	21.0308
51	8	21.0108
51	9	21.0291
51	10	21.0266
51	11	21.0073
51	12	21.0007
51	13	20.9942
51	14	21.0094
51	15	21.0201
51	16	0.0000
51	17	0.0000
51	18	0.0000
51	19	0.0000
51	20	0.0000
51	21	0.0000
51	22	0.0000
51	23	0.0000
51	24	0.0000
51	25	0.0000
51	26	0.0000
51	27	0.0000
51	28	0.0000
51	29	0.0000
51	30	0.0000
51	31	0.0000
52	0	20.4512
52	1	20.4498
52	2	20.4411
52	3	20.4507
52	4	20.4362
52	5	20.4388
52	6	20.4468
52	7	20.4431
52	8	20.4484
52	9	20.4396
52	10	20.4196
52	11	20.3992
52	12	20.3828
52	13	20.3976
52	14	20.4030
52	15	20.4503
52	16	0.0000
52	17	0.0000
52	18	0.0000
52	19	0.0000
52	20	0.0000
52	21	0.0000
52	22	0.0000
52	23	0.0000
52	24	0.0000
52	25	0.0000
52	26	0.0000
52	27	0.0000
52	28	0.0000
52	29	0.0000
52	30	0.0000
52	31	0.0000
53	0	22.0418
53	1	22.2572
53	2	22.2187
53	3	22.2234
53	4	22.2446
53	5	22.2137
53	6	22.2181
53	7	22.1787
53	8	22.2112
53	9	22.2166
53	10	22.1803
53	11	22.1550
53	12	22.1646
53	13	22.1359
53	14	22.1313
53	15	22.1505
53	16	0.0000
53	17	0.0000
53	18	0.0000
53	19	0.0000
53	20	0.0000
53	21	0.0000
53	22	0.0000
53	23	0.0000
53	24	0.0000
53	25	0.0000
53	26	0.0000
53	27	0.0000
53	28	0.0000
53	29	0.0000
53	30	0.0000
53	31	0.0000
54	0	21.4307
54	1	21.7633
54	2	21.8221
54	3	21.7848
54	4	21.7658
54	5	21.7643
54	6	21.7551
54	7	21.7404
54	8	21.7396
54	9	21.7271
54	10	21.7112
54	11	21.6980
54	12	21.6802
54	13	21.6716
54	14	21.6575
54	15	21.6604
54	16	0.0000
54	17	0.0000
54	18	0.0000
54	19	0.0000
54	20	0.0000
54	21	0.0000
54	22	0.0000
54	23	0.0000
54	24	0.0000
54	25	0.0000
54	26	0.0000
54	27	0.0000
54	28	0.0000
54	29	0.0000
54	30	0.0000
54	31	0.0000
55	0	21.4582
55	1	21.6723
55	2	21.6798
55	3	21.6525
55	4	21.4301
55	5	21.6532
55	6	21.6111
55	7	21.6172
55	8	21.6096
55	9	21.5894
55	10	21.5877
55	11	21.5590
55	12	21.5591
55	13	21.3778
55	14	21.5490
55	15	21.5476
55	16	0.0000
55	17	0.0000
55	18	0.0000
55	19	0.0000
55	20	0.0000
55	21	0.0000
55	22	0.0000
55	23	0.0000
55	24	0.0000
55	25	0.0000
55	26	0.0000
55	27	0.0000
55	28	0.0000
55	29	0.0000
55	30	0.0000
55	31	0.0000
56	0	21.0646
56	1	21.4269
56	2	21.4132
56	3	21.4007
56	4	21.3827
56	5	21.3611
56	6	21.3507
56	7	21.3393
56	8	21.3571
56	9	21.3408
56	10	21.3223
56	11	21.3221
56	12	21.3120
56	13	21.3062
56	14	21.2887
56	15	21.3245
56	16	0.0000
56	17	0.0000
56	18	0.0000
56	19	0.0000
56	20	0.0000
56	21	0.0000
56	22	0.0000
56	23	0.0000
56	24	0.0000
56	25	0.0000
56	26	0.0000
56	27	0.0000
56	28	0.0000
56	29	0.0000
56	30	0.0000
56	31	0.0000
57	0	21.4002
57	1	21.4500
57	2	21.3576
57	3	21.3863
57	4	21.3760
57	5	21.3870
57	6	21.3911
57	7	21.3641
57	8	21.3687
57	9	21.3660
57	10	21.3814
57	11	21.3834
57	12	21.3642
57	13	21.3686
57	14	21.3677
57	15	21.4110
57	16	0.0000
57	17	0.0000
57	18	0.0000
57	19	0.0000
57	20	0.0000
57	21	0.0000
57	22	0.0000
57	23	0.0000
57	24	0.0000
57	25	0.0000
57	26	0.0000
57	27	0.0000
57	28	0.0000
57	29	0.0000
57	30	0.0000
57	31	0.0000
58	0	21.2686
58	1	21.2038
58	2	21.1847
58	3	21.1879
58	4	21.1881
58	5	21.1823
58	6	21.1910
58	7	21.2000
58	8	21.2041
58	9	21.1754
58	10	21.1768
58	11	21.1616
58	12	21.1566
58	13	21.1506
58	14	21.1552
58	15	21.2048
58	16	0.0000
58	17	0.0000
58	18	0.0000
58	19	0.0000
58	20	0.0000
58	21	0.0000
58	22	0.0000
58	23	0.0000
58	24	0.0000
58	25	0.0000
58	26	0.0000
58	27	0.0000
58	28	0.0000
58	29	0.0000
58	30	0
58	31	0
