Plane	Strip	Mean
==========================
0	0	0
0	1	-0.210937
0	2	-0.128906
0	3	-0.175781
0	4	-0.0585938
0	5	-0.175781
0	6	-0.234375
0	7	-0.257812
0	8	-0.0234375
0	9	0.0351562
0	10	0.0234375
0	11	-0.0117187
0	12	-0.105469
0	13	0.0117187
0	14	0.1875
0	15	0.0703125
0	16	-0.0351562
0	17	0.0234375
0	18	0.0351563
0	19	-0.105469
0	20	-0.105469
0	21	-0.09375
0	22	-0.09375
0	23	-0.152344
0	24	0.0703125
0	25	0.0703125
0	26	0.0703125
0	27	0.164062
0	28	0.0585938
0	29	0.09375
0	30	0.0820313
0	31	0.0703125
1	0	0
1	1	0.046875
1	2	0.175781
1	3	-0.0117187
1	4	0.0351562
1	5	0.316406
1	6	0.304687
1	7	0.152344
1	8	0.09375
1	9	-0.175781
1	10	-0.0351563
1	11	-0.152344
1	12	-0.210938
1	13	-0.152344
1	14	-0.246094
1	15	0.105469
1	16	-0.0820312
1	17	-0.0351562
1	18	0.152344
1	19	0.351562
1	20	0.0703125
1	21	0.152344
1	22	0.175781
1	23	0.28125
1	24	-0.09375
1	25	-0.117188
1	26	-0.128906
1	27	-0.0820312
1	28	2.21267e-18
1	29	-0.234375
1	30	-0.0703125
1	31	0.0942595
2	0	0
2	1	-0.0234375
2	2	-0.210938
2	3	-0.105469
2	4	-0.0351563
2	5	-0.1875
2	6	-0.328125
2	7	-0.421875
2	8	0.269531
2	9	0.210938
2	10	0.0820313
2	11	0.175781
2	12	0.175781
2	13	0.246094
2	14	0.175781
2	15	0.152344
2	16	-0.105469
2	17	-0.152344
2	18	-0.0585937
2	19	-0.199219
2	20	-0.246094
2	21	-0.222656
2	22	-0.210937
2	23	-0.257812
2	24	-1.67043e-18
2	25	0.164063
2	26	-0.01413
2	27	0.0351562
2	28	6.88072e-18
2	29	-0.0351563
2	30	-0.0351563
2	31	-3.10419e-17
3	0	0
3	1	0.140625
3	2	0.222656
3	3	0.292969
3	4	0.0820312
3	5	0.316406
3	6	0.175781
3	7	0.246094
3	8	0
3	9	-0.28125
3	10	0.09375
3	11	-0.164062
3	12	-0.339844
3	13	-0.0585937
3	14	-0.292969
3	15	-0.199219
3	16	0.0234375
3	17	0.222656
3	18	0.128906
3	19	-0.0234375
3	20	0.210938
3	21	-0.0820312
3	22	0.339844
3	23	-0.0351563
3	24	-0.164063
3	25	-0.046875
3	26	0.09375
3	27	-0.105469
3	28	-0.269531
3	29	-0.0703125
3	30	-0.046875
3	31	0.199219
4	0	0
4	1	-0.304688
4	2	-0.316406
4	3	-0.269531
4	4	-0.339844
4	5	-0.363281
4	6	-0.316406
4	7	-0.339844
4	8	-0.0351562
4	9	0.152344
4	10	0.269531
4	11	-0.0703125
4	12	-0.105469
4	13	-0.152344
4	14	0.09375
4	15	-0.128906
4	16	-0.164062
4	17	-0.175781
4	18	-0.304688
4	19	-0.199219
4	20	-0.175781
4	21	0.0234375
4	22	-0.375
4	23	-0.351562
4	24	-0.046875
4	25	-0.0234375
4	26	0.046875
4	27	0.0351562
4	28	-0.140625
4	29	-0.0234375
4	30	0.105469
4	31	-0.1875
5	0	0
5	1	0.0820312
5	2	-0.0351562
5	3	0.128906
5	4	0.105469
5	5	0.140625
5	6	0.410156
5	7	0.410156
5	8	-0.046875
5	9	-0.140625
5	10	-0.140625
5	11	-0.117187
5	12	-0.0703125
5	13	-0.164062
5	14	-0.328125
5	15	-0.234375
5	16	-0.105469
5	17	0.140625
5	18	0.1875
5	19	0.292969
5	20	0.234375
5	21	0.222656
5	22	0.304688
5	23	0.269531
5	24	-0.363281
5	25	-0.140625
5	26	-0.09375
5	27	-0.117188
5	28	-0.164062
5	29	0.0117187
5	30	-0.0234375
5	31	-0.246094
6	0	0
6	1	-0.269531
6	2	-0.375
6	3	-0.28125
6	4	-0.316406
6	5	-0.234375
6	6	-0.339844
6	7	-0.328125
6	8	0.105469
6	9	0.0703125
6	10	0.140625
6	11	0.1875
6	12	0.199219
6	13	0.304688
6	14	0.0703125
6	15	0.164063
6	16	-2.57265e-17
6	17	-0.164063
6	18	-0.28125
6	19	-0.222656
6	20	-0.0703125
6	21	-0.304688
6	22	-0.234375
6	23	-0.550781
6	24	-0.0234375
6	25	-0.0585938
6	26	-0.0234375
6	27	-0.0117188
6	28	-0.046875
6	29	-0.140625
6	30	-0.105469
6	31	-0.046875
7	0	0
7	1	0.0234375
7	2	0.117188
7	3	0.175781
7	4	0.128906
7	5	0.117187
7	6	0.105469
7	7	0.234375
7	8	0.046875
7	9	-0.046875
7	10	0.0585937
7	11	-0.128906
7	12	0.234375
7	13	0.0351563
7	14	0.0117187
7	15	-0.0585937
7	16	0.175781
7	17	0.164062
7	18	0.152344
7	19	0.175781
7	20	0.117187
7	21	0.234375
7	22	0.269531
7	23	0.316406
7	24	0.0234375
7	25	0.140625
7	26	-0.175781
7	27	-0.140625
7	28	-0.140625
7	29	-0.09375
7	30	-0.105469
7	31	-0.09375
8	0	0
8	1	-0.117188
8	2	-0.175781
8	3	-0.175781
8	4	-0.375
8	5	-0.234375
8	6	-0.175781
8	7	-0.269531
8	8	0.199219
8	9	0.304688
8	10	-0.046875
8	11	0.164062
8	12	0.128906
8	13	0.140625
8	14	0.246094
8	15	0.140625
8	16	-0.304688
8	17	-0.328125
8	18	-0.1875
8	19	-0.257812
8	20	-0.433594
8	21	-0.234375
8	22	-0.492187
8	23	-0.527344
8	24	-0.046875
8	25	0.046875
8	26	0.09375
8	27	0.128906
8	28	-0.09375
8	29	0.046875
8	30	0.0234375
8	31	-0.0820312
9	0	0
9	1	-0.105469
9	2	-0.0117188
9	3	0.199219
9	4	0.257813
9	5	0.398438
9	6	0.445313
9	7	0.292969
9	8	-0.0703125
9	9	-0.234375
9	10	-0.339844
9	11	0.0351562
9	12	-0.0234375
9	13	-0.175781
9	14	-0.0703125
9	15	-0.269531
9	16	0.269531
9	17	0.152344
9	18	0.222656
9	19	0.246094
9	20	0.0117188
9	21	0.351563
9	22	0.257813
9	23	0.105469
9	24	0.0703125
9	25	-0.046875
9	26	-0.292969
9	27	0.0351562
9	28	-0.199219
9	29	-0.328125
9	30	-0.363281
9	31	-0.046875
10	0	0
10	1	-0.351563
10	2	-0.140625
10	3	-0.105469
10	4	-0.164062
10	5	-0.152344
10	6	-0.292969
10	7	-0.128906
10	8	-0.210937
10	9	0.0820313
10	10	-0.105469
10	11	-0.0820312
10	12	-0.105469
10	13	-0.0117188
10	14	0.152344
10	15	0.0351562
10	16	0.0585938
10	17	-0.246094
10	18	-0.269531
10	19	-0.128906
10	20	-0.140625
10	21	-0.1875
10	22	-0.1875
10	23	-0.246094
10	24	0.0585937
10	25	0.0703125
10	26	-0.0117188
10	27	-0.0351562
10	28	0.339844
10	29	0
10	30	0.046875
10	31	-0.0234375
11	0	0
11	1	0.539062
11	2	0.609375
11	3	0.292969
11	4	0.480469
11	5	0.503906
11	6	0.421875
11	7	0.304687
11	8	-0.0820313
11	9	0.246094
11	10	0.0820313
11	11	-0.046875
11	12	0.175781
11	13	0.0703125
11	14	0.105469
11	15	0.0585938
11	16	0.0703125
11	17	0.398438
11	18	0.386719
11	19	0.445313
11	20	0.246094
11	21	0.316406
11	22	0.246094
11	23	0.363281
11	24	-0.140625
11	25	0.292969
11	26	0.292969
11	27	-0.0820312
11	28	-0.105469
11	29	0.140625
11	30	-0.09375
11	31	0.363281
12	0	0
12	1	-0.117188
12	2	-0.210938
12	3	-0.234375
12	4	-0.175781
12	5	-0.304688
12	6	-0.445313
12	7	-0.292969
12	8	0.1875
12	9	0.128906
12	10	-0.0703125
12	11	-0.0351562
12	12	0.0585938
12	13	0.117188
12	14	0.09375
12	15	0.046875
12	16	0.0820312
12	17	-0.0820313
12	18	-0.140625
12	19	-0.328125
12	20	-0.1875
12	21	0.0703125
12	22	-0.351562
12	23	-0.117187
12	24	0.0703125
12	25	0.1875
12	26	0.0351563
12	27	0.257813
12	28	0.046875
12	29	0.222656
12	30	0.351562
12	31	0.0340909
13	0	0
13	1	0.375
13	2	0.257813
13	3	0.292969
13	4	0.1875
13	5	0.363281
13	6	0.1875
13	7	0
13	8	0.0351563
13	9	0.117187
13	10	0.28125
13	11	-0.0234375
13	12	0.0820312
13	13	-0.0234375
13	14	0.117188
13	15	0.09375
13	16	0.164062
13	17	0.199219
13	18	0.175781
13	19	0.210938
13	20	0.210937
13	21	0.234375
13	22	0.445313
13	23	0.246094
13	24	-0.046875
13	25	-0.0234375
13	26	-0.128906
13	27	-0.09375
13	28	-0.0117188
13	29	-0.09375
13	30	-0.140625
13	31	-0.09375
14	0	0
14	1	-0.152344
14	2	-0.234375
14	3	-0.210937
14	4	-0.222656
14	5	-0.292969
14	6	-0.292969
14	7	-0.398437
14	8	0.0351562
14	9	0.0117187
14	10	0.0820313
14	11	0.0234375
14	12	-0.046875
14	13	0.105469
14	14	0.0703125
14	15	-0.046875
14	16	-0.210937
14	17	-0.09375
14	18	-0.222656
14	19	-0.375
14	20	-0.269531
14	21	-0.328125
14	22	-0.1875
14	23	-0.1875
14	24	0.0585937
14	25	-0.0585937
14	26	-0.0820313
14	27	0.152344
14	28	0.0585938
14	29	-0.0703125
14	30	-0.0820312
14	31	-0.0234375
15	0	0
15	1	0.140625
15	2	0.152344
15	3	0.175781
15	4	0.164062
15	5	0.210938
15	6	0.257813
15	7	0.234375
15	8	7.24148e-18
15	9	-0.0234375
15	10	-0.0703125
15	11	-0.0703125
15	12	-0.0585938
15	13	-0.046875
15	14	0.046875
15	15	7.79114e-18
15	16	0.1875
15	17	0.128906
15	18	0.222656
15	19	0.1875
15	20	0.164062
15	21	0.175781
15	22	0.0820313
15	23	0.246094
15	24	-0.046875
15	25	-0.0820313
15	26	-0.0820312
15	27	-0.0820312
15	28	-0.117188
15	29	-0.0585937
15	30	-0.046875
15	31	-0.117188
16	0	0
16	1	-0.0351563
16	2	-0.0703125
16	3	-0.09375
16	4	-0.175781
16	5	0.0585937
16	6	-0.339844
16	7	-0.140625
16	8	0.1875
16	9	0.175781
16	10	0.175781
16	11	0.175781
16	12	0.0234375
16	13	0.140625
16	14	0.269531
16	15	0.09375
16	16	-0.046875
16	17	-0.0820313
16	18	-0.164062
16	19	-0.0820312
16	20	-0.117188
16	21	0.0585938
16	22	-0.375
16	23	-0.246094
16	24	0.0585938
16	25	0.0703125
16	26	0.117187
16	27	0.175781
16	28	-0.0117187
16	29	0.0703125
16	30	0.164063
16	31	0.0117188
17	0	0
17	1	-0.0117188
17	2	0.046875
17	3	0.128906
17	4	0.09375
17	5	0.117187
17	6	0.1875
17	7	0.199219
17	8	0.0117188
17	9	-0.0117187
17	10	0.0117187
17	11	-0.0117188
17	12	0.0703125
17	13	-0.09375
17	14	-0.164063
17	15	-0.0703125
17	16	-1.15284e-17
17	17	0.117187
17	18	0.128906
17	19	0.175781
17	20	0.128906
17	21	0.175781
17	22	0.199219
17	23	0.175781
17	24	-0.0351563
17	25	-0.0585938
17	26	-0.0820313
17	27	-0.0234375
17	28	0.0117188
17	29	-0.0585938
17	30	-0.09375
17	31	-0.0234375
18	0	0
18	1	-0.175781
18	2	-0.1875
18	3	-0.164063
18	4	-0.199219
18	5	-0.363281
18	6	-0.0585938
18	7	-0.199219
18	8	0.105469
18	9	0.046875
18	10	0.046875
18	11	0.164062
18	12	0.234375
18	13	0.0585937
18	14	-0.0703125
18	15	0.0703125
18	16	-0.046875
18	17	-0.164062
18	18	-0.1875
18	19	-0.210937
18	20	-0.246094
18	21	-0.234375
18	22	-0.292969
18	23	-0.316406
18	24	0.0703125
18	25	0.09375
18	26	0.0351562
18	27	0.0820313
18	28	0.0585938
18	29	0.0351562
18	30	0.0117188
18	31	0.046875
19	0	0
19	1	-0.316406
19	2	-0.269531
19	3	-0.339844
19	4	-0.28125
19	5	-0.410156
19	6	-0.457031
19	7	-0.457031
19	8	0.140625
19	9	0.175781
19	10	0.164062
19	11	0.117188
19	12	0.128906
19	13	0.140625
19	14	0.09375
19	15	-7.34119e-18
19	16	0
19	17	-0.234375
19	18	-0.1875
19	19	-0.164063
19	20	-0.1875
19	21	-0.105469
19	22	-0.269531
19	23	-0.292969
19	24	-0.0117187
19	25	-0.0234375
19	26	-0.0585938
19	27	3.89355e-17
19	28	0.046875
19	29	0.0117188
19	30	-0.0234375
19	31	0.117188
20	0	0
20	1	0.152344
20	2	0.128906
20	3	0.152344
20	4	0.199219
20	5	0.175781
20	6	0.375
20	7	0.292969
20	8	0
20	9	-0.0820312
20	10	-0.0703125
20	11	0.0585937
20	12	0.09375
20	13	-0.0351562
20	14	-0.0703125
20	15	0.046875
20	16	0.0351563
20	17	0.0585938
20	18	0.152344
20	19	0.117187
20	20	0.152344
20	21	0.0234375
20	22	0.210938
20	23	0.128906
20	24	-0.152344
20	25	-0.0820312
20	26	-0.117187
20	27	-0.09375
20	28	-0.164062
20	29	-0.128906
20	30	-0.175781
20	31	-0.0820312
21	0	0
21	1	-0.152344
21	2	0.0351563
21	3	-0.164063
21	4	0.0585938
21	5	0.0234375
21	6	0.164063
21	7	0.1875
21	8	0.117188
21	9	-0.0351563
21	10	-0.199219
21	11	-0.246094
21	12	-0.0117188
21	13	-0.0585938
21	14	0.105469
21	15	-0.0234375
21	16	0.152344
21	17	-0.246094
21	18	-0.246094
21	19	-0.222656
21	20	-0.222656
21	21	3.78516
21	22	0.0351562
21	23	0.0585938
21	24	0.0351563
21	25	-0.210938
21	26	0.0117187
21	27	-0.375
21	28	-0.128906
21	29	0
21	30	-0.210938
21	31	0.0703125
22	0	0
22	1	0.046875
22	2	-0.0351562
22	3	-0.0820312
22	4	-0.210938
22	5	-0.0820312
22	6	-0.175781
22	7	-0.210938
22	8	-0.0820312
22	9	1.32906e-17
22	10	0.0585937
22	11	0.222656
22	12	0.0351563
22	13	0.046875
22	14	0.152344
22	15	0.0820313
22	16	-0.1875
22	17	-0.210937
22	18	0
22	19	-0.199219
22	20	-0.210937
22	21	-0.445313
22	22	-0.222656
22	23	-0.339844
22	24	-0.0585938
22	25	0.0585937
22	26	-0.0117187
22	27	-0.105469
22	28	-0.0117187
22	29	-0.0351562
22	30	-0.0234375
22	31	0.128906
23	0	0
23	1	0.128906
23	2	0.164062
23	3	0.128906
23	4	0.164062
23	5	0.105469
23	6	0.304688
23	7	0.246094
23	8	0.0234375
23	9	0.0234375
23	10	0.0820313
23	11	0.0117188
23	12	0.09375
23	13	0.046875
23	14	-0.0351562
23	15	0.09375
23	16	0.046875
23	17	0.0585938
23	18	-0.0117188
23	19	0.128906
23	20	-0.0585937
23	21	0.0820313
23	22	0.117188
23	23	0.375
23	24	0.0234375
23	25	-0.0117187
23	26	-0.0351563
23	27	-0.046875
23	28	-0.199219
23	29	-0.09375
23	30	0.0820313
23	31	0.0351563
24	0	0
24	1	0.0585938
24	2	-0.117187
24	3	0.105469
24	4	-0.0585937
24	5	-0.210937
24	6	-0.234375
24	7	-0.128906
24	8	1.53105e-17
24	9	0.0234375
24	10	0.304688
24	11	0.105469
24	12	0.28125
24	13	0.222656
24	14	0.0351562
24	15	0.292969
24	16	-0.1875
24	17	-0.140625
24	18	-0.117187
24	19	-0.316406
24	20	0
24	21	-0.28125
24	22	-0.351562
24	23	-0.457031
24	24	0.0820312
24	25	0
24	26	-0.0351563
24	27	0.128906
24	28	0.0820312
24	29	0.0117187
24	30	0.0117188
24	31	-2.90668e-18
25	0	0
25	1	0.0351562
25	2	0.046875
25	3	0.09375
25	4	0.0820312
25	5	0.328125
25	6	0.140625
25	7	0.105469
25	8	-0.0820313
25	9	-0.164063
25	10	-0.140625
25	11	-0.0703125
25	12	-0.128906
25	13	-0.117187
25	14	-0.046875
25	15	-0.117187
25	16	0.140625
25	17	0.246094
25	18	0.351562
25	19	0.09375
25	20	0.117187
25	21	0.246094
25	22	0.339844
25	23	0.1875
25	24	-0.128906
25	25	0.140625
25	26	0.0585938
25	27	-0.0703125
25	28	0.128906
25	29	-0.0351562
25	30	-0.175781
25	31	0.105469
26	0	0
26	1	0
26	2	0.0820312
26	3	-0.105469
26	4	-0.257812
26	5	-0.234375
26	6	-0.28125
26	7	-0.1875
26	8	0.0351563
26	9	0.046875
26	10	0.09375
26	11	0.117188
26	12	-0.152344
26	13	-0.105469
26	14	-0.0234375
26	15	0.257812
26	16	-0.046875
26	17	-0.09375
26	18	1.37203e-17
26	19	-0.164062
26	20	-0.0234375
26	21	-0.046875
26	22	-0.351563
26	23	-0.375
26	24	-0.0117187
26	25	-2.6221e-18
26	26	0.0703125
26	27	-0.117187
26	28	-0.164062
26	29	0.0703125
26	30	0.128906
26	31	0.117187
27	0	0
27	1	-0.117187
27	2	-0.0234375
27	3	-0.105469
27	4	-0.152344
27	5	-0.164063
27	6	-0.28125
27	7	-0.386719
27	8	-0.152344
27	9	-0.117187
27	10	-0.28125
27	11	0.0585938
27	12	-0.222656
27	13	-0.09375
27	14	0.0234375
27	15	-0.0234375
27	16	-0.0585938
27	17	-0.152344
27	18	-0.304687
27	19	-0.09375
27	20	-0.09375
27	21	-0.175781
27	22	-0.375
27	23	-0.222656
27	24	-0.0585937
27	25	-0.0234375
27	26	0.117187
27	27	0.0234375
27	28	-0.164062
27	29	0.0117188
27	30	-1.04019e-17
27	31	0.0117187
28	0	0
28	1	0.0703125
28	2	0.269531
28	3	0.105469
28	4	0.269531
28	5	0.09375
28	6	0.339844
28	7	0.433594
28	8	0.175781
28	9	0.0351562
28	10	0.0234375
28	11	-0.0585938
28	12	0.0820313
28	13	-0.0234375
28	14	0.140625
28	15	-0.046875
28	16	-0.0234375
28	17	-0.164063
28	18	0.09375
28	19	0.09375
28	20	0.0351563
28	21	0.0820312
28	22	-0.128906
28	23	0.117188
28	24	-0.304687
28	25	-0.164063
28	26	-0.0820313
28	27	0.0117188
28	28	-0.09375
28	29	-0.199219
28	30	-0.363281
28	31	0.0117188
29	0	0
29	1	-0.117187
29	2	-0.164062
29	3	-0.210937
29	4	-0.292969
29	5	-0.292969
29	6	-0.292969
29	7	-0.257813
29	8	0.1304
29	9	0.0820313
29	10	0.0585937
29	11	0.0820313
29	12	0.164063
29	13	0.152344
29	14	0.0585937
29	15	0.09375
29	16	-0.0703125
29	17	-0.128906
29	18	-0.210937
29	19	-0.210937
29	20	-0.117187
29	21	-0.222656
29	22	-0.105469
29	23	-0.152344
29	24	0.09375
29	25	0.0820312
29	26	0.0820312
29	27	0.152344
29	28	0.234375
29	29	0.105469
29	30	0.0351562
29	31	0.105469
30	16	0
30	17	0.140625
30	18	0.140625
30	19	0.199219
30	20	0.292969
30	21	0.117188
30	22	0.46875
30	23	0.421875
30	24	-0.0585938
30	25	-0.128906
30	26	-0.0234375
30	27	-0.0820312
30	28	0.0351562
30	29	-0.164062
30	30	-0.257813
30	31	-0.210938
30	0	0
30	1	0.117188
30	2	0.140625
30	3	0.0820313
30	4	0.117187
30	5	0.164062
30	6	0.164063
30	7	0.234375
30	8	-0.09375
30	9	-0.0703125
30	10	-0.0820312
30	11	-0.128906
30	12	-0.140625
30	13	-0.117187
30	14	-0.0703125
30	15	-0.0351562
31	0	0
31	1	-0.339844
31	2	-0.1875
31	3	-0.199219
31	4	-0.222656
31	5	-0.175781
31	6	-0.046875
31	7	-0.175781
31	8	0.128906
31	9	-0.046875
31	10	0.140625
31	11	0.0820312
31	12	-0.0585937
31	13	0.0117187
31	14	-0.0703125
31	15	0.105469
31	16	-0.1875
31	17	-0.0117187
31	18	-0.398438
31	19	-0.363281
31	20	-0.28125
31	21	-0.257812
31	22	-0.222656
31	23	-0.292969
31	24	-0.0234375
31	25	-0.0234375
31	26	-0.0117187
31	27	0.09375
31	28	0.128906
31	29	-0.046875
31	30	-0.0585938
31	31	-0.175781
32	0	0
32	1	-0.105469
32	2	0.0234375
32	3	0.128906
32	4	0.0234375
32	5	0.1875
32	6	0.128906
32	7	0.117188
32	8	-0.246094
32	9	-0.292969
32	10	-0.046875
32	11	-0.316406
32	12	-0.410156
32	13	-0.363281
32	14	-0.398437
32	15	-0.246094
32	16	-0.128906
32	17	-0.199219
32	18	-0.117188
32	19	-0.0234375
32	20	0.0585938
32	21	-0.0234375
32	22	-0.105469
32	23	0.0703125
32	24	-0.140625
32	25	-0.339844
32	26	-0.269531
32	27	-0.375
32	28	-0.128906
32	29	-0.246094
32	30	-0.199219
32	31	-0.175781
33	0	0
33	1	-0.1875
33	2	-0.269531
33	3	-0.1875
33	4	-0.339844
33	5	-0.304688
33	6	-0.433594
33	7	-0.515625
33	8	-0.0117187
33	9	-0.0585937
33	10	-0.0351562
33	11	-0.0820312
33	12	0.0585938
33	13	0.0117187
33	14	-0.152344
33	15	0.117188
33	16	0.046875
33	17	-0.0820312
33	18	-0.0351563
33	19	-0.339844
33	20	-0.117188
33	21	-0.222656
33	22	-0.1875
33	23	-0.210937
33	24	0.210938
33	25	0.433594
33	26	0.210938
33	27	0.351563
33	28	0.304687
33	29	0.292969
33	30	0.445312
33	31	0.292969
34	0	0
34	1	0.164062
34	2	0.164062
34	3	0.0117188
34	4	0.0820312
34	5	0.222656
34	6	0.257812
34	7	0.09375
34	8	-0.0234375
34	9	-0.222656
34	10	-0.0234375
34	11	0.128906
34	12	0.0117187
34	13	-0.105469
34	14	-0.0117188
34	15	-0.363281
34	16	0.0585938
34	17	0.140625
34	18	0.234375
34	19	0.175781
34	20	0.292969
34	21	0.140625
34	22	0.339844
34	23	0.292969
34	24	-0.09375
34	25	-0.117188
34	26	-0.152344
34	27	-0.164062
34	28	0.117188
34	29	-0.0351562
34	30	0.105469
34	31	0.257812
35	0	0
35	1	-0.09375
35	2	-0.28125
35	3	-0.304688
35	4	-0.175781
35	5	-0.164062
35	6	-0.351562
35	7	-0.351563
35	8	-0.046875
35	9	0.09375
35	10	0.234375
35	11	0.117188
35	12	0.117187
35	13	0.0703125
35	14	0.210937
35	15	0.105469
35	16	-0.140625
35	17	-0.164063
35	18	-0.140625
35	19	-0.140625
35	20	-0.210937
35	21	-0.152344
35	22	-0.1875
35	23	-0.222656
35	24	-0.0351562
35	25	-0.046875
35	26	-0.046875
35	27	0.0234375
35	28	0.0117187
35	29	0.0820312
35	30	-0.046875
35	31	-0.046875
36	0	0
36	1	0.175781
36	2	0.257812
36	3	0.175781
36	4	0.269531
36	5	0.304687
36	6	0.351562
36	7	0.246094
36	8	-0.046875
36	9	-0.0703125
36	10	-0.046875
36	11	-0.0585937
36	12	-0.0820312
36	13	-0.175781
36	14	-0.0351563
36	15	-0.117187
36	16	0.351562
36	17	0.328125
36	18	0.0820313
36	19	0.140625
36	20	0.363281
36	21	0.339844
36	22	0.375
36	23	0.410156
36	24	0.0234375
36	25	-0.128906
36	26	-0.0351563
36	27	-0.105469
36	28	-0.0351563
36	29	-0.105469
36	30	-0.09375
36	31	0.140625
37	0	0
37	1	-0.210937
37	2	-0.269531
37	3	-0.234375
37	4	-0.222656
37	5	0
37	6	-0.304688
37	7	-0.140625
37	8	0.0117187
37	9	0.175781
37	10	0.128906
37	11	0.316406
37	12	0.292969
37	13	0.199219
37	14	0.234375
37	15	0.164062
37	16	-0.234375
37	17	-0.0351563
37	18	-0.117187
37	19	-0.117188
37	20	-0.105469
37	21	-0.175781
37	22	-0.117187
37	23	-0.164062
37	24	-0.0703125
37	25	0.0703125
37	26	0.0820312
37	27	0.222656
37	28	0.0234375
37	29	0.152344
37	30	0.140625
37	31	0.0585937
38	0	0
38	1	-0.128906
38	2	0.0351562
38	3	0.316406
38	4	0.175781
38	5	0.128906
38	6	0.09375
38	7	0.375
38	8	-0.0703125
38	9	-0.234375
38	10	0.0234375
38	11	0.046875
38	12	-0.175781
38	13	0.152344
38	14	-0.128906
38	15	-0.175781
38	16	0.210938
38	17	0.046875
38	18	0.304688
38	19	0.234375
38	20	0.234375
38	21	0.316406
38	22	0.410156
38	23	0.351563
38	24	0.257812
38	25	0.175781
38	26	0.0703125
38	27	0.152344
38	28	0.164062
38	29	-0.0234375
38	30	0.0234375
38	31	0.09375
39	0	0
39	1	-0.09375
39	2	-0.09375
39	3	-0.152344
39	4	0.0117188
39	5	-0.105469
39	6	-0.199219
39	7	-0.269531
39	8	-0.140625
39	9	-0.140625
39	10	0.0234375
39	11	-0.09375
39	12	0.0234375
39	13	0.0820313
39	14	0
39	15	-0.128906
39	16	0.0234375
39	17	2.16221e-18
39	18	-0.0585938
39	19	0
39	20	-0.234375
39	21	-0.117188
39	22	-0.0820313
39	23	-0.246094
39	24	0.105469
39	25	0.0117188
39	26	-0.0234375
39	27	-1.83105e-18
39	28	0.0585938
39	29	0.1875
39	30	-5.70636e-18
39	31	-0.0234375
40	0	0
40	1	1.24154e-17
40	2	0.09375
40	3	0.222656
40	4	0.222656
40	5	0.0234375
40	6	0.210938
40	7	0.152344
40	8	-0.164062
40	9	0.09375
40	10	0.0234375
40	11	-0.246094
40	12	0.046875
40	13	-0.175781
40	14	-0.304688
40	15	-0.128906
40	16	0.28125
40	17	0.328125
40	18	0.152344
40	19	0.0820312
40	20	0.269531
40	21	0.339844
40	22	0.046875
40	23	0.527344
40	24	-0.175781
40	25	-0.304688
40	26	-0.316406
40	27	-0.246094
40	28	-0.0117187
40	29	-0.0117188
40	30	-0.304687
40	31	-0.140625
41	0	0
41	1	-0.41817
41	2	-0.246094
41	3	-0.316406
41	4	-0.269531
41	5	-0.316406
41	6	-0.269531
41	7	-0.257813
41	8	-0.0117187
41	9	-0.0351563
41	10	0.0820312
41	11	0.0820312
41	12	0.0820312
41	13	0.0585938
41	14	0.164062
41	15	0.0820313
41	16	0
41	17	0
41	18	0
41	19	0
41	20	0
41	21	0
41	22	0
41	23	0
41	24	0
41	25	0
41	26	0
41	27	0
41	28	0
41	29	0
41	30	0
41	31	0
42	0	0.421875
42	1	0.117188
42	2	0.0585938
42	3	0.164063
42	4	0.539063
42	5	0.375
42	6	0.28125
42	7	0.046875
42	8	0.0703125
42	9	0.0351562
42	10	0.0117188
42	11	-3.83988e-17
42	12	0.0117187
42	13	-0.046875
42	14	0.0234375
42	15	0.0117187
42	16	0
42	17	0
42	18	0
42	19	0
42	20	0
42	21	0
42	22	0
42	23	0
42	24	0
42	25	0
42	26	0
42	27	0
42	28	0
42	29	0
42	30	0
42	31	0
43	0	0
43	1	0.0117187
43	2	-0.0585937
43	3	-0.0703125
43	4	-0.0585937
43	5	-0.0703125
43	6	-0.152344
43	7	-0.351563
43	8	1.37786e-17
43	9	0.175781
43	10	0.128906
43	11	0.128906
43	12	0.164063
43	13	0.0585937
43	14	0.0703125
43	15	0.105469
43	16	0
43	17	0
43	18	0
43	19	0
43	20	0
43	21	0
43	22	0
43	23	0
43	24	0
43	25	0
43	26	0
43	27	0
43	28	0
43	29	0
43	30	0
43	31	0
44	0	0
44	1	0.527344
44	2	0.597656
44	3	0.164063
44	4	0.316406
44	5	0.375
44	6	0.304687
44	7	0.574219
44	8	-0.117188
44	9	0.117188
44	10	-0.164062
44	11	-0.046875
44	12	0.117188
44	13	0.0585938
44	14	0.0820312
44	15	0.257813
44	16	0
44	17	0
44	18	0
44	19	0
44	20	0
44	21	0
44	22	0
44	23	0
44	24	0
44	25	0
44	26	0
44	27	0
44	28	0
44	29	0
44	30	0
44	31	0
45	0	0
45	1	-0.269531
45	2	-0.0585938
45	3	-0.304687
45	4	-0.222656
45	5	-0.175781
45	6	-0.0234375
45	7	-0.246094
45	8	-0.164063
45	9	-0.0351563
45	10	0.128906
45	11	0.09375
45	12	0.0351563
45	13	0.0234375
45	14	0.0703125
45	15	0.128906
45	16	0
45	17	0
45	18	0
45	19	0
45	20	0
45	21	0
45	22	0
45	23	0
45	24	0
45	25	0
45	26	0
45	27	0
45	28	0
45	29	0
45	30	0
45	31	0
46	0	0
46	1	0.128906
46	2	0.09375
46	3	-0.0703125
46	4	0.117188
46	5	0.0351563
46	6	0.257812
46	7	0.292969
46	8	0.0351563
46	9	-0.0585937
46	10	-0.0117188
46	11	-0.09375
46	12	-0.0703125
46	13	-3.06912e-17
46	14	-0.164063
46	15	-0.117187
46	16	0
46	17	0
46	18	0
46	19	0
46	20	0
46	21	0
46	22	0
46	23	0
46	24	0
46	25	0
46	26	0
46	27	0
46	28	0
46	29	0
46	30	0
46	31	0
47	0	0
47	1	0.117187
47	2	0.0703125
47	3	0.152344
47	4	0.269531
47	5	0.269531
47	6	0.257812
47	7	0.304687
47	8	-0.140625
47	9	0.199219
47	10	-0.0117187
47	11	-0.09375
47	12	-0.152344
47	13	-0.210937
47	14	-0.140625
47	15	-0.0820313
47	16	0
47	17	0
47	18	0
47	19	0
47	20	0
47	21	0
47	22	0
47	23	0
47	24	0
47	25	0
47	26	0
47	27	0
47	28	0
47	29	0
47	30	0
47	31	0
48	0	0
48	1	0.105469
48	2	-0.28125
48	3	-0.09375
48	4	-0.117188
48	5	-0.0234375
48	6	0.0234375
48	7	-0.152344
48	8	2.38545e-18
48	9	0.0820312
48	10	0.246094
48	11	0.164063
48	12	-0.0117188
48	13	0.152344
48	14	0.0585937
48	15	-0.433594
48	16	0
48	17	0
48	18	0
48	19	0
48	20	0
48	21	0
48	22	0
48	23	0
48	24	0
48	25	0
48	26	0
48	27	0
48	28	0
48	29	0
48	30	0
48	31	0
49	0	0
49	1	0.128906
49	2	0.0117188
49	3	0.09375
49	4	0.199219
49	5	0.128906
49	6	0.09375
49	7	0.175781
49	8	-0.117187
49	9	-0.234375
49	10	-0.257813
49	11	-0.152344
49	12	-0.140625
49	13	-0.210938
49	14	-0.1875
49	15	-0.304687
49	16	0
49	17	0
49	18	0
49	19	0
49	20	0
49	21	0
49	22	0
49	23	0
49	24	0
49	25	0
49	26	0
49	27	0
49	28	0
49	29	0
49	30	0
49	31	0
50	0	0
50	1	0.0234375
50	2	0.0703125
50	3	0.363281
50	4	0.234375
50	5	0.152344
50	6	0.304688
50	7	0.386719
50	8	-0.1875
50	9	-0.0585937
50	10	0
50	11	-0.316406
50	12	-0.246094
50	13	-0.1875
50	14	-0.09375
50	15	0.0585938
50	16	0
50	17	0
50	18	0
50	19	0
50	20	0
50	21	0
50	22	0
50	23	0
50	24	0
50	25	0
50	26	0
50	27	0
50	28	0
50	29	0
50	30	0
50	31	0
51	0	0
51	1	0.222656
51	2	0.0820312
51	3	0.1875
51	4	0.269531
51	5	0.292969
51	6	0.234375
51	7	0.269531
51	8	0.0234375
51	9	-0.0234375
51	10	0.0234375
51	11	-0.0234375
51	12	0.0351562
51	13	-0.046875
51	14	0.09375
51	15	-0.0351563
51	16	0
51	17	0
51	18	0
51	19	0
51	20	0
51	21	0
51	22	0
51	23	0
51	24	0
51	25	0
51	26	0
51	27	0
51	28	0
51	29	0
51	30	0
51	31	0
52	0	0
52	1	-0.1875
52	2	-0.152344
52	3	1.17218e-16
52	4	-0.0351562
52	5	-0.164062
52	6	-2.11911e-17
52	7	-0.152344
52	8	-0.0117188
52	9	0.0820313
52	10	0.046875
52	11	-0.105469
52	12	0.0117187
52	13	0.0351563
52	14	0.0585938
52	15	0.0351562
52	16	0
52	17	0
52	18	0
52	19	0
52	20	0
52	21	0
52	22	0
52	23	0
52	24	0
52	25	0
52	26	0
52	27	0
52	28	0
52	29	0
52	30	0
52	31	0
53	0	0
53	1	-0.199219
53	2	-0.503906
53	3	-0.269531
53	4	-0.28125
53	5	-0.351562
53	6	-0.527344
53	7	-0.386719
53	8	0.046875
53	9	0.117187
53	10	0.164063
53	11	0.199219
53	12	0.0703125
53	13	0.164062
53	14	0.46875
53	15	0.257812
53	16	0
53	17	0
53	18	0
53	19	0
53	20	0
53	21	0
53	22	0
53	23	0
53	24	0
53	25	0
53	26	0
53	27	0
53	28	0
53	29	0
53	30	0
53	31	0
54	0	0
54	1	0.339844
54	2	0.339844
54	3	0.375
54	4	-0.0351562
54	5	0
54	6	0.433594
54	7	0.105469
54	8	0.140625
54	9	-0.117187
54	10	-0.234375
54	11	0.0117188
54	12	0.222656
54	13	0.0351563
54	14	-0.046875
54	15	-0.0234375
54	16	0
54	17	0
54	18	0
54	19	0
54	20	0
54	21	0
54	22	0
54	23	0
54	24	0
54	25	0
54	26	0
54	27	0
54	28	0
54	29	0
54	30	0
54	31	0
55	0	0
55	1	-0.105469
55	2	-0.128906
55	3	-0.199219
55	4	0
55	5	-0.328125
55	6	-0.199219
55	7	-0.09375
55	8	0.199219
55	9	0.234375
55	10	0.164062
55	11	0.257813
55	12	0.199219
55	13	0
55	14	0.257812
55	15	0.1875
55	16	0
55	17	0
55	18	0
55	19	0
55	20	0
55	21	0
55	22	0
55	23	0
55	24	0
55	25	0
55	26	0
55	27	0
55	28	0
55	29	0
55	30	0
55	31	0
56	0	0
56	1	0.152344
56	2	0.433594
56	3	0.105469
56	4	0.269531
56	5	0.117188
56	6	0.1875
56	7	0.328125
56	8	0.105469
56	9	0.0117188
56	10	0.0351562
56	11	-0.292969
56	12	0.117188
56	13	-0.09375
56	14	-0.140625
56	15	-0.105469
56	16	0
56	17	0
56	18	0
56	19	0
56	20	0
56	21	0
56	22	0
56	23	0
56	24	0
56	25	0
56	26	0
56	27	0
56	28	0
56	29	0
56	30	0
56	31	0
57	0	0
57	1	0.140625
57	2	-0.199219
57	3	-0.0351562
57	4	-0.09375
57	5	-3.55708e-17
57	6	-0.105469
57	7	-0.351562
57	8	0.234375
57	9	-0.0585938
57	10	0.105469
57	11	0.398438
57	12	-0.175781
57	13	0.246094
57	14	0.128906
57	15	0.117187
57	16	0
57	17	0
57	18	0
57	19	0
57	20	0
57	21	0
57	22	0
57	23	0
57	24	0
57	25	0
57	26	0
57	27	0
57	28	0
57	29	0
57	30	0
57	31	0
58	0	0
58	1	0.140625
58	2	0.210937
58	3	0.222656
58	4	0.175781
58	5	0.128906
58	6	0.1875
58	7	0.222656
58	8	0.0234375
58	9	0.0234375
58	10	0.0351562
58	11	0.0351563
58	12	0.09375
58	13	0.117187
58	14	0.0117187
58	15	0.0585938
58	16	0
58	17	0
58	18	0
58	19	0
58	20	0
58	21	0
58	22	0
58	23	0
58	24	0
58	25	0
58	26	0
58	27	0
58	28	0
58	29	0
58	30	0
58	31	0
