crate  		slot  tdc  channel plane   strip   side
=================================================
0x6912B2        3      1   16      01      1       R
0x6912B2        3      1   17      01      2       R
0x6912B2        3      1   18      01      3       R
0x6912B2        3      1   19      01      4       R
0x6912B2        3      1   20      01      5       R
0x6912B2        3      1   21      01      6       R
0x6912B2        3      1   22      01      7       R
0x6912B2        3      1   23      01      8       R
0x6912B2        3      1   24      01      9       R
0x6912B2        3      1   25      01      10      R
0x6912B2        3      1   26      01      11      R
0x6912B2        3      1   27      01      1       L
0x6912B2        3      1   28      01      2       L
0x6912B2        3      1   29      01      3       L
0x6912B2        3      1   30      01      4       L
0x6912B2        3      1   31      01      5       L

0x6912B2        4      4   0       01      6       L
0x6912B2        4      4   1       01      7       L
0x6912B2        4      4   2       01      8       L
0x6912B2        4      4   3       01      9       L
0x6912B2        4      4   4       01      10      L
0x6912B2        4      4   5       01      11      L
0x6912B2        4      4   6       02      16      R
0x6912B2        4      4   7       02      15      R
0x6912B2        4      4   8       02      14      R
0x6912B2        4      4   9       02      13      R
0x6912B2        4      4   10      02      12      R
0x6912B2        4      4   11      02      11      R
0x6912B2        4      4   12      02      10      R
0x6912B2        4      4   13      02      9       R
0x6912B2        4      4   14      02      8       R
0x6912B2        4      4   15      02      7       R
0x6912B2        4      4   16      02      6       R
0x6912B2        4      4   17      02      5       R
0x6912B2        4      4   18      02      4       R
0x6912B2        4      4   19      02      16      L
0x6912B2        4      4   20      02      15      L
0x6912B2        4      4   21      02      14      L
0x6912B2        4      4   22      02      13      L
0x6912B2        4      4   23      02      12      L
0x6912B2        4      4   24      02      11      L
0x6912B2        4      4   25      02      10      L
0x6912B2        4      4   26      02      9       L
0x6912B2        4      4   27      02      8       L
0x6912B2        4      4   28      02      7       L
0x6912B2        4      4   29      02      6       L
0x6912B2        4      4   30      02      5       L
0x6912B2        4      4   31      02      4       L

0x6912B2        5      2   0       03      32      L
0x6912B2        5      2   1       03      31      L
0x6912B2        5      2   2       03      30      L
0x6912B2        5      2   3       03      29      L
0x6912B2        5      2   4       03      28      L
0x6912B2        5      2   5       03      27      L
0x6912B2        5      2   6       03      26      L
0x6912B2        5      2   7       03      25      L
0x6912B2        5      2   8       03      24      L
0x6912B2        5      2   9       03      23      L
0x6912B2        5      2   10      03      22      L
0x6912B2        5      2   11      03      21      L
0x6912B2        5      2   12      03      20      L
0x6912B2        5      2   13      03      19      L
0x6912B2        5      2   14      03      18      L
0x6912B2        5      2   15      03      17      L
0x6912B2        5      2   16      03      16      L
0x6912B2        5      2   17      03      15      L
0x6912B2        5      2   18      03      14      L
0x6912B2        5      2   19      03      13      L
0x6912B2        5      2   20      03      12      L
0x6912B2        5      2   21      03      11      L
0x6912B2        5      2   22      04      10      L
0x6912B2        5      2   23      04      9       L
0x6912B2        5      2   24      04      8       L
0x6912B2        5      2   25      04      7       L
0x6912B2        5      2   26      04      6       L
0x6912B2        5      2   27      04      5       L
0x6912B2        5      2   28      04      4       L
0x6912B2        5      2   29      04      3       L
0x6912B2        5      2   30      04      2       L
0x6912B2        5      2   31      04      1       L

0x6912B2        6      3   0       04      1       R
0x6912B2        6      3   1       04      2       R
0x6912B2        6      3   2       04      3       R
0x6912B2        6      3   3       04      4       R
0x6912B2        6      3   4       04      5       R
0x6912B2        6      3   5       04      6       R
0x6912B2        6      3   6       04      7       R
0x6912B2        6      3   7       04      8       R
0x6912B2        6      3   8       04      9       R
0x6912B2        6      3   9       04      10      R
0x6912B2        6      3   10      03      11      R
0x6912B2        6      3   11      03      12      R
0x6912B2        6      3   12      03      13      R
0x6912B2        6      3   13      03      14      R
0x6912B2        6      3   14      03      15      R
0x6912B2        6      3   15      03      16      R
0x6912B2        6      3   16      03      17      R
0x6912B2        6      3   17      03      18      R
0x6912B2        6      3   18      03      19      R
0x6912B2        6      3   19      03      20      R
0x6912B2        6      3   20      03      21      R
0x6912B2        6      3   21      03      22      R
0x6912B2        6      3   22      03      23      R
0x6912B2        6      3   23      03      24      R
0x6912B2        6      3   24      03      25      R
0x6912B2        6      3   25      03      26      R
0x6912B2        6      3   26      03      27      R
0x6912B2        6      3   27      03      28      R
0x6912B2        6      3   28      03      29      R
0x6912B2        6      3   29      03      30      R
0x6912B2        6      3   30      03      31      R
0x6912B2        6      3   31      03      32      R

