Common TimeShift, ns
566
Plane	 Strip	 TimeShift, ns
0	0	20.7629
0	1	21.205
0	2	21.1866
0	3	21.2104
0	4	21.1981
0	5	21.1998
0	6	21.1798
0	7	21.2288
0	8	21.2156
0	9	21.2137
0	10	21.2127
0	11	21.21
0	12	21.2019
0	13	21.1953
0	14	21.2169
0	15	21.2227
0	16	21.2364
0	17	21.2429
0	18	21.2552
0	19	21.2395
0	20	21.2572
0	21	21.2418
0	22	21.238
0	23	21.253
0	24	21.2742
0	25	21.2575
0	26	21.2384
0	27	21.2253
0	28	21.2664
0	29	21.2604
0	30	21.2491
0	31	21.2576
1	0	20.3725
1	1	20.6912
1	2	20.7092
1	3	20.679
1	4	20.7006
1	5	20.6889
1	6	20.6978
1	7	20.701
1	8	20.6977
1	9	20.686
1	10	20.6999
1	11	20.708
1	12	20.7176
1	13	20.7114
1	14	20.7151
1	15	20.7167
1	16	20.7155
1	17	20.7203
1	18	20.7408
1	19	20.7331
1	20	20.7303
1	21	20.7475
1	22	20.7512
1	23	20.7484
1	24	20.7465
1	25	20.7691
1	26	20.7517
1	27	20.7607
1	28	20.755
1	29	20.7789
1	30	20.7819
1	31	20.7714
2	0	20.5548
2	1	20.922
2	2	20.9174
2	3	20.9212
2	4	20.9282
2	5	20.9256
2	6	20.9103
2	7	20.9208
2	8	20.9343
2	9	20.9237
2	10	20.9177
2	11	20.9222
2	12	20.9176
2	13	20.9293
2	14	20.9334
2	15	20.9532
2	16	20.9495
2	17	20.9409
2	18	20.9734
2	19	20.97
2	20	20.9557
2	21	20.9529
2	22	20.9736
2	23	20.9744
2	24	20.9958
2	25	21.0157
2	26	20.989
2	27	21.0005
2	28	21.0093
2	29	20.9846
2	30	20.9824
2	31	20.9982
3	0	20.1868
3	1	20.4574
3	2	20.459
3	3	20.4459
3	4	20.4436
3	5	20.4637
3	6	20.4412
3	7	20.4618
3	8	20.4663
3	9	20.4709
3	10	20.4649
3	11	20.4677
3	12	20.4646
3	13	20.4758
3	14	20.4848
3	15	20.48
3	16	20.4828
3	17	20.4836
3	18	20.486
3	19	20.4791
3	20	20.4764
3	21	20.4957
3	22	20.5042
3	23	20.4992
3	24	20.5083
3	25	20.5063
3	26	20.4983
3	27	20.5114
3	28	20.5126
3	29	20.5271
3	30	20.5484
3	31	20.548
4	0	20.3956
4	1	20.71
4	2	20.7063
4	3	20.7176
4	4	20.7144
4	5	20.7172
4	6	20.7178
4	7	20.7225
4	8	20.7334
4	9	20.7347
4	10	20.7423
4	11	20.7285
4	12	20.7427
4	13	20.7579
4	14	20.7476
4	15	20.7488
4	16	20.7573
4	17	20.7595
4	18	20.7468
4	19	20.7664
4	20	20.7618
4	21	20.7659
4	22	20.779
4	23	20.7662
4	24	20.7702
4	25	20.7918
4	26	20.776
4	27	20.7856
4	28	20.7926
4	29	20.8057
4	30	20.8092
4	31	20.8079
5	0	20.0487
5	1	20.2471
5	2	20.2476
5	3	20.2612
5	4	20.2618
5	5	20.2654
5	6	20.2678
5	7	20.2751
5	8	20.2868
5	9	20.2918
5	10	20.2809
5	11	20.2897
5	12	20.2909
5	13	20.3022
5	14	20.3109
5	15	20.311
5	16	20.3256
5	17	20.3202
5	18	20.3259
5	19	20.3217
5	20	20.3186
5	21	20.3426
5	22	20.3501
5	23	20.3511
5	24	20.342
5	25	20.3505
5	26	20.3406
5	27	20.3536
5	28	20.3635
5	29	20.3845
5	30	20.3901
5	31	20.3996
6	0	20.2824
6	1	20.5352
6	2	20.5503
6	3	20.5388
6	4	20.5764
6	5	20.567
6	6	20.6009
6	7	20.5957
6	8	20.5737
6	9	20.5757
6	10	20.5712
6	11	20.5843
6	12	20.6097
6	13	20.6258
6	14	20.6235
6	15	20.6043
6	16	20.61
6	17	20.6385
6	18	20.6154
6	19	20.6112
6	20	20.6279
6	21	20.6455
6	22	20.6516
6	23	20.658
6	24	20.6446
6	25	20.6622
6	26	20.674
6	27	20.6585
6	28	20.6737
6	29	20.7008
6	30	20.6945
6	31	20.6903
7	0	19.9614
7	1	20.1465
7	2	20.1523
7	3	20.1671
7	4	20.1565
7	5	20.1908
7	6	20.1967
7	7	20.1967
7	8	20.1769
7	9	20.2158
7	10	20.1759
7	11	20.1899
7	12	20.2147
7	13	20.2125
7	14	20.2133
7	15	20.2277
7	16	20.2164
7	17	20.2462
7	18	20.2284
7	19	20.2316
7	20	20.2387
7	21	20.2474
7	22	20.2488
7	23	20.2557
7	24	20.2551
7	25	20.2594
7	26	20.2775
7	27	20.2535
7	28	20.2789
7	29	20.2825
7	30	20.2938
7	31	20.2951
8	0	20.2245
8	1	20.4991
8	2	20.4953
8	3	20.4974
8	4	20.5101
8	5	20.501
8	6	20.5102
8	7	20.5244
8	8	20.5172
8	9	20.5151
8	10	20.5406
8	11	20.547
8	12	20.5459
8	13	20.5462
8	14	20.5617
8	15	20.5569
8	16	20.5697
8	17	20.5954
8	18	20.5792
8	19	20.5875
8	20	20.5849
8	21	20.6084
8	22	20.6017
8	23	20.6008
8	24	20.6169
8	25	20.628
8	26	20.6314
8	27	20.6382
8	28	20.6344
8	29	20.651
8	30	20.636
8	31	20.6544
9	0	19.9195
9	1	20.1433
9	2	20.1401
9	3	20.1289
9	4	20.156
9	5	20.1369
9	6	20.161
9	7	20.1442
9	8	20.1457
9	9	20.1805
9	10	20.1709
9	11	20.1858
9	12	20.1872
9	13	20.1707
9	14	20.1848
9	15	20.1751
9	16	20.1738
9	17	20.2116
9	18	20.2076
9	19	20.2017
9	20	20.2108
9	21	20.2255
9	22	20.2213
9	23	20.2206
9	24	20.2354
9	25	20.2486
9	26	20.2453
9	27	20.2507
9	28	20.2285
9	29	20.2732
9	30	20.2657
9	31	20.2782
10	0	20.2114
10	1	20.5443
10	2	20.5377
10	3	20.5413
10	4	20.5532
10	5	20.5664
10	6	20.5751
10	7	20.5524
10	8	20.5663
10	9	20.5716
10	10	20.586
10	11	20.5858
10	12	20.5912
10	13	20.6107
10	14	20.5816
10	15	20.5977
10	16	20.596
10	17	20.5643
10	18	20.5953
10	19	20.6136
10	20	20.6209
10	21	20.63
10	22	20.6334
10	23	20.631
10	24	20.63
10	25	20.6438
10	26	20.6375
10	27	20.6439
10	28	20.8133
10	29	20.2691
10	30	20.6524
10	31	20.6788
11	0	19.927
11	1	20.1944
11	2	20.1911
11	3	20.1966
11	4	20.1736
11	5	20.2269
11	6	20.2093
11	7	20.1926
11	8	20.2169
11	9	20.2387
11	10	20.2258
11	11	20.2345
11	12	20.2148
11	13	20.2408
11	14	20.2431
11	15	20.2559
11	16	20.2568
11	17	20.255
11	18	20.246
11	19	20.2666
11	20	20.2568
11	21	20.2654
11	22	20.2909
11	23	20.2941
11	24	20.2903
11	25	20.3105
11	26	20.3112
11	27	20.2871
11	28	20.3075
11	29	20.3344
11	30	20.3463
11	31	20.3547
12	0	20.2484
12	1	20.6155
12	2	20.6174
12	3	20.6362
12	4	20.6257
12	5	20.6439
12	6	20.6459
12	7	20.643
12	8	20.6635
12	9	20.662
12	10	20.6782
12	11	20.6644
12	12	20.6747
12	13	20.6794
12	14	20.6845
12	15	20.674
12	16	20.682
12	17	20.7066
12	18	20.6957
12	19	20.708
12	20	20.702
12	21	20.7018
12	22	20.7111
12	23	20.699
12	24	20.7018
12	25	20.7142
12	26	20.7021
12	27	20.6941
12	28	20.673
12	29	20.6294
12	30	20.6482
12	31	20.627
13	0	19.9838
13	1	20.3868
13	2	20.3789
13	3	20.3438
13	4	20.2863
13	5	20.2864
13	6	20.2826
13	7	19.9927
13	8	20.3646
13	9	20.4128
13	10	20.4125
13	11	20.4059
13	12	20.3763
13	13	20.407
13	14	20.4094
13	15	20.4418
13	16	20.4574
13	17	20.4434
13	18	20.3814
13	19	20.3273
13	20	20.3106
13	21	20.3268
13	22	20.3452
13	23	20.3856
13	24	20.4124
13	25	20.3206
13	26	20.3222
13	27	20.2337
13	28	20.2398
13	29	20.3463
13	30	20.3906
13	31	20.2994
14	0	21.683
14	1	22.4701
14	2	22.4521
14	3	22.4372
14	4	22.4508
14	5	22.4608
14	6	22.4451
14	7	22.4344
14	8	22.4653
14	9	22.4464
14	10	22.4488
14	11	22.4331
14	12	22.4513
14	13	22.4481
14	14	22.4508
14	15	22.4582
14	16	22.5012
14	17	22.4739
14	18	22.4614
14	19	22.4681
14	20	22.4463
14	21	22.4631
14	22	22.4425
14	23	22.4363
14	24	22.4479
14	25	22.4605
14	26	22.4417
14	27	22.4294
14	28	22.4601
14	29	22.4376
14	30	22.446
14	31	22.4718
15	0	21.2901
15	1	21.983
15	2	21.9656
15	3	21.9733
15	4	21.9714
15	5	21.9554
15	6	21.9628
15	7	21.9696
15	8	21.9627
15	9	21.9813
15	10	21.963
15	11	21.9719
15	12	21.9802
15	13	21.9803
15	14	21.9763
15	15	21.9723
15	16	21.9725
15	17	21.9942
15	18	21.9484
15	19	21.9628
15	20	21.9633
15	21	21.9613
15	22	21.9682
15	23	21.9523
15	24	21.9503
15	25	21.9476
15	26	21.9614
15	27	21.9445
15	28	21.9462
15	29	21.9663
15	30	21.9542
15	31	21.9441
16	0	21.4962
16	1	22.2177
16	2	22.2238
16	3	22.2007
16	4	22.2106
16	5	22.2133
16	6	22.1894
16	7	22.2059
16	8	22.2091
16	9	22.207
16	10	22.2074
16	11	22.202
16	12	22.2102
16	13	22.2007
16	14	22.2211
16	15	22.2022
16	16	22.1892
16	17	22.2119
16	18	22.2
16	19	22.224
16	20	22.2059
16	21	22.2191
16	22	22.2126
16	23	22.2163
16	24	22.1912
16	25	22.2066
16	26	22.1891
16	27	22.2051
16	28	22.1941
16	29	22.1921
16	30	22.1978
16	31	22.211
17	0	21.1274
17	1	21.7555
17	2	21.7428
17	3	21.7438
17	4	21.7339
17	5	21.7508
17	6	21.7455
17	7	21.7495
17	8	21.7539
17	9	21.7417
17	10	21.7659
17	11	21.7333
17	12	21.7362
17	13	21.746
17	14	21.7508
17	15	21.7361
17	16	21.7532
17	17	21.7214
17	18	21.7311
17	19	21.731
17	20	21.7361
17	21	21.7556
17	22	21.743
17	23	21.7392
17	24	21.7459
17	25	21.7392
17	26	21.7406
17	27	21.7435
17	28	21.7319
17	29	21.7383
17	30	21.7415
17	31	21.7422
18	0	21.3554
18	1	22.0076
18	2	22.0169
18	3	22.0103
18	4	21.9848
18	5	22.0023
18	6	22.0082
18	7	21.9862
18	8	22.0046
18	9	22.0056
18	10	21.9732
18	11	22.0154
18	12	22.005
18	13	21.9717
18	14	21.9819
18	15	22
18	16	21.9744
18	17	21.9493
18	18	21.9734
18	19	21.94
18	20	21.9737
18	21	21.9702
18	22	21.9713
18	23	21.9691
18	24	21.9926
18	25	21.9928
18	26	21.9745
18	27	22.0042
18	28	21.9595
18	29	22.0046
18	30	21.9952
18	31	22.0058
19	0	21.723
19	1	22.4101
19	2	22.392
19	3	22.3676
19	4	22.3963
19	5	22.3788
19	6	22.3993
19	7	22.3692
19	8	22.3967
19	9	22.3833
19	10	22.3957
19	11	22.3494
19	12	22.4016
19	13	22.3994
19	14	22.3936
19	15	22.3587
19	16	21.7164
19	17	22.366
19	18	22.3742
19	19	22.3653
19	20	22.3801
19	21	22.3944
19	22	22.4076
19	23	22.3717
19	24	22.3823
19	25	22.3504
19	26	22.3756
19	27	22.3674
19	28	22.3745
19	29	22.3967
19	30	22.3822
19	31	22.4015
20	0	21.0104
20	1	21.6183
20	2	21.6216
20	3	21.6017
20	4	21.6016
20	5	21.6088
20	6	21.5746
20	7	21.5473
20	8	21.5807
20	9	21.5604
20	10	21.572
20	11	21.4823
20	12	21.5406
20	13	21.599
20	14	21.604
20	15	21.5716
20	16	21.593
20	17	21.5797
20	18	21.5409
20	19	21.5666
20	20	21.5672
20	21	21.5723
20	22	21.5953
20	23	21.5924
20	24	21.5503
20	25	21.5923
20	26	21.5827
20	27	21.5856
20	28	21.5683
20	29	21.5748
20	30	21.6038
20	31	21.5867
21	0	20.9231
21	1	21.5093
21	2	21.5039
21	3	21.4959
21	4	21.5061
21	5	21.5154
21	6	21.5056
21	7	21.5177
21	8	21.5046
21	9	21.5127
21	10	21.5065
21	11	21.4883
21	12	21.498
21	13	21.4903
21	14	21.4973
21	15	21.4739
21	16	21.4908
21	17	21.5138
21	18	21.488
21	19	21.4668
21	20	21.4864
21	21	20.9164
21	22	21.5007
21	23	21.4835
21	24	21.4906
21	25	21.5301
21	26	21.506
21	27	21.4816
21	28	21.485
21	29	20.9213
21	30	21.5078
21	31	21.5165
22	0	21.2095
22	1	21.9019
22	2	21.8965
22	3	21.8992
22	4	21.887
22	5	21.8917
22	6	21.894
22	7	21.8883
22	8	21.8908
22	9	21.8896
22	10	21.9008
22	11	21.9114
22	12	21.8819
22	13	21.9083
22	14	21.8954
22	15	21.8699
22	16	21.8457
22	17	21.8912
22	18	21.203
22	19	21.9045
22	20	21.8747
22	21	21.931
22	22	21.8868
22	23	21.8656
22	24	21.8917
22	25	21.9027
22	26	21.8933
22	27	21.8876
22	28	21.9125
22	29	21.8905
22	30	21.925
22	31	21.9076
23	0	20.9223
23	1	21.5608
23	2	21.548
23	3	21.568
23	4	21.5485
23	5	21.5427
23	6	21.5712
23	7	21.568
23	8	21.5685
23	9	21.5767
23	10	21.5703
23	11	21.5784
23	12	21.551
23	13	21.5739
23	14	21.5725
23	15	21.5792
23	16	21.5587
23	17	21.5808
23	18	21.571
23	19	21.5604
23	20	21.5593
23	21	21.5567
23	22	21.5661
23	23	21.5592
23	24	21.5442
23	25	21.5591
23	26	21.5621
23	27	21.5525
23	28	21.5504
23	29	21.5681
23	30	21.5721
23	31	21.5704
24	0	21.2333
24	1	21.9693
24	2	21.9743
24	3	21.9685
24	4	21.9742
24	5	21.9919
24	6	21.991
24	7	21.9663
24	8	21.9739
24	9	21.9954
24	10	21.9964
24	11	21.9997
24	12	21.9891
24	13	22.0058
24	14	21.9983
24	15	21.999
24	16	21.9963
24	17	22.0157
24	18	22.0267
24	19	22.0042
24	20	21.2273
24	21	21.9998
24	22	22.0058
24	23	21.9778
24	24	21.9796
24	25	21.9812
24	26	21.9807
24	27	21.9751
24	28	21.9684
24	29	21.9738
24	30	21.9567
24	31	21.9575
25	0	20.9687
25	1	21.5156
25	2	21.5422
25	3	21.5427
25	4	21.5279
25	5	21.539
25	6	21.5516
25	7	21.5826
25	8	21.6214
25	9	21.6206
25	10	21.6179
25	11	21.6488
25	12	21.6041
25	13	21.6398
25	14	21.6881
25	15	21.6735
25	16	21.6878
25	17	21.6859
25	18	21.6413
25	19	21.6594
25	20	21.6674
25	21	21.6507
25	22	21.6402
25	23	21.6322
25	24	21.64
25	25	21.6075
25	26	21.5577
25	27	21.5165
25	28	21.5038
25	29	21.5182
25	30	21.5197
25	31	21.5201
26	0	21.3047
26	1	21.3038
26	2	21.6874
26	3	21.695
26	4	21.7137
26	5	21.7217
26	6	21.7245
26	7	21.7245
26	8	21.8159
26	9	21.7927
26	10	21.8103
26	11	21.7683
26	12	21.8149
26	13	21.8498
26	14	21.8454
26	15	21.8234
26	16	21.829
26	17	21.8256
26	18	21.8113
26	19	21.8223
26	20	21.8015
26	21	21.7866
26	22	21.8127
26	23	21.8001
26	24	21.7587
26	25	21.7594
26	26	21.7172
26	27	21.6921
26	28	21.7152
26	29	21.7604
26	30	21.7493
26	31	21.7084
27	0	20.8189
27	1	21.2609
27	2	21.2416
27	3	21.2268
27	4	21.2275
27	5	21.2606
27	6	21.2057
27	7	21.2254
27	8	21.208
27	9	21.2444
27	10	21.2219
27	11	21.1998
27	12	21.1692
27	13	21.2104
27	14	21.1922
27	15	21.1978
27	16	21.2174
27	17	21.2019
27	18	21.1888
27	19	21.1761
27	20	21.1906
27	21	21.1774
27	22	21.1752
27	23	21.1886
27	24	21.1817
27	25	21.1888
27	26	21.1746
27	27	21.1582
27	28	21.1623
27	29	21.1608
27	30	21.1692
27	31	21.1628
28	0	20.4303
28	1	20.8361
28	2	20.8371
28	3	20.8394
28	4	20.8161
28	5	20.8074
28	6	20.7855
28	7	20.8003
28	8	20.8159
28	9	20.7944
28	10	20.8117
28	11	20.7972
28	12	20.7809
28	13	20.8015
28	14	20.7882
28	15	20.7759
28	16	20.7744
28	17	20.7933
28	18	20.7637
28	19	20.7855
28	20	20.7674
28	21	20.7695
28	22	20.7593
28	23	20.7535
28	24	20.754
28	25	20.7659
28	26	20.7626
28	27	20.7436
28	28	20.7347
28	29	20.729
28	30	20.7385
28	31	20.7464
29	0	20.612
29	1	21.0061
29	2	20.9883
29	3	20.9891
29	4	20.9544
29	5	20.9652
29	6	20.9743
29	7	20.968
29	8	20.9209
29	9	20.9604
29	10	20.9798
29	11	20.9511
29	12	20.9505
29	13	20.9419
29	14	20.9403
29	15	20.9425
29	16	20.9193
29	17	20.9153
29	18	20.9254
29	19	20.9176
29	20	20.9044
29	21	20.9279
29	22	20.9246
29	23	20.8869
29	24	20.9108
29	25	20.915
29	26	20.9087
29	27	20.9014
29	28	20.9064
29	29	20.8888
29	30	20.8974
29	31	20.895
30	0	20.2451
30	1	20.3089
30	2	20.3138
30	3	20.32
30	4	20.2363
30	5	20.6483
30	6	19.9845
30	7	20.0292
30	8	20.3932
30	9	20.4557
30	10	20.3777
30	11	20.4724
30	12	20.1259
30	13	20.5089
30	14	20.8168
30	15	20.698
30	16	20.2062
30	17	20.8606
30	18	20.8371
30	19	20.7918
30	20	20.8743
30	21	20.4619
30	22	21.1122
30	23	21.0811
30	24	20.7057
30	25	20.6211
30	26	20.6952
30	27	20.607
30	28	20.9444
30	29	20.5576
30	30	20.2522
30	31	20.3584
31	0	20.4533
31	1	20.7729
31	2	20.7911
31	3	20.7678
31	4	20.7597
31	5	20.7671
31	6	20.7537
31	7	20.7537
31	8	20.7671
31	9	20.7474
31	10	20.7444
31	11	20.7282
31	12	20.7257
31	13	20.7251
31	14	20.7318
31	15	20.7277
31	16	20.7271
31	17	20.7248
31	18	20.7193
31	19	20.7219
31	20	20.7155
31	21	20.7134
31	22	20.7116
31	23	20.6998
31	24	20.7068
31	25	20.6862
31	26	20.6755
31	27	20.6893
31	28	20.677
31	29	20.6662
31	30	20.6651
31	31	20.6639
32	0	20.1074
32	1	20.4459
32	2	20.4296
32	3	20.4197
32	4	20.4211
32	5	20.4047
32	6	20.4066
32	7	20.4138
32	8	20.4041
32	9	20.4039
32	10	20.4013
32	11	20.39
32	12	20.3819
32	13	20.379
32	14	20.364
32	15	20.3637
32	16	20.355
32	17	20.378
32	18	20.3481
32	19	20.3579
32	20	20.3433
32	21	20.3376
32	22	20.343
32	23	20.3274
32	24	20.3226
32	25	20.3144
32	26	20.3303
32	27	20.3117
32	28	20.3213
32	29	20.3119
32	30	20.3064
32	31	20.3045
33	0	20.3365
33	1	20.6631
33	2	20.6319
33	3	20.648
33	4	20.6207
33	5	20.6276
33	6	20.6226
33	7	20.6187
33	8	20.6215
33	9	20.6187
33	10	20.6
33	11	20.6096
33	12	20.6094
33	13	20.6059
33	14	20.5883
33	15	20.5895
33	16	20.5849
33	17	20.6006
33	18	20.577
33	19	20.5784
33	20	20.5715
33	21	20.5597
33	22	20.5681
33	23	20.557
33	24	20.5685
33	25	20.564
33	26	20.5653
33	27	20.5688
33	28	20.5376
33	29	20.5393
33	30	20.5104
33	31	20.5027
34	0	20.0204
34	1	20.3328
34	2	20.3275
34	3	20.3596
34	4	20.3256
34	5	20.3242
34	6	20.3091
34	7	20.3023
34	8	20.3044
34	9	20.3163
34	10	20.2875
34	11	20.2848
34	12	20.2866
34	13	20.2852
34	14	20.2601
34	15	20.2593
34	16	20.2588
34	17	20.2659
34	18	20.2361
34	19	20.236
34	20	20.24
34	21	20.2545
34	22	20.2388
34	23	20.2069
34	24	20.2479
34	25	20.2441
34	26	20.2331
34	27	20.1963
34	28	20.2072
34	29	20.2015
34	30	20.1852
34	31	20.2045
35	0	20.2827
35	1	20.6203
35	2	20.6022
35	3	20.5949
35	4	20.5879
35	5	20.5838
35	6	20.6037
35	7	20.5772
35	8	20.5854
35	9	20.588
35	10	20.5821
35	11	20.5696
35	12	20.5424
35	13	20.5643
35	14	20.5476
35	15	20.5392
35	16	20.542
35	17	20.566
35	18	20.5377
35	19	20.5322
35	20	20.5064
35	21	20.5248
35	22	20.5064
35	23	20.4899
35	24	20.5217
35	25	20.5268
35	26	20.5279
35	27	20.486
35	28	20.4695
35	29	20.4743
35	30	20.4528
35	31	20.4472
36	0	19.9786
36	1	20.3357
36	2	20.3028
36	3	20.2921
36	4	20.284
36	5	20.2961
36	6	20.2916
36	7	20.2834
36	8	20.2765
36	9	20.265
36	10	20.2721
36	11	20.2628
36	12	20.2423
36	13	20.25
36	14	20.2513
36	15	20.2357
36	16	20.235
36	17	20.2456
36	18	20.2314
36	19	20.2309
36	20	20.218
36	21	20.2237
36	22	20.2228
36	23	20.2066
36	24	20.2072
36	25	20.2266
36	26	20.1983
36	27	20.2068
36	28	20.181
36	29	20.2045
36	30	20.1908
36	31	20.1824
37	0	20.2684
37	1	20.6186
37	2	20.6136
37	3	20.6018
37	4	20.6007
37	5	20.2545
37	6	20.5978
37	7	20.5975
37	8	20.598
37	9	20.6036
37	10	20.5933
37	11	20.584
37	12	20.5653
37	13	20.5798
37	14	20.5683
37	15	20.5597
37	16	20.5748
37	17	20.5714
37	18	20.5587
37	19	20.5599
37	20	20.5566
37	21	20.5596
37	22	20.5537
37	23	20.5376
37	24	20.5328
37	25	20.5527
37	26	20.5367
37	27	20.52
37	28	20.51
37	29	20.5097
37	30	20.512
37	31	20.5062
38	0	19.9862
38	1	20.3802
38	2	20.3434
38	3	20.3304
38	4	20.2982
38	5	20.3062
38	6	20.3273
38	7	20.3289
38	8	20.3322
38	9	20.3393
38	10	20.3108
38	11	20.3274
38	12	20.2944
38	13	20.3247
38	14	20.3091
38	15	20.2982
38	16	20.2976
38	17	20.2906
38	18	20.2676
38	19	20.2711
38	20	20.2609
38	21	20.276
38	22	20.2615
38	23	20.253
38	24	20.2456
38	25	20.2606
38	26	20.2445
38	27	20.2405
38	28	20.2423
38	29	20.2583
38	30	20.2364
38	31	20.2312
39	0	20.3065
39	1	20.6019
39	2	20.6093
39	3	20.5947
39	4	20.6105
39	5	20.6289
39	6	20.6264
39	7	20.6134
39	8	20.6503
39	9	20.6389
39	10	20.6182
39	11	20.6282
39	12	20.6301
39	13	20.6182
39	14	20.2716
39	15	20.6069
39	16	20.6175
39	17	20.6034
39	18	20.5977
39	19	20.2623
39	20	20.5935
39	21	20.6056
39	22	20.5934
39	23	20.6035
39	24	20.5852
39	25	20.5637
39	26	20.5448
39	27	20.5712
39	28	20.5599
39	29	20.5686
39	30	20.5677
39	31	20.5634
40	0	20.0429
40	1	20.2068
40	2	20.3005
40	3	20.4038
40	4	20.3145
40	5	20.2167
40	6	20.2902
40	7	20.4781
40	8	20.4501
40	9	20.4519
40	10	20.4225
40	11	20.485
40	12	20.5302
40	13	20.5486
40	14	20.511
40	15	20.4704
40	16	20.4687
40	17	20.4281
40	18	20.3401
40	19	20.3652
40	20	20.3834
40	21	20.3859
40	22	20.4153
40	23	20.4322
40	24	20.43
40	25	20.4143
40	26	20.3566
40	27	20.3662
40	28	20.3801
40	29	20.423
40	30	20.407
40	31	20.4015
41	0	21.9658
41	1	22.2756
41	2	22.4199
41	3	22.4274
41	4	22.404
41	5	22.4099
41	6	22.4467
41	7	22.4422
41	8	22.4475
41	9	22.4639
41	10	22.4578
41	11	22.4506
41	12	22.47
41	13	22.4985
41	14	22.482
41	15	22.4704
41	16	0
41	17	0
41	18	0
41	19	0
41	20	0
41	21	0
41	22	0
41	23	0
41	24	0
41	25	0
41	26	0
41	27	0
41	28	0
41	29	0
41	30	0
41	31	0
42	0	21.724
42	1	21.7425
42	2	21.7341
42	3	21.7698
42	4	21.7933
42	5	21.7976
42	6	21.7966
42	7	21.8236
42	8	21.8245
42	9	21.8279
42	10	21.8507
42	11	21.8595
42	12	21.864
42	13	21.8872
42	14	21.8916
42	15	21.904
42	16	0
42	17	0
42	18	0
42	19	0
42	20	0
42	21	0
42	22	0
42	23	0
42	24	0
42	25	0
42	26	0
42	27	0
42	28	0
42	29	0
42	30	0
42	31	0
43	0	21.3727
43	1	21.8275
43	2	21.8269
43	3	21.8524
43	4	21.8663
43	5	21.8819
43	6	21.8964
43	7	21.8981
43	8	21.8979
43	9	21.9066
43	10	21.9354
43	11	21.9305
43	12	21.9545
43	13	21.962
43	14	21.9723
43	15	22.0297
43	16	0
43	17	0
43	18	0
43	19	0
43	20	0
43	21	0
43	22	0
43	23	0
43	24	0
43	25	0
43	26	0
43	27	0
43	28	0
43	29	0
43	30	0
43	31	0
44	0	20.9717
44	1	21.3853
44	2	21.4109
44	3	21.4182
44	4	21.4326
44	5	21.4468
44	6	21.4515
44	7	21.463
44	8	21.4643
44	9	21.5121
44	10	21.4972
44	11	21.4979
44	12	21.4953
44	13	21.5358
44	14	21.5494
44	15	21.5895
44	16	0
44	17	0
44	18	0
44	19	0
44	20	0
44	21	0
44	22	0
44	23	0
44	24	0
44	25	0
44	26	0
44	27	0
44	28	0
44	29	0
44	30	0
44	31	0
45	0	21.3145
45	1	21.6166
45	2	21.6205
45	3	21.6315
45	4	21.6469
45	5	21.6716
45	6	21.6645
45	7	21.6888
45	8	21.6996
45	9	21.7122
45	10	21.7311
45	11	21.7311
45	12	21.7336
45	13	21.7235
45	14	21.6969
45	15	21.7115
45	16	0
45	17	0
45	18	0
45	19	0
45	20	0
45	21	0
45	22	0
45	23	0
45	24	0
45	25	0
45	26	0
45	27	0
45	28	0
45	29	0
45	30	0
45	31	0
46	0	21.1845
46	1	21.2623
46	2	21.2444
46	3	21.2471
46	4	21.2555
46	5	21.2464
46	6	21.2594
46	7	21.2755
46	8	21.2806
46	9	21.2675
46	10	21.2852
46	11	21.2654
46	12	21.2867
46	13	21.2775
46	14	21.2822
46	15	21.305
46	16	0
46	17	0
46	18	0
46	19	0
46	20	0
46	21	0
46	22	0
46	23	0
46	24	0
46	25	0
46	26	0
46	27	0
46	28	0
46	29	0
46	30	0
46	31	0
47	0	20.7708
47	1	21.1098
47	2	21.1228
47	3	21.1232
47	4	21.1319
47	5	21.1267
47	6	21.1597
47	7	21.1355
47	8	21.1515
47	9	21.1323
47	10	21.1593
47	11	21.1476
47	12	21.1218
47	13	21.1618
47	14	21.1721
47	15	21.1921
47	16	0
47	17	0
47	18	0
47	19	0
47	20	0
47	21	0
47	22	0
47	23	0
47	24	0
47	25	0
47	26	0
47	27	0
47	28	0
47	29	0
47	30	0
47	31	0
48	0	20.4101
48	1	20.4783
48	2	20.4796
48	3	20.4788
48	4	20.4819
48	5	20.4882
48	6	20.4923
48	7	20.4992
48	8	20.4986
48	9	20.4953
48	10	20.4934
48	11	20.4912
48	12	20.5036
48	13	20.5068
48	14	20.51
48	15	20.4559
48	16	0
48	17	0
48	18	0
48	19	0
48	20	0
48	21	0
48	22	0
48	23	0
48	24	0
48	25	0
48	26	0
48	27	0
48	28	0
48	29	0
48	30	0
48	31	0
49	0	21.647
49	1	22.2459
49	2	22.247
49	3	22.2334
49	4	22.2409
49	5	22.2362
49	6	22.2377
49	7	22.2249
49	8	22.2211
49	9	22.2404
49	10	22.2702
49	11	22.2328
49	12	22.2545
49	13	22.2239
49	14	22.2534
49	15	22.2475
49	16	0
49	17	0
49	18	0
49	19	0
49	20	0
49	21	0
49	22	0
49	23	0
49	24	0
49	25	0
49	26	0
49	27	0
49	28	0
49	29	0
49	30	0
49	31	0
50	0	21.1413
50	1	21.6173
50	2	21.6256
50	3	21.6254
50	4	21.6457
50	5	21.6767
50	6	21.677
50	7	21.6885
50	8	21.6812
50	9	21.6686
50	10	21.1367
50	11	21.6743
50	12	21.6672
50	13	21.6517
50	14	21.647
50	15	21.6601
50	16	0
50	17	0
50	18	0
50	19	0
50	20	0
50	21	0
50	22	0
50	23	0
50	24	0
50	25	0
50	26	0
50	27	0
50	28	0
50	29	0
50	30	0
50	31	0
51	0	20.8112
51	1	21.0297
51	2	21.0235
51	3	20.9784
51	4	21.0319
51	5	21.0138
51	6	21.0041
51	7	21.009
51	8	21.0062
51	9	20.9955
51	10	21.0036
51	11	21.0053
51	12	20.9814
51	13	20.9951
51	14	20.9956
51	15	21.0163
51	16	0
51	17	0
51	18	0
51	19	0
51	20	0
51	21	0
51	22	0
51	23	0
51	24	0
51	25	0
51	26	0
51	27	0
51	28	0
51	29	0
51	30	0
51	31	0
52	0	20.4512
52	1	20.4548
52	2	20.4469
52	3	20.4927
52	4	20.4424
52	5	20.444
52	6	20.4526
52	7	20.451
52	8	20.4538
52	9	20.4483
52	10	20.4247
52	11	20.4081
52	12	20.3918
52	13	20.4071
52	14	20.4113
52	15	20.4518
52	16	0
52	17	0
52	18	0
52	19	0
52	20	0
52	21	0
52	22	0
52	23	0
52	24	0
52	25	0
52	26	0
52	27	0
52	28	0
52	29	0
52	30	0
52	31	0
53	0	22.0418
53	1	22.26
53	2	22.2599
53	3	22.2595
53	4	22.2341
53	5	22.2419
53	6	22.2276
53	7	22.2073
53	8	22.1938
53	9	22.2028
53	10	22.1991
53	11	22.1779
53	12	22.1853
53	13	22.1593
53	14	22.1522
53	15	22.1659
53	16	0
53	17	0
53	18	0
53	19	0
53	20	0
53	21	0
53	22	0
53	23	0
53	24	0
53	25	0
53	26	0
53	27	0
53	28	0
53	29	0
53	30	0
53	31	0
54	0	21.4307
54	1	21.7722
54	2	21.822
54	3	21.7847
54	4	21.7786
54	5	21.7751
54	6	21.7669
54	7	21.745
54	8	21.7472
54	9	21.7411
54	10	21.7234
54	11	21.714
54	12	21.7096
54	13	21.6933
54	14	21.6763
54	15	21.687
54	16	0
54	17	0
54	18	0
54	19	0
54	20	0
54	21	0
54	22	0
54	23	0
54	24	0
54	25	0
54	26	0
54	27	0
54	28	0
54	29	0
54	30	0
54	31	0
55	0	21.4582
55	1	21.6824
55	2	21.7039
55	3	21.6751
55	4	21.4301
55	5	21.6652
55	6	21.6289
55	7	21.6348
55	8	21.634
55	9	21.6212
55	10	21.6106
55	11	21.5885
55	12	21.5859
55	13	21.3778
55	14	21.5607
55	15	21.5584
55	16	0
55	17	0
55	18	0
55	19	0
55	20	0
55	21	0
55	22	0
55	23	0
55	24	0
55	25	0
55	26	0
55	27	0
55	28	0
55	29	0
55	30	0
55	31	0
56	0	21.0646
56	1	21.4352
56	2	21.4263
56	3	21.4252
56	4	21.4068
56	5	21.386
56	6	21.38
56	7	21.3611
56	8	21.3753
56	9	21.3624
56	10	21.3466
56	11	21.3376
56	12	21.3365
56	13	21.3236
56	14	21.3126
56	15	21.3496
56	16	0
56	17	0
56	18	0
56	19	0
56	20	0
56	21	0
56	22	0
56	23	0
56	24	0
56	25	0
56	26	0
56	27	0
56	28	0
56	29	0
56	30	0
56	31	0
57	0	21.4002
57	1	21.4429
57	2	21.3719
57	3	21.3721
57	4	21.3896
57	5	21.4003
57	6	21.4088
57	7	21.3755
57	8	21.3733
57	9	21.3705
57	10	21.3865
57	11	21.3929
57	12	21.3835
57	13	21.3757
57	14	21.3724
57	15	21.4141
57	16	0
57	17	0
57	18	0
57	19	0
57	20	0
57	21	0
57	22	0
57	23	0
57	24	0
57	25	0
57	26	0
57	27	0
57	28	0
57	29	0
57	30	0
57	31	0
58	0	21.2686
58	1	21.2145
58	2	21.195
58	3	21.1977
58	4	21.199
58	5	21.1939
58	6	21.2019
58	7	21.2136
58	8	21.212
58	9	21.1826
58	10	21.184
58	11	21.1694
58	12	21.1677
58	13	21.1601
58	14	21.1641
58	15	21.2129
58	16	0
58	17	0
58	18	0
58	19	0
58	20	0
58	21	0
58	22	0
58	23	0
58	24	0
58	25	0
58	26	0
58	27	0
58	28	0
58	29	0
58	30	0
58	31	0
58	31	0
