0 0 5673 0.0275886
0 1 4684 0.0886691
0 2 4826 0.118033
0 3 4719 0.0973287
0 4 5842 0.103182
0 5 5833 0.0215868
0 6 5881 0.0366621
0 7 5946 0.0455027
0 8 6117 0.15915
0 9 5841 0.134499
0 10 3263 0.150605
0 11 6212 0.0802758
0 12 7213 0.148854
0 13 6182 0.0334265
0 14 7448 0.0777343
0 15 6308 -0.0358022
0 16 6825 0.0384292
0 17 6288 0.0164809
0 18 7338 0.0706477
0 19 7383 -0.00645716
0 20 6470 0.0246596
0 21 6757 -0.0285102
0 22 6150 -0.0395591
0 23 7184 0.0738121
0 24 7372 0.0604774
0 25 6324 0.0402546
0 26 6749 0.0761121
0 27 6856 0.0803881
0 28 7035 0.0653337
0 29 7990 0.0642769
0 30 7853 0.0126821
0 31 0 0.066
1 0 8757 0.10709
1 1 6920 0.1529
1 2 6862 0.135727
1 3 7818 0.140442
1 4 7077 0.105457
1 5 6244 0.0191755
1 6 6678 0.0870079
1 7 9287 0.171176
1 8 8319 0.197257
1 9 7572 0.077696
1 10 7972 0.184857
1 11 9282 0.175692
1 12 9740 0.154183
1 13 8602 0.122788
1 14 8890 0.0455094
1 15 9000 0.151403
1 16 8901 0.0724008
1 17 10669 0.146504
1 18 7655 0.089493
1 19 9449 0.123809
1 20 9135 0.0936112
1 21 9319 0.0765398
1 22 10825 0.103471
1 23 8535 0.139237
1 24 10054 0.131657
1 25 8818 0.0653236
1 26 10133 0.150723
1 27 8698 0.0966509
1 28 10532 0.1165
1 29 8563 0.0675742
1 30 12040 0.0572731
1 31 0 0.129
2 0 15490 0.0702788
2 1 13343 0.0602541
2 2 14873 0.0811368
2 3 15141 0.0602459
2 4 14427 0.0349216
2 5 13716 -0.0041756
2 6 11072 -0.0450127
2 7 14106 -0.0480213
2 8 14351 -0.00881182
2 9 13321 -0.0221058
2 10 13102 0.014267
2 11 13438 0.0030744
2 12 13761 -0.0330442
2 13 14717 -0.0443369
2 14 11068 -0.10317
2 15 13924 -0.00302644
2 16 11492 -0.063154
2 17 12037 -0.0524109
2 18 11644 -0.0659147
2 19 11993 -0.0798699
2 20 12689 -0.0781477
2 21 11498 -0.074821
2 22 12203 -0.105492
2 23 10973 -0.088586
2 24 624 -0.019
2 25 10280 -0.0719646
2 26 11181 -0.107851
2 27 10603 -0.102286
2 28 10923 -0.0520628
2 29 9667 -0.0860753
2 30 10738 -0.104245
2 31 0 -0.019
3 0 10050 -0.0345315
3 1 9174 -0.0159128
3 2 7220 -0.0252297
3 3 9282 -0.0142355
3 4 9267 -0.0272127
3 5 9378 -0.0416464
3 6 6761 -0.0500434
3 7 8577 -0.0694852
3 8 8720 -0.0211667
3 9 8676 -0.00814618
3 10 7305 -0.0142659
3 11 8084 -0.0150685
3 12 9035 -0.0315171
3 13 7678 -0.076231
3 14 8712 -0.0271703
3 15 8581 0.0151576
3 16 6116 -0.0646049
3 17 8490 -0.0208324
3 18 6708 -0.0388297
3 19 8680 0.00565142
3 20 8251 -0.003284
3 21 6551 -0.0466668
3 22 8507 -0.0589776
3 23 7316 -0.0765317
3 24 7389 -0.0211279
3 25 5840 -0.00539633
3 26 5619 -0.0566562
3 27 7205 -0.0215183
3 28 4730 -0.0284845
3 29 6592 -0.0247286
3 30 5323 0.0122425
3 31 0 -0.011
4 0 9790 0.118014
4 1 10988 0.221122
4 2 9394 0.265592
4 3 8726 0.206223
4 4 9939 0.208424
4 5 10821 0.105492
4 6 12430 0.113407
4 7 10741 0.116788
4 8 12874 0.219021
4 9 10941 0.155199
4 10 12460 0.232928
4 11 10990 0.194418
4 12 13018 0.199196
4 13 12463 0.175282
4 14 12811 0.186874
4 15 10301 0.1559
4 16 11094 0.0831578
4 17 11996 0.129657
4 18 12539 0.144393
4 19 10769 0.162282
4 20 13018 0.13452
4 21 13926 0.0878689
4 22 12454 0.0829519
4 23 12174 0.0843859
4 24 12944 0.126563
4 25 11740 0.133272
4 26 11508 0.0982893
4 27 12974 0.114825
4 28 13759 0.10357
4 29 14239 0.0670519
4 30 15300 0.0879381
4 31 0 0.152
5 0 18519 0.00438225
5 1 18256 -0.0145517
5 2 16109 0.00140811
5 3 16606 0.0130435
5 4 14366 -0.009121
5 5 18531 0.000154219
5 6 16139 -0.013501
5 7 15352 -0.00270607
5 8 15095 -0.0393327
5 9 14860 -0.0309789
5 10 17128 -0.00446543
5 11 12990 -0.0621846
5 12 14921 -0.0618369
5 13 15378 -0.053879
5 14 14656 -0.0729067
5 15 14033 -0.0293976
5 16 13266 -0.0559796
5 17 15379 -0.0147366
5 18 14899 -0.00536283
5 19 12619 -0.00904787
5 20 15234 -0.0417815
5 21 11673 -0.104004
5 22 15036 -0.0689486
5 23 14583 -0.0272891
5 24 15520 -0.0231906
5 25 561 -0.023
5 26 14155 -0.0233109
5 27 10333 -0.0331109
5 28 12190 -0.100772
5 29 13225 -0.0963304
5 30 12643 -0.0617265
5 31 0 -0.023
6 0 7722 0.166955
6 1 7804 0.24467
6 2 7496 0.24995
6 3 7864 0.237512
6 4 8152 0.20672
6 5 7869 0.206966
6 6 7414 0.159083
6 7 7317 0.123506
6 8 8433 0.150489
6 9 9239 0.170459
6 10 9299 0.170335
6 11 9446 0.173643
6 12 10531 0.16642
6 13 10316 0.120445
6 14 10011 0.0946529
6 15 10188 0.12211
6 16 9854 0.0939756
6 17 10667 0.099089
6 18 9351 0.120097
6 19 11000 0.131103
6 20 10994 0.127012
6 21 10448 0.111894
6 22 9758 0.0908342
6 23 8638 0.0928759
6 24 6184 0.0822628
6 25 8124 0.0543894
6 26 6042 0.095592
6 27 6038 0.0763927
6 28 6091 0.0777225
6 29 5697 0.0410709
6 30 8077 0.186734
6 31 0 0.142
7 0 14227 0.0704689
7 1 12679 0.127972
7 2 12701 0.135693
7 3 12830 0.114078
7 4 12005 0.0529837
7 5 11507 0.0399269
7 6 12007 0.0303977
7 7 12064 0.0108192
7 8 12760 0.0621633
7 9 14809 0.102584
7 10 12303 0.0559373
7 11 13760 0.0896483
7 12 14751 0.05205
7 13 10900 0.00831007
7 14 13213 0.0718338
7 15 0 0.087
7 16 1109 0.082735
7 17 1051 0.0951389
7 18 1178 0.118981
7 19 1186 0.132131
7 20 1270 0.138574
7 21 1003 0.0505902
7 22 1120 0.0585251
7 23 1255 0.0483182
7 24 1332 0.133639
7 25 1483 0.115566
7 26 1259 0.0989625
7 27 1102 0.0985051
7 28 1280 0.133452
7 29 1095 0.14476
7 30 1251 0.134842
7 31 0 0.087
8 0 18422 0.0595827
8 1 16655 0.0139929
8 2 15466 0.0114602
8 3 16293 0.0006684
8 4 15539 -0.0191728
8 5 17199 -0.0682047
8 6 15541 -0.0778883
8 7 16281 -0.0569027
8 8 16923 -0.0477624
8 9 15441 -0.0529774
8 10 15599 -0.0264447
8 11 13956 -0.0811039
8 12 16156 -0.0966511
8 13 16150 -0.0582361
8 14 13451 -0.0928397
8 15 14404 -0.0536309
8 16 14273 -0.0990261
8 17 14443 -0.0683141
8 18 12363 -0.0777732
8 19 14296 -0.0347302
8 20 11516 -0.0830884
8 21 12282 -0.0671519
8 22 12292 -0.0973018
8 23 10482 -0.0984986
8 24 13776 -0.0489067
8 25 12763 -0.0323195
8 26 11125 -0.0689074
8 27 11410 -0.0463651
8 28 10235 -0.0959983
8 29 10613 -0.0586263
8 30 11303 -0.0592217
8 31 0 -0.038
9 0 2154 0.0897814
9 1 1564 0.111634
9 2 1293 0.105916
9 3 766 0.008
9 4 817 0.008
9 5 573 0.008
9 6 569 0.008
9 7 453 0.008
9 8 565 0.008
9 9 472 0.008
9 10 400 0.008
9 11 345 0.008
9 12 322 0.008
9 13 325 0.008
9 14 351 0.008
9 15 0 0.008
9 16 336 0.008
9 17 336 0.008
9 18 310 0.008
9 19 265 0.008
9 20 226 0.008
9 21 292 0.008
9 22 300 0.008
9 23 359 0.008
9 24 377 0.008
9 25 360 0.008
9 26 450 0.008
9 27 416 0.008
9 28 619 0.008
9 29 759 0.008
9 30 605 0.008
9 31 0 0.008
10 0 9808 0.159245
10 1 10257 0.184618
10 2 10119 0.254567
10 3 9000 0.196382
10 4 10328 0.163237
10 5 8990 0.0952519
10 6 10716 0.0938922
10 7 11669 0.0853617
10 8 12612 0.133292
10 9 11330 0.118757
10 10 12813 0.161894
10 11 11687 0.126433
10 12 13771 0.11707
10 13 12952 0.0671732
10 14 12933 0.0769366
10 15 13099 0.107878
10 16 13628 0.0730966
10 17 12717 0.103179
10 18 12970 0.11387
10 19 14509 0.0958377
10 20 14444 0.0564887
10 21 14420 0.00785453
10 22 14302 -0.0170684
10 23 15541 0.00955768
10 24 16644 0.0303059
10 25 15398 0.0497943
10 26 14502 0.0244559
10 27 16009 0.0478388
10 28 16948 0.0332112
10 29 17205 0.0153718
10 30 19413 0.00387998
10 31 0 0.093
11 0 5204 -0.0339152
11 1 5777 -0.0200267
11 2 7119 -0.0267124
11 3 7452 -0.0112105
11 4 8601 -0.0439143
11 5 1709 -0.0451073
11 6 8805 -0.0786283
11 7 9808 -0.0430167
11 8 11156 -0.0201703
11 9 13263 -0.00496905
11 10 12510 -0.0479865
11 11 15110 -0.0233301
11 12 14085 -0.0529363
11 13 14070 -0.0389955
11 14 15072 -0.0502779
11 15 13176 -0.0369048
11 16 14060 -0.0386997
11 17 13796 -0.0506905
11 18 12711 -0.0437075
11 19 13736 -0.0627771
11 20 14759 -0.0724877
11 21 14326 -0.0574258
11 22 13606 -0.0656388
11 23 10128 -0.0531896
11 24 12469 -0.0677211
11 25 11228 -0.0484282
11 26 14367 -0.0290406
11 27 10223 -0.0208441
11 28 12785 -0.0578503
11 29 11654 -0.0625349
11 30 13212 -0.0159559
11 31 0 -0.031
12 0 11175 0.0568263
12 1 10885 0.0435351
12 2 11261 0.0538981
12 3 11564 0.0244074
12 4 10269 -0.00366247
12 5 11025 -0.0400243
12 6 11887 0.0090049
12 7 10857 -0.0155272
12 8 11034 -0.0228547
12 9 11794 0.00780303
12 10 12223 0.0376771
12 11 9759 -0.0274859
12 12 10966 -0.0434542
12 13 12005 -0.00346057
12 14 11200 -0.0440963
12 15 10072 -0.0486612
12 16 11739 0.0211451
12 17 10925 -0.0335485
12 18 9008 -0.0411195
12 19 10030 -0.0402795
12 20 10947 -0.0262419
12 21 10569 -0.0529574
12 22 9751 -0.0900635
12 23 9348 -0.0611648
12 24 10679 -0.0358311
12 25 9428 -0.0177256
12 26 7706 -0.00010322
12 27 9212 -0.0408675
12 28 8747 -0.0732437
12 29 9691 -0.0561305
12 30 9346 -0.0456719
12 31 0 0.001
13 0 11219 0.318385
13 1 9889 0.321835
13 2 8872 0.310646
13 3 9740 0.321376
13 4 9459 0.269891
13 5 9115 0.258247
13 6 10582 0.242498
13 7 11023 0.260851
13 8 10571 0.294795
13 9 10234 0.266702
13 10 9963 0.299387
13 11 9220 0.256641
13 12 10497 0.261963
13 13 9921 0.208836
13 14 12143 0.216335
13 15 10383 0.120615
13 16 11879 0.120752
13 17 13771 0.132808
13 18 12841 0.109074
13 19 14045 0.134339
13 20 13707 0.0805919
13 21 12823 0.0249668
13 22 13436 0.0296865
13 23 14926 0.05916
13 24 139 0.162
13 25 14025 0.0549379
13 26 11027 0.0542846
13 27 12368 0.0809882
13 28 10973 0.0716889
13 29 10967 0.0562751
13 30 10515 0.013994
13 31 0 0.162
14 0 4068 -0.0571343
14 1 4232 0.0630882
14 2 4238 0.103946
14 3 3763 -0.133699
14 4 3791 0.0473236
14 5 3456 -0.053217
14 6 3276 -0.0124481
14 7 3608 -0.1293
14 8 3642 -0.178217
14 9 3399 -0.134046
14 10 3569 -0.13458
14 11 2590 -0.150628
14 12 2519 -0.104286
14 13 2286 -0.0964575
14 14 2240 -0.051437
14 15 1712 -0.101064
14 16 1568 -0.120502
14 17 1832 -0.119048
14 18 2021 -0.0670793
14 19 2320 -0.0848917
14 20 2680 -0.0854001
14 21 2950 -0.149833
14 22 3927 -0.117187
14 23 4177 -0.101364
14 24 4193 -0.092869
14 25 3934 -0.119229
14 26 4457 -0.0840354
14 27 4186 -0.0773849
14 28 4670 -0.100889
14 29 4560 -0.150341
14 30 4027 -0.118426
14 31 0 -0.06
15 0 4267 0.013502
15 1 5877 0.0376735
15 2 5800 0.0950558
15 3 5743 0.0383485
15 4 5557 0.0249899
15 5 4865 -0.421775
15 6 5471 0.192122
15 7 5644 -0.152114
15 8 5906 -0.0582981
15 9 4701 -0.15879
15 10 5785 -0.0407116
15 11 4473 -0.0446838
15 12 4197 -0.117335
15 13 3371 -0.106968
15 14 3260 -0.0503894
15 15 3035 -0.0448893
15 16 2320 -0.09666
15 17 2486 -0.0620449
15 18 2735 -0.0304309
15 19 3237 -0.0351216
15 20 3744 -0.0558748
15 21 3328 -0.0915399
15 22 4293 -0.0712038
15 23 3928 -0.0939386
15 24 5114 -0.0515388
15 25 4175 -0.0955987
15 26 5478 -0.0707292
15 27 4508 -0.0936857
15 28 5447 -0.094304
15 29 5544 -0.12846
15 30 1096 -0.108144
15 31 0 -0.029
16 0 7755 -0.0438129
16 1 7830 0.00706919
16 2 7903 -0.191063
16 3 7438 0.0239847
16 4 7677 -0.0213756
16 5 6875 0.109615
16 6 7739 -0.0610553
16 7 7225 -0.155875
16 8 8365 -0.192867
16 9 8277 -0.161527
16 10 6848 -0.181134
16 11 6172 -0.178196
16 12 5952 -0.143384
16 13 4824 -0.143255
16 14 4830 -0.134483
16 15 4186 -0.11259
16 16 3167 -0.109955
16 17 3599 -0.0732124
16 18 4244 -0.0911315
16 19 4877 -0.100923
16 20 5568 -0.0728737
16 21 5918 -0.0678471
16 22 6713 -0.154981
16 23 6340 -0.15425
16 24 8168 -0.110443
16 25 7231 -0.102126
16 26 7529 -0.096944
16 27 7362 -0.13966
16 28 7956 -0.139691
16 29 6747 -0.201341
16 30 9066 -0.150689
16 31 0 -0.079
17 0 7418 -0.00917095
17 1 7560 0.0481778
17 2 7802 0.0654333
17 3 8201 0.0440511
17 4 7398 0.0219257
17 5 7076 -0.0167874
17 6 7229 0.0265768
17 7 6321 -0.0883579
17 8 7644 -0.0915009
17 9 5285 -0.101706
17 10 5604 -0.0713375
17 11 4959 -0.106274
17 12 4492 0.0511157
17 13 3919 -0.0677205
17 14 3711 0.0420972
17 15 2675 -0.0817637
17 16 2060 -0.108003
17 17 2320 0.0875778
17 18 2393 0.0856004
17 19 2926 -0.0688746
17 20 3793 -0.0699249
17 21 3893 -0.0286268
17 22 4249 -0.195296
17 23 4858 -0.114051
17 24 6736 -0.130629
17 25 4878 0.0380588
17 26 5974 -0.235164
17 27 5876 -0.0213359
17 28 6070 -0.0763327
17 29 6641 -0.137875
17 30 7606 -0.205628
17 31 0 -0.023
18 0 2226 0.0242407
18 1 1648 0.052335
18 2 1554 0.0490631
18 3 1601 0.0670954
18 4 895 -0.016
18 5 1149 -0.186803
18 6 856 -0.016
18 7 802 -0.016
18 8 773 -0.016
18 9 767 -0.016
18 10 491 -0.016
18 11 527 -0.016
18 12 493 -0.016
18 13 331 -0.016
18 14 461 -0.016
18 15 445 -0.016
18 16 289 -0.016
18 17 307 -0.016
18 18 316 -0.016
18 19 369 -0.016
18 20 395 -0.016
18 21 332 -0.016
18 22 454 -0.016
18 23 389 -0.016
18 24 508 -0.016
18 25 642 -0.016
18 26 754 -0.016
18 27 552 -0.016
18 28 607 -0.016
18 29 1023 -0.17755
18 30 1897 -0.0693638
18 31 0 -0.016
19 0 2313 0.0464879
19 1 2010 0.127774
19 2 1816 0.0701727
19 3 1822 0.354349
19 4 2070 -0.0969876
19 5 1852 -0.000358946
19 6 1700 -0.115656
19 7 1793 -0.0693415
19 8 1673 -0.0536826
19 9 1574 -0.0238991
19 10 332 0.032
19 11 1325 0.0262523
19 12 1040 0.0156521
19 13 974 0.032
19 14 919 0.032
19 15 939 0.032
19 16 886 0.032
19 17 901 0.032
19 18 945 0.032
19 19 912 0.032
19 20 944 0.032
19 21 993 0.032
19 22 975 0.032
19 23 1084 0.0870773
19 24 1389 0.0266216
19 25 1369 0.0131438
19 26 1304 -0.102199
19 27 1570 -0.0287479
19 28 1476 -0.0591853
19 29 1222 -0.113162
19 30 1851 -0.00772802
19 31 0 0.032
20 0 6414 -0.00252378
20 1 5112 -0.0594325
20 2 4907 -0.0716591
20 3 5656 -0.0879788
20 4 5019 -0.0595981
20 5 6466 -0.0478824
20 6 5958 -0.074852
20 7 5856 -0.0760151
20 8 8364 -0.0907248
20 9 6547 -0.0721603
20 10 8560 -0.0699413
20 11 11452 -0.0355336
20 12 9447 -0.0513347
20 13 11860 -0.0253281
20 14 9319 -0.0408391
20 15 11646 -0.0393522
20 16 9275 -0.0483584
20 17 11597 -0.0186779
20 18 10965 -0.0139681
20 19 9225 -0.029835
20 20 10327 -0.0237222
20 21 12300 -0.0341178
20 22 8465 -0.0224138
20 23 10029 -0.032506
20 24 11692 -0.0313871
20 25 8936 -0.0398654
20 26 11317 -0.00068386
20 27 9801 0.00679082
20 28 9057 -0.042463
20 29 8889 -0.034073
20 30 10759 0.00994785
20 31 0 -0.023
21 0 18151 -0.141757
21 1 16623 0.00493702
21 2 17552 -0.0691116
21 3 14086 -0.104253
21 4 15552 -0.100824
21 5 10335 -0.106271
21 6 9756 -0.071725
21 7 8287 -0.0566957
21 8 7363 -0.0864006
21 9 8899 -0.046487
21 10 11230 -0.0317179
21 11 12086 -0.0798552
21 12 15518 -0.0406699
21 13 15331 -0.044039
21 14 17951 -0.0432909
21 15 0 -0.039
21 16 0 -0.039
21 17 0 -0.039
21 18 0 -0.039
21 19 0 -0.039
21 20 0 -0.039
21 21 0 -0.039
21 22 0 -0.039
21 23 0 -0.039
21 24 0 -0.039
21 25 0 -0.039
21 26 0 -0.039
21 27 0 -0.039
21 28 0 -0.039
21 29 0 -0.039
21 30 0 -0.039
21 31 0 -0.039
22 0 37763 0.0326785
22 1 34629 0.028087
22 2 35430 0.0193785
22 3 33215 0.0252824
22 4 36809 0.0278553
22 5 32796 -0.0208056
22 6 35817 -0.00502111
22 7 33776 -0.0282113
22 8 34205 -0.0121314
22 9 33779 0.0163398
22 10 33449 0.0125195
22 11 33440 0.00492826
22 12 32914 0.019478
22 13 29345 -0.0442174
22 14 39610 -0.054329
22 15 0 0.02
22 16 0 0.02
22 17 0 0.02
22 18 0 0.02
22 19 0 0.02
22 20 0 0.02
22 21 0 0.02
22 22 0 0.02
22 23 0 0.02
22 24 0 0.02
22 25 0 0.02
22 26 0 0.02
22 27 0 0.02
22 28 0 0.02
22 29 0 0.02
22 30 0 0.02
22 31 0 0.02
23 0 31622 0.0884719
23 1 25468 0.0402008
23 2 27231 -0.00236977
23 3 28430 0.0342236
23 4 30484 0.0327798
23 5 30026 -0.0163959
23 6 27259 -0.112401
23 7 30154 -0.0105929
23 8 31719 0.0484694
23 9 28124 -0.0766932
23 10 27063 -0.0704688
23 11 32380 0.0530004
23 12 29829 -0.0162261
23 13 28440 -0.0487275
23 14 40119 -0.169322
23 15 0 0.001
23 16 0 0.001
23 17 0 0.001
23 18 0 0.001
23 19 0 0.001
23 20 0 0.001
23 21 0 0.001
23 22 0 0.001
23 23 0 0.001
23 24 0 0.001
23 25 0 0.001
23 26 0 0.001
23 27 0 0.001
23 28 0 0.001
23 29 0 0.001
23 30 0 0.001
23 31 0 0.001
24 0 6400 0.22749
24 1 6205 0.288194
24 2 5728 0.296469
24 3 5754 0.272207
24 4 5647 0.28499
24 5 7159 0.226593
24 6 6280 0.192422
24 7 6872 0.201701
24 8 7964 0.246684
24 9 6734 0.190833
24 10 7183 0.254301
24 11 7054 0.221899
24 12 7451 0.20943
24 13 7813 0.182444
24 14 7733 0.14448
24 15 7549 0.126174
24 16 8652 0.202047
24 17 7577 0.166265
24 18 8251 0.163054
24 19 9005 0.154758
24 20 7395 0.0848169
24 21 9708 0.0893959
24 22 8340 0.0171215
24 23 7791 0.0703889
24 24 9136 0.125496
24 25 5698 0.103812
24 26 8585 0.112908
24 27 8730 0.0832954
24 28 8126 0.0717846
24 29 9677 0.0708299
24 30 13947 0.0277521
24 31 0 0.158
25 0 11653 -0.106944
25 1 10418 -0.136086
25 2 10105 -0.124624
25 3 8961 -0.0891462
25 4 10660 -0.0651694
25 5 9452 -0.0669422
25 6 11053 -0.0843484
25 7 8724 -0.0665903
25 8 8875 -0.0543902
25 9 9557 0.154983
25 10 8812 -0.0309575
25 11 9169 -0.0483223
25 12 9338 -0.0487885
25 13 8994 0.00180608
25 14 10033 0.00709317
25 15 8101 -0.0148703
25 16 8263 -0.0248859
25 17 7806 -0.0123877
25 18 8131 -0.0309284
25 19 6926 -0.0338101
25 20 8414 -0.0349403
25 21 6872 -0.0441028
25 22 5885 -0.0086649
25 23 7122 3.97764e-05
25 24 6985 -0.0104155
25 25 7234 0.00277404
25 26 7419 -0.0259852
25 27 7425 -0.00571061
25 28 5496 -0.0255116
25 29 6080 -0.0185028
25 30 7497 0.0604141
25 31 0 -0.022
26 0 2932 0.383944
26 1 2654 0.379268
26 2 3012 0.404388
26 3 3525 0.306825
26 4 0 0.269
26 5 3772 0.306849
26 6 3967 0.329291
26 7 3728 0.371912
26 8 3444 0.297152
26 9 3944 0.337849
26 10 3484 0.386611
26 11 3807 0.359622
26 12 3812 0.321934
26 13 3880 0.293486
26 14 4549 0.265883
26 15 3655 0.227427
26 16 4294 0.276269
26 17 4225 0.270584
26 18 4099 0.276906
26 19 3765 0.179424
26 20 4575 0.213436
26 21 4748 0.206054
26 22 4420 0.1966
26 23 4420 0.240359
26 24 3863 0.201982
26 25 4234 0.257241
26 26 3758 0.253616
26 27 4228 0.228874
26 28 4606 0.235542
26 29 4392 0.132004
26 30 6076 0.137998
26 31 0 0.269
27 0 4280 0.16589
27 1 5891 0.183137
27 2 5091 0.164537
27 3 5259 0.186657
27 4 5684 0.182961
27 5 5558 0.256594
27 6 5886 0.21876
27 7 5104 0.198314
27 8 5238 0.238297
27 9 4662 0.26415
27 10 5729 0.18045
27 11 3627 0.247613
27 12 5401 0.266007
27 13 5624 0.246169
27 14 4445 0.265906
27 15 5394 0.253134
27 16 4546 0.218745
27 17 4896 0.272995
27 18 5597 0.243522
27 19 4757 0.253437
27 20 5087 0.227448
27 21 4662 0.265753
27 22 4350 0.269008
27 23 4010 0.245653
27 24 4692 0.24673
27 25 4487 0.247517
27 26 4464 0.287428
27 27 2605 0.356275
27 28 0 0.242
27 29 3761 0.251557
27 30 4872 0.270042
27 31 0 0.242
28 0 1551 0.292703
28 1 1022 0.302664
28 2 1609 0.386896
28 3 1508 0.297115
28 4 861 0.251
28 5 1296 0.241516
28 6 1967 0.227105
28 7 1935 0.3169
28 8 1895 0.30294
28 9 1971 0.373887
28 10 2278 0.373903
28 11 2135 0.292265
28 12 2301 0.242405
28 13 0 0.251
28 14 3052 0.295777
28 15 2028 0.141734
28 16 2198 0.224258
28 17 2606 0.218156
28 18 0 0.251
28 19 2441 0.232648
28 20 2290 0.238032
28 21 2519 0.231546
28 22 2674 0.255378
28 23 2447 0.19692
28 24 2377 0.232654
28 25 2638 0.210051
28 26 2265 0.154772
28 27 2399 0.174292
28 28 2368 0.178967
28 29 2737 0.218513
28 30 2907 0.124212
28 31 0 0.251
29 0 2369 0.0579236
29 1 2586 0.111343
29 2 2745 0.0393197
29 3 3187 0.0537743
29 4 2942 0.0636928
29 5 2630 0.0335766
29 6 3163 0.011702
29 7 2727 0.0846579
29 8 2892 0.0642174
29 9 2659 0.0708378
29 10 2403 0.08045
29 11 2875 0.159518
29 12 2961 0.123694
29 13 2685 0.0707784
29 14 3109 0.0800452
29 15 2539 0.0438336
29 16 2698 0.0277277
29 17 2984 0.0659009
29 18 2312 0.0262923
29 19 2931 0.115747
29 20 2620 0.058308
29 21 2448 0.126706
29 22 3098 0.078711
29 23 2197 0.0751353
29 24 2754 0.0268218
29 25 2487 0.0298938
29 26 1782 0.316639
29 27 2263 0.0687429
29 28 2633 0.0740059
29 29 1948 0.0508867
29 30 2339 0.0975671
29 31 0 0.092
30 0 10746 0.187583
30 1 3970 0.211529
30 2 9273 0.164731
30 3 7596 0.127877
30 4 9103 0.17672
30 5 8645 0.13269
30 6 8918 0.143638
30 7 9071 0.157551
30 8 9421 0.129068
30 9 10879 0.173291
30 10 9769 0.161841
30 11 9051 0.143138
30 12 10865 0.149325
30 13 10948 0.0912955
30 14 8774 0.0693998
30 15 11300 0.108499
30 16 10844 0.111673
30 17 10882 0.0907883
30 18 12449 0.112228
30 19 9373 0.0553053
30 20 13693 0.0794626
30 21 9483 0.00672006
30 22 12041 0.0507674
30 23 11038 0.0674895
30 24 11603 0.0768212
30 25 11169 0.064592
30 26 11577 0.0631216
30 27 11888 0.0592527
30 28 11741 0.048438
30 29 12093 0.0380105
30 30 16005 0.035358
30 31 0 0.108
31 0 12870 0.0144355
31 1 11185 -0.0150403
31 2 11112 -0.000181744
31 3 11541 0.0155166
31 4 11520 0.0271278
31 5 12511 0.0370935
31 6 12268 0.0424859
31 7 13079 0.0275673
31 8 11742 0.0374086
31 9 14022 0.0274774
31 10 11363 0.0300871
31 11 12845 0.0603281
31 12 12315 0.0418523
31 13 14233 0.0644986
31 14 12888 0.0421833
31 15 11962 0.0400618
31 16 12270 0.0708603
31 17 12721 0.0749154
31 18 10718 0.0882663
31 19 11079 0.0483136
31 20 11055 0.0490302
31 21 9852 0.0346458
31 22 10931 0.0411137
31 23 8710 0.0343577
31 24 9598 0.0455188
31 25 10165 0.0782925
31 26 10807 0.0759456
31 27 9069 0.0827237
31 28 10250 0.0809457
31 29 11313 0.0934123
31 30 13394 0.111606
31 31 0 0.061
32 0 5603 0.303133
32 1 5932 0.375026
32 2 5254 0.347911
32 3 6457 0.373132
32 4 5310 0.32415
32 5 5614 0.293587
32 6 6017 0.222405
32 7 6172 0.276478
32 8 6485 0.365404
32 9 6560 0.37927
32 10 5861 0.3247
32 11 6345 0.342707
32 12 6465 0.319806
32 13 7208 0.270445
32 14 7952 0.256305
32 15 5366 0.152678
32 16 214 0.066
32 17 7714 0.175888
32 18 7351 0.153766
32 19 6770 0.171508
32 20 7378 0.163994
32 21 6509 0.0797781
32 22 6653 0.125958
32 23 7499 0.150749
32 24 7373 0.136064
32 25 7397 0.104335
32 26 8404 0.152821
32 27 8035 0.127786
32 28 8155 0.113193
32 29 8450 0.0698256
32 30 8988 0.0745556
32 31 0 0.066
33 0 8791 0.193124
33 1 8143 0.186249
33 2 8491 0.163028
33 3 7819 0.206816
33 4 7230 0.207191
33 5 6736 0.245138
33 6 8087 0.235978
33 7 7577 0.200808
33 8 7431 0.225052
33 9 7233 0.228064
33 10 8783 0.222558
33 11 6782 0.234426
33 12 8874 0.226783
33 13 7535 0.243202
33 14 7804 0.275597
33 15 6360 0.258407
33 16 8368 0.226766
33 17 7424 0.232953
33 18 7381 0.23048
33 19 7044 0.281283
33 20 6401 0.226189
33 21 7797 0.257467
33 22 7358 0.254308
33 23 7131 0.24672
33 24 6383 0.265529
33 25 6274 0.315944
33 26 5567 0.244057
33 27 6187 0.311409
33 28 3307 0.289243
33 29 3194 0.305793
33 30 7342 0.333197
33 31 0 0.244
34 0 3158 0.328076
34 1 1880 0.364535
34 2 2970 0.375112
34 3 3224 0.35217
34 4 2756 0.360601
34 5 3311 0.296499
34 6 3163 0.302849
34 7 3183 0.175858
34 8 3693 0.300111
34 9 3866 0.313147
34 10 3217 0.287751
34 11 3523 0.291757
34 12 3854 0.288233
34 13 3943 0.259416
34 14 4159 0.30214
34 15 3894 0.212407
34 16 3828 0.266021
34 17 3731 0.223925
34 18 4298 0.25089
34 19 4567 0.248005
34 20 3956 0.20637
34 21 3943 0.214309
34 22 4222 0.206813
34 23 4730 0.266435
34 24 4351 0.242895
34 25 4137 0.242069
34 26 4777 0.27548
34 27 4402 0.219403
34 28 4607 0.242798
34 29 4992 0.218803
34 30 5141 0.164267
34 31 0 0.263
35 0 3301 -0.0345042
35 1 2834 -0.038559
35 2 4437 -0.0294299
35 3 4128 -0.00929857
35 4 3246 -0.00894957
35 5 4182 -0.0202327
35 6 4043 0.0092165
35 7 3868 0.00214255
35 8 4494 -0.006523
35 9 4424 -0.000909076
35 10 4486 -0.00345927
35 11 4129 0.023916
35 12 4428 0.0155485
35 13 4507 0.0437052
35 14 4164 0.0512653
35 15 3344 0.00816864
35 16 3948 0.00983281
35 17 3927 0.0397721
35 18 3159 -0.00904303
35 19 3846 0.0228211
35 20 3899 -0.0142156
35 21 4358 0.0315903
35 22 3680 0.0215948
35 23 3979 -0.00469367
35 24 3738 0.0133553
35 25 3460 0.00254813
35 26 4028 0.0297049
35 27 1555 0.0273808
35 28 3351 0.00578156
35 29 3415 0.0620773
35 30 3485 0.0511752
35 31 0 0.031
36 0 6451 0.110178
36 1 11028 0.132438
36 2 10548 0.130334
36 3 8749 0.0822662
36 4 11251 0.119972
36 5 10631 0.0780294
36 6 10861 0.0665263
36 7 10339 -0.0548294
36 8 10535 -0.0796791
36 9 11466 -0.0945761
36 10 10016 -0.104946
36 11 10262 -0.121358
36 12 9302 -0.0714456
36 13 8083 -0.0890747
36 14 6610 -0.0609307
36 15 6696 -0.0980868
36 16 6413 -0.0917512
36 17 5255 -0.11972
36 18 5428 -0.107105
36 19 7018 -0.106812
36 20 0 -0.025
36 21 7701 -0.1052
36 22 8558 -0.121016
36 23 9053 -0.118097
36 24 9555 -0.0605703
36 25 10169 -0.0486255
36 26 9256 -0.106925
36 27 12929 -0.137408
36 28 0 -0.025
36 29 13557 -0.0837273
36 30 12577 -0.0604122
36 31 0 -0.025
37 0 3085 0.109199
37 1 4279 0.245133
37 2 4330 0.171613
37 3 4844 0.247601
37 4 4218 0.172361
37 5 3957 0.193207
37 6 3958 -0.0293564
37 7 4296 0.0510265
37 8 4196 0.033404
37 9 4313 0.0458176
37 10 3837 -0.0661061
37 11 3615 -0.0863224
37 12 3341 0.0439511
37 13 2579 -0.0296508
37 14 2587 0.0190165
37 15 2427 -0.0226864
37 16 2094 -0.0179814
37 17 1932 -0.0547743
37 18 2211 -0.0354106
37 19 2228 -0.000621247
37 20 2558 0.00122317
37 21 2544 -0.0534409
37 22 2822 -0.0588942
37 23 3376 -0.0937186
37 24 3629 -0.022243
37 25 3510 -0.0406163
37 26 4028 -0.0421848
37 27 3989 0.00214758
37 28 4128 -0.0114756
37 29 4133 0.0050322
37 30 5363 0.0262352
37 31 0 0.048
38 0 2258 0.219922
38 1 3314 0.32845
38 2 3048 0.268086
38 3 3550 0.3317
38 4 2658 0.284833
38 5 3311 0.278335
38 6 3102 0.230242
38 7 2972 0.152842
38 8 3363 0.279808
38 9 3195 0.269966
38 10 2287 0.265667
38 11 2955 0.271189
38 12 2042 0.198532
38 13 1887 0.22324
38 14 2180 0.222151
38 15 1354 0.227695
38 16 1486 0.21841
38 17 1091 0.216546
38 18 1264 0.147013
38 19 1501 0.140283
38 20 1771 0.183382
38 21 1630 0.149419
38 22 2023 0.215655
38 23 2331 0.195846
38 24 2478 0.167108
38 25 2525 0.169288
38 26 2820 0.225047
38 27 2299 0.117481
38 28 2549 0.217169
38 29 3206 0.203753
38 30 3761 0.233432
38 31 0 0.24
39 0 7871 0.124759
39 1 7339 0.10743
39 2 7645 0.146766
39 3 7922 0.16606
39 4 6880 0.0529861
39 5 7108 0.0811366
39 6 7486 -0.106944
39 7 7159 -0.0387617
39 8 6806 -0.0686942
39 9 7320 -0.0904286
39 10 6385 -0.0612274
39 11 6356 -0.0942235
39 12 5351 -0.0695206
39 13 4147 -0.0571721
39 14 4278 -0.0690753
39 15 4237 -0.100816
39 16 4024 -0.0442087
39 17 0 0.012
39 18 3790 -0.0391756
39 19 4601 -0.0937539
39 20 3678 -0.0497592
39 21 5624 -0.0699794
39 22 4781 -0.0447699
39 23 6312 -0.0683932
39 24 6377 -0.0340869
39 25 6958 0.189876
39 26 6306 -0.0246395
39 27 6973 -0.0307259
39 28 7447 -0.026468
39 29 6810 -0.00952957
39 30 7746 -0.0452531
39 31 0 0.012
40 0 4295 0.253538
40 1 3849 0.234589
40 2 4178 0.283929
40 3 4656 0.31185
40 4 3778 0.239742
40 5 3918 0.0501852
40 6 4321 0.0119147
40 7 3285 0.0742283
40 8 4341 0.0483694
40 9 3980 -0.0187807
40 10 3809 0.00532492
40 11 2999 -0.0035689
40 12 3024 0.0130564
40 13 2235 -0.0120406
40 14 1998 -0.0189492
40 15 1985 0.0345547
40 16 1806 -0.0208845
40 17 1948 0.00347148
40 18 2070 -0.0616637
40 19 0 0.078
40 20 2795 -0.0165602
40 21 2465 0.0128397
40 22 2606 -0.0187946
40 23 3321 -0.0103379
40 24 3036 -0.012265
40 25 3568 0.0191494
40 26 3812 -0.0311206
40 27 3602 -0.0238472
40 28 3766 0.0193509
40 29 4052 0.039346
40 30 4736 0.047249
40 31 0 0.078
41 0 0 0.014
41 1 2183 0.195322
41 2 2333 0.316129
41 3 2245 0.29479
41 4 2418 0.244991
41 5 2006 -0.0217371
41 6 2396 -0.0349921
41 7 2398 -0.0225178
41 8 2004 -0.0305626
41 9 2148 -0.130525
41 10 2144 0.00271576
41 11 1873 -0.0440019
41 12 1372 -0.034846
41 13 1441 -0.0853561
41 14 1091 -0.110414
41 15 1171 -0.0315474
41 16 848 0.014
41 17 1189 -0.0932699
41 18 945 0.014
41 19 1178 -0.0710413
41 20 1150 -0.0413251
41 21 1195 -0.103113
41 22 1444 -0.131665
41 23 1602 -0.126481
41 24 1960 -0.0316578
41 25 1763 -0.0337356
41 26 2106 -0.065858
41 27 1934 -0.115837
41 28 2371 -0.0496265
41 29 1965 -0.0550647
41 30 2926 -0.033171
41 31 0 0.014
42 0 1135 -0.186057
42 1 12572 -0.205253
42 2 11558 -0.187011
42 3 11222 -0.208913
42 4 10254 -0.221254
42 5 14799 -0.209067
42 6 11817 -0.292664
42 7 13149 -0.274524
42 8 15852 -0.153156
42 9 11239 -0.193174
42 10 14886 -0.141493
42 11 13013 -0.191602
42 12 10614 -0.209751
42 13 12892 -0.194225
42 14 2112 -0.200951
42 15 0 -0.168
42 16 0 -0.168
42 17 0 -0.168
42 18 0 -0.168
42 19 0 -0.168
42 20 0 -0.168
42 21 0 -0.168
42 22 0 -0.168
42 23 0 -0.168
42 24 0 -0.168
42 25 0 -0.168
42 26 0 -0.168
42 27 0 -0.168
42 28 0 -0.168
42 29 0 -0.168
42 30 0 -0.168
42 31 0 -0.168
43 0 15805 -0.0771012
43 1 13913 -0.0728954
43 2 23239 -0.0490834
43 3 20276 -0.127206
43 4 17992 -0.168721
43 5 24232 -0.0458986
43 6 19129 -0.0861436
43 7 15181 -0.0860001
43 8 25372 -0.0210581
43 9 16054 -0.0738004
43 10 20914 -0.03576
43 11 20589 -0.0283336
43 12 19186 -0.012098
43 13 20665 -0.022457
43 14 2764 0.0144568
43 15 0 -0.034
43 16 0 -0.034
43 17 0 -0.034
43 18 0 -0.034
43 19 0 -0.034
43 20 0 -0.034
43 21 0 -0.034
43 22 0 -0.034
43 23 0 -0.034
43 24 0 -0.034
43 25 0 -0.034
43 26 0 -0.034
43 27 0 -0.034
43 28 0 -0.034
43 29 0 -0.034
43 30 0 -0.034
43 31 0 -0.034
44 0 15180 -0.173773
44 1 11473 -0.124034
44 2 19024 -0.137432
44 3 14942 -0.110055
44 4 14874 -0.109669
44 5 20756 -0.128891
44 6 20101 -0.0775173
44 7 10729 -0.107973
44 8 21832 -0.101859
44 9 11708 -0.0937044
44 10 20305 -0.0693462
44 11 15973 -0.0652489
44 12 15907 -0.0524773
44 13 19159 -0.0659099
44 14 2710 0.0101689
44 15 0 -0.046
44 16 0 -0.046
44 17 0 -0.046
44 18 0 -0.046
44 19 0 -0.046
44 20 0 -0.046
44 21 0 -0.046
44 22 0 -0.046
44 23 0 -0.046
44 24 0 -0.046
44 25 0 -0.046
44 26 0 -0.046
44 27 0 -0.046
44 28 0 -0.046
44 29 0 -0.046
44 30 0 -0.046
44 31 0 -0.046
45 0 25345 0.01505
45 1 17671 0.0165907
45 2 34150 0.0476035
45 3 39159 0.0567951
45 4 27365 0.0110559
45 5 40308 0.0319579
45 6 28025 0.0394246
45 7 39603 0.0407088
45 8 34372 0.0412557
45 9 37017 0.0964495
45 10 35858 0.0950246
45 11 34717 0.0910327
45 12 36053 0.103711
45 13 37953 0.090215
45 14 4867 0.124863
45 15 0 0.073
45 16 0 0.073
45 17 0 0.073
45 18 0 0.073
45 19 0 0.073
45 20 0 0.073
45 21 0 0.073
45 22 0 0.073
45 23 0 0.073
45 24 0 0.073
45 25 0 0.073
45 26 0 0.073
45 27 0 0.073
45 28 0 0.073
45 29 0 0.073
45 30 0 0.073
45 31 0 0.073
46 0 9635 -0.151997
46 1 8713 -0.0955667
46 2 13058 -0.0862192
46 3 13334 -0.119241
46 4 18436 -0.058181
46 5 16504 -0.0730313
46 6 13154 -0.0983897
46 7 16209 -0.0288087
46 8 16164 -0.0338667
46 9 13877 0.0192241
46 10 15088 0.00510148
46 11 14311 0.0167803
46 12 16421 -0.000314145
46 13 14602 -0.0397455
46 14 2075 -0.0547538
46 15 0 -0.027
46 16 0 -0.027
46 17 0 -0.027
46 18 0 -0.027
46 19 0 -0.027
46 20 0 -0.027
46 21 0 -0.027
46 22 0 -0.027
46 23 0 -0.027
46 24 0 -0.027
46 25 0 -0.027
46 26 0 -0.027
46 27 0 -0.027
46 28 0 -0.027
46 29 0 -0.027
46 30 0 -0.027
46 31 0 -0.027
47 0 6445 0.109536
47 1 7983 0.149878
47 2 7706 0.202973
47 3 7661 0.1773
47 4 7725 0.15539
47 5 6897 0.126911
47 6 6177 0.0662527
47 7 5484 0.0937147
47 8 7842 0.202774
47 9 5577 0.114856
47 10 6419 0.183014
47 11 6064 0.202877
47 12 6642 0.150209
47 13 5895 0.185663
47 14 6709 0.16827
47 15 0 0.171
47 16 0 0.171
47 17 0 0.171
47 18 0 0.171
47 19 0 0.171
47 20 0 0.171
47 21 0 0.171
47 22 0 0.171
47 23 0 0.171
47 24 0 0.171
47 25 0 0.171
47 26 0 0.171
47 27 0 0.171
47 28 0 0.171
47 29 0 0.171
47 30 0 0.171
47 31 0 0.171
48 0 7664 0.460321
48 1 3246 0.364995
48 2 8444 0.508455
48 3 8091 0.460324
48 4 8662 0.493931
48 5 8987 0.282108
48 6 8338 0.432121
48 7 9053 0.448742
48 8 8514 0.442076
48 9 7543 0.456187
48 10 9283 0.518716
48 11 7647 0.489401
48 12 9074 0.491632
48 13 9086 0.454929
48 14 0 0.457
48 15 0 0.457
48 16 0 0.457
48 17 0 0.457
48 18 0 0.457
48 19 0 0.457
48 20 0 0.457
48 21 0 0.457
48 22 0 0.457
48 23 0 0.457
48 24 0 0.457
48 25 0 0.457
48 26 0 0.457
48 27 0 0.457
48 28 0 0.457
48 29 0 0.457
48 30 0 0.457
48 31 0 0.457
49 0 7125 -0.113395
49 1 8613 -0.0387118
49 2 7031 -0.0454269
49 3 9039 0.0807327
49 4 6245 -0.0989057
49 5 6818 -0.0770192
49 6 4262 -0.13399
49 7 4007 -0.118027
49 8 4316 -0.0597904
49 9 0 -0.008
49 10 4874 -0.0235836
49 11 5481 -0.0401504
49 12 6680 0.041282
49 13 6726 -0.0170438
49 14 9193 0.00973181
49 15 0 -0.008
49 16 0 -0.008
49 17 0 -0.008
49 18 0 -0.008
49 19 0 -0.008
49 20 0 -0.008
49 21 0 -0.008
49 22 0 -0.008
49 23 0 -0.008
49 24 0 -0.008
49 25 0 -0.008
49 26 0 -0.008
49 27 0 -0.008
49 28 0 -0.008
49 29 0 -0.008
49 30 0 -0.008
49 31 0 -0.008
50 0 4965 0.286893
50 1 7017 0.366609
50 2 2973 0.465013
50 3 7277 0.331743
50 4 7571 0.337446
50 5 7034 0.286681
50 6 7999 0.288085
50 7 6794 0.229383
50 8 7376 0.301121
50 9 7696 0.336273
50 10 6992 0.26297
50 11 7169 0.254659
50 12 7096 0.18249
50 13 8038 0.225787
50 14 7256 0.127875
50 15 0 0.291
50 16 0 0.291
50 17 0 0.291
50 18 0 0.291
50 19 0 0.291
50 20 0 0.291
50 21 0 0.291
50 22 0 0.291
50 23 0 0.291
50 24 0 0.291
50 25 0 0.291
50 26 0 0.291
50 27 0 0.291
50 28 0 0.291
50 29 0 0.291
50 30 0 0.291
50 31 0 0.291
51 0 1986 0.040534
51 1 2815 0.0113649
51 2 2289 -0.00450035
51 3 2378 0.0261836
51 4 2080 -0.0185723
51 5 2689 -0.00380289
51 6 0 0.025
51 7 3118 0.0286261
51 8 2194 0.0065557
51 9 2287 -0.0127029
51 10 2636 0.0138109
51 11 2511 0.0451874
51 12 2208 0.0350122
51 13 2954 0.00355113
51 14 2392 -0.000701556
51 15 2130 -0.0176724
51 16 2194 -0.0103363
51 17 2516 -0.0204275
51 18 2269 0.0552493
51 19 1968 0.0286295
51 20 2758 0.0354128
51 21 1461 -0.0742198
51 22 2935 0.0128283
51 23 1845 -0.0244936
51 24 2190 -0.105221
51 25 2431 -0.0451173
51 26 1951 0.00337826
51 27 1817 0.0719582
51 28 2556 0.0909735
51 29 1405 -0.0346028
51 30 2373 0.0209257
51 31 0 0.025
52 0 1448 0.301878
52 1 339 0.297
52 2 1290 0.32195
52 3 1514 0.305652
52 4 1531 0.31216
52 5 772 0.297
52 6 2197 0.316459
52 7 2058 0.301585
52 8 2027 0.278539
52 9 2083 0.328204
52 10 2471 0.404297
52 11 2324 0.343711
52 12 2555 0.385109
52 13 1985 0.328613
52 14 2717 0.324575
52 15 1964 0.195458
52 16 2356 0.219066
52 17 2481 0.270176
52 18 2398 0.291522
52 19 2920 0.309901
52 20 2429 0.238245
52 21 2439 0.135583
52 22 1600 0.157932
52 23 2604 0.362416
52 24 2315 0.293879
52 25 2026 0.23778
52 26 1946 0.282924
52 27 2554 0.344093
52 28 2462 0.298466
52 29 2282 0.183606
52 30 3089 0.185078
52 31 0 0.297
53 0 13840 0.308849
53 1 10416 0.287054
53 2 14599 0.318619
53 3 13105 0.285678
53 4 12851 0.292549
53 5 10734 0.165476
53 6 11258 0.180022
53 7 14755 0.295752
53 8 16564 0.312983
53 9 10267 0.195532
53 10 14057 0.302949
53 11 11306 0.203411
53 12 12595 0.188525
53 13 10703 0.14666
53 14 13203 0.128198
53 15 0 0.26
53 16 0 0.26
53 17 0 0.26
53 18 0 0.26
53 19 0 0.26
53 20 0 0.26
53 21 0 0.26
53 22 0 0.26
53 23 0 0.26
53 24 0 0.26
53 25 0 0.26
53 26 0 0.26
53 27 0 0.26
53 28 0 0.26
53 29 0 0.26
53 30 0 0.26
53 31 0 0.26
54 0 7260 0.112655
54 1 15283 0.116926
54 2 15841 0.131895
54 3 17008 0.07643
54 4 19510 0.0906215
54 5 17641 0.0419747
54 6 18585 0.0136645
54 7 18348 0.0199339
54 8 18774 0.0332831
54 9 16942 0.0466993
54 10 21905 0.109268
54 11 17836 0.038779
54 12 18786 0.0728843
54 13 17730 0.0567825
54 14 21646 0.00831976
54 15 0 0.087
54 16 0 0.087
54 17 0 0.087
54 18 0 0.087
54 19 0 0.087
54 20 0 0.087
54 21 0 0.087
54 22 0 0.087
54 23 0 0.087
54 24 0 0.087
54 25 0 0.087
54 26 0 0.087
54 27 0 0.087
54 28 0 0.087
54 29 0 0.087
54 30 0 0.087
54 31 0 0.087
55 0 10900 0.224819
55 1 14990 0.208743
55 2 19729 0.242161
55 3 0 0.148
55 4 18410 0.122551
55 5 19294 0.126715
55 6 15260 0.0436463
55 7 15047 0.0821068
55 8 18151 0.184458
55 9 14051 0.108073
55 10 18337 0.139267
55 11 18583 0.14044
55 12 0 0.148
55 13 15377 0.0755635
55 14 14190 0.0046825
55 15 0 0.148
55 16 0 0.148
55 17 0 0.148
55 18 0 0.148
55 19 0 0.148
55 20 0 0.148
55 21 0 0.148
55 22 0 0.148
55 23 0 0.148
55 24 0 0.148
55 25 0 0.148
55 26 0 0.148
55 27 0 0.148
55 28 0 0.148
55 29 0 0.148
55 30 0 0.148
55 31 0 0.148
56 0 13623 0.344723
56 1 22131 0.2829
56 2 30522 0.311886
56 3 30724 0.28605
56 4 33057 0.263823
56 5 30727 0.181195
56 6 32951 0.210147
56 7 32782 0.174829
56 8 32305 0.169017
56 9 30263 0.156636
56 10 32524 0.164367
56 11 26662 0.120629
56 12 22578 0.159087
56 13 14925 0.0196345
56 14 23355 0.0387256
56 15 0 0.202
56 16 0 0.202
56 17 0 0.202
56 18 0 0.202
56 19 0 0.202
56 20 0 0.202
56 21 0 0.202
56 22 0 0.202
56 23 0 0.202
56 24 0 0.202
56 25 0 0.202
56 26 0 0.202
56 27 0 0.202
56 28 0 0.202
56 29 0 0.202
56 30 0 0.202
56 31 0 0.202
57 0 7070 0.436465
57 1 12023 0.474443
57 2 13647 0.46437
57 3 13187 0.384447
57 4 14483 0.350699
57 5 14844 0.324348
57 6 13519 0.24272
57 7 13631 0.337852
57 8 13667 0.279106
57 9 15029 0.331461
57 10 4762 0.326606
57 11 13248 0.263888
57 12 12569 0.281355
57 13 12272 0.277987
57 14 15422 0.182166
57 15 0 0.332
57 16 0 0.332
57 17 0 0.332
57 18 0 0.332
57 19 0 0.332
57 20 0 0.332
57 21 0 0.332
57 22 0 0.332
57 23 0 0.332
57 24 0 0.332
57 25 0 0.332
57 26 0 0.332
57 27 0 0.332
57 28 0 0.332
57 29 0 0.332
57 30 0 0.332
57 31 0 0.332
58 0 4609 0.286762
58 1 4870 0.256374
58 2 5136 0.354235
58 3 5812 0.318834
58 4 6034 0.205773
58 5 6852 0.227134
58 6 6112 0.0910179
58 7 6171 0.18443
58 8 7992 0.334412
58 9 5739 0.221611
58 10 6712 0.344528
58 11 6812 0.311013
58 12 6557 0.245968
58 13 7785 0.23845
58 14 7285 0.112816
58 15 0 0.278
58 16 0 0.278
58 17 0 0.278
58 18 0 0.278
58 19 0 0.278
58 20 0 0.278
58 21 0 0.278
58 22 0 0.278
58 23 0 0.278
58 24 0 0.278
58 25 0 0.278
58 26 0 0.278
58 27 0 0.278
58 28 0 0.278
58 29 0 0.278
58 30 0 0.278
58 31 0 0.278
