ncrates
4

crate	TTVXSID
0	0CD9B71A
1	0CD9141F
2	0A9FE645
3	0AA0C505

nslots
51

crate	slot	devsernum	dnltype	dnlfile
0	0	0AA1186F	0	TDC72VXS-0AA1-186F.txt
0	7	076D439B	3	TDC64VHLE-076D-439B.ini
0	8	076D4EC3	3	TDC64VHLE-076D-4EC3.ini
0	9	076D2C3D	3	TDC64VHLE-076D-2C3D.ini
0	10	0611A227	3	TDC64VHLE-0611-A227.ini
0	11	0611D05F	3	TDC64VHLE-0611-D05F.ini
0	12	0611DFD2	3	TDC64VHLE-0611-DFD2.ini
0	13	076CB905	3	TDC64VHLE-076C-B905.ini
0	14	076CB8F5	3	TDC64VHLE-076C-B8F5.ini
0	15	076C9F94	3	TDC64VHLE-076C-9F94.ini
0	16	076C9E50	3	TDC64VHLE-076C-9E50.ini
0	17	06E90439	3	TDC64VHLE-06E9-0439.ini
1	5	0611A24C	3	TDC64VHLE-0611-A24C.ini
1	6	06123539	3	TDC64VHLE-0612-3539.ini
1	7	0611C0BE	3	TDC64VHLE-0611-C0BE.ini
1	8	0611D047	3	TDC64VHLE-0611-D047.ini
1	9	0611A24B	3	TDC64VHLE-0611-A24B.ini
1	10	06E9042C	3	TDC64VHLE-06E9-042C.ini
1	11	076C9E5B	3	TDC64VHLE-076C-9E5B.ini
1	12	06E90430	3	TDC64VHLE-06E9-0430.ini
1	13	076CBA7F	3	TDC64VHLE-076C-BA7F.ini
1	14	07A91E93	3	TDC64VHLE-07A9-1E93.ini
1	15	07A91E90	3	TDC64VHLE-07A9-1E90.ini
1	16	07A91E87	3	TDC64VHLE-07A9-1E87.ini
1	17	07A91E9C	3	TDC64VHLE-07A9-1E9C.ini
1	18	076CB90E	3	TDC64VHLE-076C-B90E.ini
1	19	06E90423	3	TDC64VHLE-06E9-0423.ini
2	2	076D3188	3	TDC64VHLE-076D-3188.ini
2	3	0611A240	3	TDC64VHLE-0611-A240.ini
2	4	06120E19	3	TDC64VHLE-0612-0E19.ini
2	5	06120DEA	3	TDC64VHLE-0612-0DEA.ini
2	6	0611C02C	3	TDC64VHLE-0611-C02C.ini
2	7	076D2D5D	3	TDC64VHLE-076D-2D5D.ini
2	8	076D3195	3	TDC64VHLE-076D-3195.ini
2	9	076D3227	3	TDC64VHLE-076D-3227.ini
2	10	076D45EE	3	TDC64VHLE-076D-45EE.ini
2	11	076D3208	3	TDC64VHLE-076D-3208.ini
3	1	076D2F39	3	TDC64VHLE-076D-2F39.ini
3	2	076D4D8D	3	TDC64VHLE-076D-4D8D.ini
3	3	076D29D9	3	TDC64VHLE-076D-29D9.ini
3	4	076D4FF8	3	TDC64VHLE-076D-4FF8.ini
3	5	076D4FFE	3	TDC64VHLE-076D-4FFE.ini
3	6	076D4DA6	3	TDC64VHLE-076D-4DA6.ini
3	7	030D9CA2	3	TDC64VHLE-030D-9CA2.ini
3	8	076D31E3	3	TDC64VHLE-076D-31E3.ini
3	9	076D30C7	3	TDC64VHLE-076D-30C7.ini
3	10	076D2C37	3	TDC64VHLE-076D-2C37.ini
3	11	076D2C53	3	TDC64VHLE-076D-2C53.ini
3	12	06120E0E	3	TDC64VHLE-0612-0E0E.ini
3	13	076D322E	3	TDC64VHLE-076D-322E.ini
3	14	076D31DE	3	TDC64VHLE-076D-31DE.ini
3	15	076D318E	3	TDC64VHLE-076D-318E.ini

nchambers
59

chamber		chamberID
15		16.2
1		28.1
2		3.1
16		17.2
4		29.1
5		4.1
17		18.2
7		30.1
8		5.1
18		19.2
10		31.1
11		6.1
19		20.2
13		32.1
12		2.1
3		1.1
14		15.2
0		27.1
6		33.1
9		19.3
20		7.1
21		115.2
22		113.1
23		117.1
24		35.1
25		9.1
26		37.1
27		11.1
28		39.1
29		13.1
30		34.1
31		8.1
32		36.1
33		10.1
34		38.1
35		12.1
36		21.2
37		23.2
38		25.2
39		22.2
40		24.2
41		26.2
42		107.2
43		108.2
44		109.2
45		110.2
46		111.2
47		112.2
48		114.1
49		116.2
50		118.1
51		14.1
52		40.1
53		119.2
54		120.2
55		121.2
56		122.2
57		123.2
58		124.2

crate	slot	chamber	cable
0	7	53	1
0	8	54	1
0	8	55	2
0	9	42	2
0	10	43	2
0	9	44	1
0	10	21	1
0	11	9	0
0	12	14	0
0	13	15	0
0	14	17	0
0	15	19	0
0	16	16	0
0	17	18	0
1	5	22	1
1	5	23	2
1	6	20	0
1	7	3	0
1	8	0	0
1	9	6	0
1	10	13	0
1	11	7	0
1	12	1	0
1	13	11	0
1	14	5	0
1	15	12	0
1	16	10	0
1	17	4	0
1	18	8	0
1	19	2	0
2	2	36	0
2	3	37	0
2	4	38	0
2	5	39	0
2	6	40	0
2	7	41	0
2	8	45	1
2	8	46	2
2	9	47	1
2	9	49	2
2	10	56	1
2	10	57	2
2	11	58	1
3	1	24	0
3	2	25	0
3	3	26	0
3	4	27	0
3	5	28	0
3	6	29	0
3	7	30	0
3	8	31	0
3	9	32	0
3	10	33	0
3	11	34	0
3	12	35	0
3	13	52	0
3	14	51	0
3	15	48	1
3	15	50	2
