135 159 244 285
0.024268 -0.00160451 0.000354477 0 0
-0.0332077 0.00508129 0.000184631 -2.2816e-06 8.18342e-09
3.87243 -0.117677 0.00157482 -8.73952e-06 1.7465e-08
0.871366
135 157 242 285
0.020637 0.00159222 0.000307926 0 0
-0.013187 0.00642351 0.000152024 -1.99022e-06 7.19311e-09
2.41373 -0.0751362 0.00113244 -6.78334e-06 1.43626e-08
0.874252
130 149 234 280
0.0195472 0.00174986 0.00027868 0 0
-0.00985946 0.00576096 0.000165541 -2.0806e-06 7.33815e-09
2.48232 -0.0726672 0.00104485 -6.01959e-06 1.22956e-08
0.870683
130 149 234 280
0.0197376 0.00263453 0.000204489 0 0
-0.005485 0.00519982 0.000170419 -2.01978e-06 6.71642e-09
4.37609 -0.135401 0.00181503 -1.01831e-05 2.0671e-08
0.866713
130 152 237 280
0.0199388 -0.000470418 0.000386578 0 0
-0.00894839 0.00515054 0.000152814 -1.67568e-06 5.04353e-09
3.4297 -0.1071 0.00149483 -8.56303e-06 1.75849e-08
0.865608
130 151 236 280
0.0171578 0.00111338 0.000317575 0 0
-0.00598098 0.00517494 0.000164939 -1.92116e-06 6.2934e-09
2.48703 -0.0747681 0.001089 -6.33792e-06 1.30692e-08
0.871533
130 151 236 280
0.0209285 0.000726218 0.000312943 0 0
-0.0231995 0.00642733 0.000145244 -1.78866e-06 5.92535e-09
3.18599 -0.0990409 0.00140643 -8.16764e-06 1.69715e-08
0.878187
130 152 237 280
0.0217897 -0.000183872 0.000324192 0 0
-0.0209265 0.00520703 0.000179152 -2.1664e-06 7.44286e-09
2.09035 -0.0627082 0.000952092 -5.64771e-06 1.17633e-08
0.876904
140 164 239 290
0.0257839 -0.000670428 0.000422439 0 0
-0.0750862 0.0105057 0.00014522 -2.74846e-06 1.22252e-08
2.5969 -0.0761641 0.00110754 -6.53338e-06 1.37457e-08
0.844309
140 162 242 290
0.0258701 0.000371859 0.000433462 0 0
-0.0653634 0.0115535 0.000110483 -2.38522e-06 1.09911e-08
1.28475 -0.0346195 0.000621279 -4.02858e-06 8.94104e-09
0.871793
135 155 240 285
0.019659 0.000156434 0.000397875 0 0
-0.0658533 0.0107133 8.19496e-05 -1.5689e-06 6.45403e-09
0.848873 -0.0220069 0.000485628 -3.39138e-06 7.84596e-09
0.894998
135 156 241 285
0.0193884 -0.000370394 0.000372429 0 0
-0.0720688 0.00985307 0.000109276 -1.86217e-06 7.52632e-09
0.322837 -0.00435204 0.000261064 -2.12279e-06 5.17696e-09
0.895794
135 157 242 285
0.02063 -0.000706345 0.000255229 0 0
-0.0840143 0.006823 0.000178519 -2.35453e-06 8.44345e-09
1.74332 -0.0504178 0.000800441 -4.86494e-06 1.0329e-08
0.895263
135 156 241 285
0.0205782 -3.66928e-05 0.000270064 0 0
-0.0485875 0.00547576 0.00022199 -2.93606e-06 1.10182e-08
1.18649 -0.0343977 0.000640527 -4.21273e-06 9.44192e-09
0.895827
135 156 241 285
0.0239337 0.000103666 0.000415928 0 0
-0.0839966 0.0132159 2.17754e-05 -9.84018e-07 4.33312e-09
0.140173 0.00276899 0.000168374 -1.61599e-06 4.16842e-09
0.894714
135 153 238 285
0.0241546 -0.000716708 0.000403011 0 0
-0.085003 0.0115251 7.56415e-05 -1.56996e-06 6.48915e-09
0.316229 -0.00275846 0.000230779 -1.91686e-06 4.69066e-09
0.902759
