-3750 -3726 -3641 -3600
0.001178 0.00226129 8.57099e-05 0 0
0.036304 -0.00140339 0.000216101 -1.6852e-06 3.99068e-09
2.79025 -0.0859876 0.00118044 -6.50344e-06 1.28366e-08
0.828749
-3745 -3722 -3637 -3595
0.00130478 0.00253006 8.66883e-05 0 0
0.0363268 -0.00109852 0.00021838 -1.77169e-06 4.4044e-09
2.51676 -0.0771846 0.00108083 -6.02095e-06 1.19787e-08
0.829162
-3755 -3735 -3650 -3605
0.00147694 0.00370811 8.59266e-05 0 0
0.0178865 0.00163693 0.000179033 -1.56826e-06 4.01691e-09
-1.33482 0.0449815 -0.000346074 1.30436e-06 -2.02881e-09
0.832687
-3755 -3735 -3650 -3605
0.00149587 0.00354032 8.77888e-05 0 0
0.0204103 0.0012759 0.000184778 -1.61039e-06 4.16118e-09
-0.700382 0.0246079 -0.000105281 5.41675e-08 3.87443e-10
0
-3750 -3729 -3644 -3600
0.00141227 0.00309194 8.687e-05 0 0
0.0248451 0.000388106 0.000196373 -1.64425e-06 4.10334e-09
-0.652072 0.0222317 -7.30353e-05 -1.20538e-07 7.2757e-10
0.828698
-3750 -3730 -3645 -3600
0.00144778 0.00332871 8.93238e-05 0 0
0.0229685 0.000835013 0.00019238 -1.65876e-06 4.27378e-09
-1.48752 0.0488065 -0.000384423 1.48229e-06 -2.34224e-09
0.827069
-3750 -3730 -3645 -3600
0.00156273 0.00337435 8.88147e-05 0 0
0.024004 0.000814606 0.000194261 -1.68684e-06 4.40688e-09
0.145324 -0.00353767 0.000243051 -1.84286e-06 4.22191e-09
0.830252
-3750 -3729 -3644 -3600
0.00141603 0.00323515 8.81644e-05 0 0
0.0239223 0.000673945 0.000193073 -1.6333e-06 4.09683e-09
0.248779 -0.00651684 0.000272364 -1.9609e-06 4.38457e-09
0.832982
-3740 -3712 -3637 -3590
0.000918149 0.00154137 7.93712e-05 0 0
0.0642879 -0.00416256 0.000253399 -1.86117e-06 4.25066e-09
-1.67785 0.0493133 -0.000368663 1.39866e-06 -2.25848e-09
0.764248
-3740 -3714 -3634 -3590
0.000995429 0.00187878 8.27947e-05 0 0
0.046776 -0.00267807 0.000235832 -1.81578e-06 4.3407e-09
-1.48444 0.0449903 -0.000329606 1.22763e-06 -1.95524e-09
0.794636
-3750 -3726 -3641 -3600
0.00115064 0.00251797 8.164e-05 0 0
0.0287833 -0.000675612 0.000203592 -1.59362e-06 3.69913e-09
-2.0304 0.0660451 -0.000606135 2.76989e-06 -5.10744e-09
0.83023
-3750 -3726 -3641 -3600
0.00110833 0.00236806 8.31767e-05 0 0
0.0340536 -0.00125224 0.000216122 -1.70785e-06 4.1002e-09
0.341256 -0.00927358 0.000285234 -1.89072e-06 3.97932e-09
0.82963
-3750 -3725 -3640 -3600
0.0010171 0.0020812 8.32285e-05 0 0
0.0409657 -0.00197814 0.000222393 -1.6862e-06 3.84742e-09
1.57648 -0.0487162 0.000749452 -4.2899e-06 8.58883e-09
0.830686
-3750 -3725 -3640 -3600
0.00105363 0.00226611 8.15211e-05 0 0
0.0393108 -0.00172061 0.000221606 -1.73005e-06 4.12734e-09
2.37553 -0.0723614 0.00101183 -5.58694e-06 1.10022e-08
0.83052
-3750 -3726 -3641 -3600
0.00107399 0.00237653 8.47129e-05 0 0
0.0313619 -0.000952091 0.000207485 -1.60013e-06 3.64108e-09
-0.235862 0.00820951 8.84115e-05 -9.0737e-07 2.13089e-09
0.832203
-3750 -3730 -3645 -3600
0.00103008 0.00221691 8.0253e-05 0 0
0.036163 -0.00152421 0.0002133 -1.60166e-06 3.52984e-09
0.478293 -0.0149658 0.000363503 -2.3374e-06 4.89439e-09
0.799567