145 163 248 295
0.000770631 0.00182953 0.000232271 0 0
-0.0283489 0.00515945 0.000158907 -1.87932e-06 6.42217e-09
2.24157 -0.0680483 0.00100432 -5.84397e-06 1.20346e-08
0
145 162 247 295
0.000857935 0.00286783 0.000221541 0 0
-0.0273574 0.006316 0.000131621 -1.63429e-06 5.61906e-09
1.87301 -0.056617 0.000879466 -5.26454e-06 1.10619e-08
0
130 153 238 280
0.000507681 -2.09432e-05 0.000216009 0 0
-0.0309653 0.0028283 0.00018801 -1.92004e-06 5.94016e-09
4.17584 -0.127266 0.00165491 -8.92644e-06 1.73949e-08
0
130 153 238 280
0.000476971 0.000243122 0.000197233 0 0
-0.023167 0.00203051 0.000206524 -2.08771e-06 6.47391e-09
3.42523 -0.10435 0.0013934 -7.60553e-06 1.4904e-08
0
135 157 242 285
0.000478942 6.98822e-05 0.000230824 0 0
-0.0330845 0.00319742 0.000190062 -2.0195e-06 6.48411e-09
3.50941 -0.107778 0.00145125 -8.01606e-06 1.59191e-08
0
135 155 240 285
0.0003857 0.000905327 0.000226964 0 0
-0.0255194 0.00363882 0.00018439 -2.0131e-06 6.55809e-09
1.88377 -0.0567617 0.000860286 -5.0067e-06 1.02169e-08
0
140 157 242 290
0.000986379 0.00349381 0.000186563 0 0
-0.0134079 0.00515889 0.000157867 -1.8493e-06 6.19087e-09
2.0756 -0.0638326 0.000976713 -5.84104e-06 1.23212e-08
0
140 157 242 290
0.000883323 0.00288819 0.0002 0 0
-0.0130001 0.00449648 0.00017614 -2.06675e-06 7.1476e-09
1.90608 -0.0578915 0.000895134 -5.34305e-06 1.12013e-08
0
150 169 244 300
0.000620895 0.00129181 0.000249665 0 0
-0.0721296 0.00862305 7.27623e-05 -1.07983e-06 3.90531e-09
1.74519 -0.0518556 0.000800945 -4.70974e-06 9.69477e-09
0
150 167 247 300
0.000651431 0.0021097 0.000250618 0 0
-0.0566892 0.00855783 7.44587e-05 -1.13976e-06 4.27865e-09
2.81365 -0.0843108 0.00117026 -6.57622e-06 1.32294e-08
0
140 160 245 290
0.00052391 0.0010301 0.00022485 0 0
-0.0524492 0.00584997 0.000136955 -1.67962e-06 5.94439e-09
1.03896 -0.0344636 0.000650175 -4.20795e-06 9.29389e-09
0
140 161 246 290
0.000580636 0.000702277 0.000223409 0 0
-0.0587394 0.00574047 0.000141916 -1.72556e-06 6.06689e-09
1.14495 -0.0361331 0.000646369 -4.04798e-06 8.6808e-09
0
140 163 248 290
0.000905384 -0.000106329 0.000214702 0 0
-0.0774761 0.00570236 0.000141053 -1.67244e-06 5.74403e-09
0.287503 -0.00962883 0.000330644 -2.35236e-06 5.24924e-09
0
140 161 246 290
0.000692039 0.000305766 0.000227967 0 0
-0.0653879 0.00572097 0.0001457 -1.79258e-06 6.42449e-09
1.49128 -0.045838 0.000743055 -4.44748e-06 9.23817e-09
0
140 161 246 290
0.00057746 0.000312579 0.000224248 0 0
-0.0694153 0.00601789 0.000135548 -1.6692e-06 5.93023e-09
2.08246 -0.0650517 0.000974823 -5.68181e-06 1.16915e-08
0
140 159 244 290
0.000777797 0.000171911 0.000206665 0 0
-0.0349333 0.00245631 0.000227766 -2.64101e-06 9.60325e-09
1.65646 -0.052069 0.000823578 -4.89265e-06 1.01475e-08
0
