105 126 211 254
0.0300783 0.000205375 0.00040929 0 0
-0.0563099 0.0112148 3.97156e-05 -9.37515e-07 3.67236e-09
3.2818 -0.109155 0.00162298 -9.83448e-06 2.12689e-08
0.881336
105 124 209 254
0.0273442 0.00236952 0.000342599 0 0
-0.0411846 0.0114501 1.91804e-05 -5.90127e-07 1.92799e-09
2.42325 -0.081189 0.00129184 -8.12145e-06 1.79752e-08
0.885629
100 117 202 249
0.0231903 0.00310824 0.000298278 0 0
-0.022248 0.00954504 7.01849e-05 -1.20135e-06 4.61006e-09
3.01438 -0.0931081 0.00134138 -7.88602e-06 1.65661e-08
0.875633
100 117 202 249
0.0231548 0.00169535 0.000342448 0 0
-0.0465376 0.0108039 3.60163e-05 -8.1622e-07 3.09986e-09
1.07687 -0.0317565 0.000613697 -4.06274e-06 9.06772e-09
0.874769
100 119 204 249
0.0295732 0.000316992 0.000252284 0 0
-0.0119066 0.00382425 0.000228452 -2.90236e-06 1.11311e-08
-0.725347 0.023266 -2.7817e-05 -7.07509e-07 2.46761e-09
0.87145
100 118 203 249
0.028265 0.00118457 0.000251372 0 0
-0.00673644 0.00443773 0.000211507 -2.74362e-06 1.06583e-08
2.38258 -0.0734622 0.00109802 -6.5068e-06 1.36141e-08
0.872693
100 118 203 249
0.0219379 0.00309028 0.000384368 0 0
-0.0355263 0.012237 1.20223e-06 -4.82053e-07 1.93756e-09
0.409545 -0.0141749 0.000472387 -3.73544e-06 9.27616e-09
0.890113
100 119 204 249
0.0215994 0.00229626 0.00035309 0 0
-0.0543632 0.0128975 -3.11086e-05 6.93788e-08 -9.48831e-10
2.03677 -0.0660078 0.00107721 -6.81584e-06 1.50746e-08
0.886587
110 131 206 259
0.0313523 0.0014335 0.000436268 0 0
-0.0513667 0.0123579 5.44733e-05 -1.59357e-06 7.77173e-09
2.14031 -0.0664486 0.00105323 -6.56112e-06 1.43684e-08
0.831947
110 129 209 259
0.0330862 0.00322729 0.000363305 0 0
-0.034076 0.012589 3.67796e-05 -1.29054e-06 6.10715e-09
3.68726 -0.115532 0.00163719 -9.6441e-06 2.04553e-08
0.8597
105 122 207 254
0.0247267 0.00341862 0.000368136 0 0
-0.0179578 0.0107019 5.50068e-05 -1.18624e-06 4.92399e-09
1.50384 -0.043909 0.000758234 -4.88045e-06 1.08536e-08
0.878506
105 123 208 254
0.0232563 0.00208244 0.000402178 0 0
-0.0415336 0.0117446 3.09685e-05 -9.34309e-07 3.94971e-09
2.43814 -0.0731946 0.00109456 -6.56185e-06 1.39466e-08
0.879946
105 124 209 254
0.0282012 -0.000280111 0.000267389 0 0
-0.0728384 0.0084162 0.000106896 -1.45944e-06 4.96699e-09
-0.938718 0.0325824 -0.000158806 5.30865e-08 8.80022e-10
0.887069
105 123 208 254
0.0280543 0.000609751 0.000273244 0 0
-0.0348191 0.00656716 0.00016966 -2.30287e-06 8.68249e-09
1.53274 -0.0433335 0.000717064 -4.43771e-06 9.50282e-09
0.884562
105 123 208 254
0.0323568 0.00440963 0.00041556 0 0
-0.00059878 0.0111779 5.6916e-05 -1.37968e-06 6.10879e-09
2.29517 -0.0708214 0.00110741 -6.89117e-06 1.51511e-08
0.885353
105 120 205 254
0.0269638 0.0033882 0.000388103 0 0
-0.0310988 0.0122144 4.00419e-05 -1.23341e-06 5.5471e-09
2.19285 -0.0673542 0.00105689 -6.55084e-06 1.43013e-08
0.884669
