-0.32 -0.46 -0.64 -0.78 0.2 0.05 -0.12 -0.39 0.52 0.3 0.08 0 0.68 0.67 0.51 0.4 1.3 1.06 1.01 0.64 1.6 1.34 1.15 0.82 1.67 1.59 1.35 1.21 2.06 1.83 1.73 1.49 2.29 2.15 2.05 1.7 2.56 2.32 2.18 1.8 2.58 2.37 2.23 1.9 2.78 2.49 2.35 1.8 2.54 2.35 2.16 1.91 2.66 2.47 2.33 1.97 2.71 2.42 2.39 2.07 2.88 2.57 2.56 2.24 3.11 2.92 2.8 2.33 3.04 2.83 2.78 2.16 
-1.09 -1.18 -1.68 -1.45 -0.65 -0.81 -1.26 -1 -0.35 -0.58 -0.92 -0.63 0.06 -0.22 -0.55 -0.01 0.74 0.49 0.1 0.23 1.14 0.89 0.34 0.71 1.55 1.29 0.75 1.03 1.9 1.54 1.22 1.48 2.21 1.9 1.55 1.77 2.47 2.14 1.79 1.84 2.35 2.3 1.73 2.13 2.68 2.42 2.11 2.03 2.7 2.51 2.05 2.29 2.92 2.64 2.36 2.4 3.07 2.88 2.46 2.74 3.46 3.27 2.69 3.04 3.74 3.4 3.12 2.91 3.61 3.49 3.02 2.97 
-0.83 -1.09 -0.92 -0.54 -0.39 -0.67 -0.62 -0.22 0.02 -0.21 -0.1 0.28 0.53 0.21 0.32 0.91 1.15 0.93 0.86 1.26 1.48 1.16 1.11 1.65 1.7 1.6 1.43 1.9 2.16 1.79 1.78 2.22 2.25 1.95 1.95 2.38 2.42 2.23 2.11 2.32 2.41 2.29 2.17 2.56 2.74 2.54 2.48 2.54 2.62 2.55 2.44 2.75 2.84 2.5 2.5 2.8 2.85 2.58 2.77 3.03 3.16 2.84 2.91 3.07 3.4 3.14 3.15 3.27 3.3 3.12 3.08 3.25 
0.89 0.55 0 0.73 1.12 1.01 0.36 0.89 1.14 1.12 0.46 1.08 1.52 1.29 0.82 1.52 1.87 1.79 1.18 1.67 2.17 2.1 1.42 2.08 2.41 2.33 1.55 2.37 2.8 2.48 2.08 2.72 3.11 2.85 2.28 2.89 3.33 3.11 2.45 2.81 3.29 2.98 2.42 3.09 3.36 3.2 2.66 2.95 3.3 2.99 2.42 2.84 3.26 2.96 2.27 2.74 3.11 2.88 2.25 2.84 3.05 2.8 2.23 2.85 3.08 2.92 2.31 2.63 2.88 2.61 2.13 2.47 
0.13 0.2 -0.63 0.39 0.54 0.7 -0.05 0.69 0.81 0.9 0.13 0.97 1.29 1.23 0.55 1.62 1.79 1.94 1.13 1.77 1.91 1.91 1.31 2.06 2.04 2.18 1.35 2.21 2.33 2.46 1.74 2.41 2.55 2.63 1.71 2.47 2.65 2.62 2 2.42 2.48 2.49 1.85 2.56 2.76 2.73 1.99 2.38 2.43 2.61 1.89 2.52 2.53 2.69 1.98 2.5 2.57 2.71 1.86 2.56 2.75 2.82 2.1 2.78 2.97 2.96 2.28 2.66 2.95 2.88 2.14 2.63 
0.01 0.12 -0.23 0.12 0.32 0.38 0.12 0.29 0.44 0.56 0.26 0.43 0.73 0.73 0.49 0.9 1.1 1.21 0.9 1.13 1.21 1.42 1.23 1.28 1.56 1.64 1.4 1.76 1.97 1.96 1.78 2 2.14 2.27 1.99 2.14 2.35 2.33 2.1 2.1 2.34 2.36 2.14 2.37 2.45 2.5 2.31 2.22 2.19 2.36 2.08 2.17 2.36 2.49 2.17 2.12 2.26 2.34 2.09 2.23 2.43 2.4 2.21 2.41 2.61 2.65 2.41 2.34 2.5 2.54 2.3 2.18 
-0.58 -0.94 -1.74 -1.28 -0.27 -0.67 -1.27 -1.02 -0.11 -0.38 -0.99 -0.71 0.27 -0.07 -0.8 -0.25 0.72 0.52 -0.29 0.07 1.05 0.75 0.08 0.33 1.41 1.05 0.38 0.74 1.79 1.53 0.84 1.09 2.13 1.86 1.22 1.34 2.27 2.06 1.38 1.45 2.39 2.24 1.52 1.85 2.77 2.45 1.89 1.85 2.67 2.45 1.79 2.04 3.03 2.72 2 2.13 3.07 2.72 2.05 2.38 3.31 2.87 2.27 2.6 3.54 3.15 2.58 2.46 3.42 3.06 2.4 2.38 
-0.59 -1.06 -0.39 -0.95 -0.37 -0.75 0.08 -0.69 -0.19 -0.57 0.13 -0.51 0.2 -0.2 0.48 -0.06 0.66 0.15 0.87 0.19 0.86 0.43 1.3 0.6 1.21 0.77 1.51 1.03 1.63 1.13 1.85 1.19 1.89 1.5 2.13 1.45 2.11 1.67 2.35 1.57 2.21 1.68 2.34 1.72 2.45 1.82 2.63 1.7 2.39 1.79 2.53 1.81 2.41 2 2.59 1.8 2.45 1.99 2.6 1.99 2.55 2.16 2.85 2.04 2.78 2.35 3.05 2.08 2.66 2.21 2.83 2.04 
-1.77 -1.21 -2.11 -2.19 -1.69 -1.11 -1.84 -1.91 -1.21 -0.57 -1.54 -1.75 -1.05 -0.52 -1.23 -0.9 -0.22 0.36 -0.37 -0.56 0.11 0.67 -0.07 -0.43 0.24 0.86 0.09 -0.29 0.45 1.01 0.28 0.32 0.96 1.63 0.81 0.67 1.36 1.97 1.26 0.93 1.54 2.08 1.26 1.36 1.92 2.51 1.8 1.42 1.94 2.53 1.8 1.55 2.1 2.62 1.98 1.77 2.28 2.71 1.97 1.52 2.09 2.76 1.89 2.01 2.54 3.11 2.38 2.09 2.65 3.19 2.25 2.02 
-1.67 -2.11 -2.33 -2.33 -1.49 -1.91 -1.97 -2.01 -1.19 -1.6 -1.56 -1.91 -1.13 -1.38 -1.42 -1.14 -0.18 -0.69 -0.71 -0.89 0.09 -0.29 -0.26 -0.6 0.28 -0.01 -0.07 -0.25 0.74 0.3 0.29 0.52 1.4 0.99 0.88 0.9 1.69 1.38 1.39 0.97 1.75 1.44 1.44 1.43 2.26 1.84 1.81 1.61 2.32 1.98 1.92 1.69 2.53 2.21 2.17 1.9 2.73 2.24 2.26 1.98 2.77 2.46 2.39 2.54 3.33 2.92 3 2.79 3.45 3.15 3.17 2.74 
-1.94 -1.74 -1.9 -2.19 -1.69 -1.38 -1.51 -1.7 -1.26 -0.91 -1.13 -1.49 -1.04 -0.85 -0.94 -0.82 -0.25 -0.18 -0.23 -0.53 -0.03 0.12 0.13 -0.24 0.01 0.55 0.34 -0.13 0.43 0.75 0.62 0.47 1.17 1.32 1.25 0.97 1.5 1.82 1.82 1.28 1.84 2.09 1.92 1.87 2.39 2.59 2.6 1.96 2.62 2.76 2.59 2.4 2.8 3.06 2.93 2.59 3.05 3.27 3.15 2.59 3.12 3.23 3.05 3.02 3.5 3.66 3.51 3.13 3.55 3.83 3.63 3.15 
-0.05 -0.43 -0.96 -0.55 0.06 -0.15 -0.74 -0.36 0.36 0.01 -0.4 -0.28 0.41 0.27 -0.38 0.5 1.16 0.94 0.26 0.73 1.48 1.23 0.73 0.93 1.71 1.49 0.9 1.32 2.03 1.76 1.19 1.92 2.59 2.4 1.76 2.19 2.99 2.63 2.02 2.29 2.93 2.67 2.08 2.61 3.08 2.87 2.28 2.37 3.14 2.75 2.06 2.5 3 2.78 2.16 2.49 3.14 2.78 2.15 2.41 2.83 2.65 1.97 2.63 3.24 2.99 2.24 2.6 3.25 2.99 2.21 2.31 
0.07 -0.08 0.07 -0.55 0.33 0.2 0.16 -0.18 0.59 0.38 0.49 -0.19 0.84 0.43 0.65 0.5 1.52 1.35 1.43 0.97 1.9 1.61 1.59 1.16 2.1 1.84 2 1.26 2.35 2 2.08 1.86 2.67 2.44 2.45 1.93 2.84 2.48 2.49 1.86 2.69 2.42 2.45 2.13 2.9 2.56 2.61 2.03 2.87 2.49 2.55 2 2.75 2.46 2.58 2.11 2.81 2.64 2.79 2.08 2.79 2.51 2.57 2.4 3.17 2.95 3.04 2.46 3.24 2.95 2.97 2.19 
-0.61 -0.57 -0.29 -0.44 -0.44 -0.33 0.06 -0.15 -0.16 -0.09 0.2 -0.04 -0.1 -0.06 0.14 0.57 0.47 0.53 0.86 0.71 0.7 0.82 1.15 0.84 0.94 1.02 1.32 0.97 1.1 1.24 1.57 1.6 1.68 1.81 2.14 1.95 2.06 2.09 2.5 2 2.04 2.06 2.29 2.34 2.38 2.46 2.64 2.42 2.4 2.38 2.71 2.52 2.33 2.41 2.63 2.44 2.34 2.5 2.66 2.33 2.31 2.34 2.65 2.63 2.66 2.58 2.81 2.57 2.67 2.65 2.84 2.42 
-1.67 -1.65 -2.07 -2.01 -1.33 -1.39 -1.8 -1.82 -1.07 -1.03 -1.45 -1.69 -0.91 -0.88 -1.28 -0.96 -0.4 -0.38 -0.73 -0.71 -0.12 0 -0.43 -0.55 0.18 0.3 -0.3 -0.43 0.35 0.4 0.02 0.31 1.07 1.09 0.73 0.72 1.48 1.56 1.15 0.92 1.67 1.84 1.33 1.44 2.22 2.23 1.7 1.59 2.24 2.34 1.9 1.84 2.36 2.42 1.97 1.94 2.63 2.6 2.19 2.08 2.72 2.61 2.34 2.25 3.03 3.11 2.7 2.64 3.21 3.26 2.75 2.6 
-1.33 -1.44 -1.56 -1.82 -1.01 -1.04 -1.3 -1.46 -0.72 -0.68 -0.98 -1.31 -0.59 -0.65 -0.88 -0.71 0 -0.07 -0.38 -0.64 0.15 0.05 -0.25 -0.54 0.05 -0.01 -0.25 -0.58 0.12 0.03 -0.12 -0.21 0.63 0.62 0.35 0.11 0.94 0.95 0.66 0.38 1.09 1.09 0.99 0.91 1.65 1.71 1.54 1.05 1.92 1.82 1.65 1.39 2.18 2.11 1.89 1.65 2.4 2.36 2.07 1.8 2.48 2.38 2.16 2.02 2.81 2.7 2.55 2.05 2.9 2.82 2.46 1.89 
-1.3 -1.03 -1.76 -1.45 -1.15 -0.78 -1.5 -1.28 -1.08 -0.68 -1.35 -1.02 -0.72 -0.34 -0.96 -0.5 -0.11 0.29 -0.43 0.16 0.41 0.74 0.26 0.06 0.34 0.7 0.09 0.04 0.4 0.79 0.19 0.89 1.23 1.59 1.03 1.17 1.57 1.82 1.28 1.19 1.6 2 1.42 1.58 1.8 2.12 1.6 1.77 2.06 2.35 1.77 1.8 2.1 2.21 1.63 1.76 2.09 2.26 1.71 1.76 2.12 2.32 1.85 2.03 2.31 2.58 1.97 2.44 2.65 2.9 2.22 1.98 
-2.06 -1.77 -2.6 -2.36 -1.82 -1.54 -2.33 -2.2 -1.73 -1.48 -2.23 -2.13 -1.47 -1.2 -2.04 -1.56 -1.02 -0.66 -1.54 -0.89 -0.41 0 -0.85 -0.97 -0.4 0.07 -0.79 -0.61 -0.12 0.2 -0.51 0.27 0.79 1.26 0.38 0.61 1.28 1.64 0.74 0.89 1.51 1.91 1.04 1.41 1.95 2.31 1.44 1.76 2.19 2.6 1.76 1.83 2.32 2.5 1.86 1.99 2.48 2.67 1.92 2.13 2.61 2.92 2.09 2.37 3 3.23 2.47 2.83 3.43 3.63 3.05 2.66 
-1.84 -1.67 -1.97 -1.53 -1.5 -1.35 -1.44 -1.34 -1.26 -1.12 -1.25 -0.87 -1.03 -0.8 -1 -0.26 -0.43 -0.25 -0.33 0.31 0.33 0.54 0.37 0.44 0.37 0.62 0.34 0.64 0.55 0.79 0.71 1.43 1.44 1.68 1.51 1.71 1.7 1.89 1.68 1.88 1.8 1.92 1.92 2.22 2.15 2.25 2.17 2.32 2.36 2.55 2.28 2.42 2.32 2.5 2.37 2.49 2.43 2.53 2.42 2.58 2.55 2.6 2.46 2.77 2.74 2.9 2.7 3.18 3.06 3.21 3.17 3.01 
-0.6 -0.3 -1.26 -0.26 -0.33 -0.09 -0.89 0.02 -0.23 0 -0.61 0.24 0.12 0.32 -0.4 0.66 0.62 0.83 0.16 1.33 1.22 1.48 0.81 1.34 1.23 1.47 0.7 1.48 1.32 1.67 0.89 2.12 2.06 2.41 1.56 2.37 2.37 2.65 1.73 2.66 2.39 2.6 1.85 2.67 2.58 2.81 1.96 2.91 2.63 2.78 2.21 2.63 2.58 2.68 1.97 2.72 2.57 2.71 1.84 2.57 2.48 2.62 1.92 2.71 2.58 2.71 1.97 2.96 2.94 2.95 2.25 2.74 
-0.2 0.03 -0.77 -0.63 -0.12 0.25 -0.49 -0.54 0.06 0.46 -0.43 -0.21 0.3 0.56 -0.09 0.23 0.85 1.3 0.33 0.98 1.43 1.94 0.99 0.87 1.39 1.8 0.92 0.94 1.6 1.94 1.05 1.68 2.27 2.55 1.77 1.92 2.4 2.81 1.85 1.98 2.44 2.87 2.06 2.14 2.53 2.77 2.14 2.21 2.62 2.89 2.15 2.01 2.45 2.79 2.09 2.07 2.48 2.63 1.9 1.94 2.35 2.75 1.84 2.05 2.65 2.96 2.07 2.3 2.86 3.14 2.51 2.08 
-0.48 -0.51 -1.35 -0.47 -0.28 -0.32 -1 -0.36 -0.18 -0.2 -0.89 -0.04 0.13 0.11 -0.74 0.36 0.52 0.5 -0.2 0.9 1.11 1.09 0.45 0.75 0.98 1.05 0.33 0.88 1.14 1.13 0.49 1.69 1.86 1.74 1.14 1.98 2.18 2.14 1.62 2.07 2.25 2.18 1.51 2.29 2.46 2.33 1.73 2.47 2.56 2.61 1.84 2.37 2.55 2.53 1.8 2.39 2.52 2.41 1.79 2.2 2.45 2.45 1.68 2.35 2.65 2.58 1.88 2.71 2.89 2.8 2.14 2.42 
-2.84 -2.56 -3.28 -3.36 -2.64 -2.46 -3.03 -3.13 -2.63 -2.31 -2.85 -2.91 -2.38 -2.16 -2.68 -2.54 -2.06 -1.74 -2.4 -2.1 -1.54 -1.32 -1.82 -2.13 -1.62 -1.33 -2.02 -2 -1.47 -1.15 -1.55 -1.16 -0.51 -0.2 -0.79 -0.74 -0.09 0.32 -0.18 -0.45 0.2 0.55 0.01 0.05 0.57 0.88 0.29 0.49 1.04 1.26 0.74 0.63 1.13 1.46 0.87 0.84 1.44 1.73 1.24 1.1 1.65 1.93 1.4 1.5 2.11 2.29 1.85 2.06 2.58 3.1 2.47 2.07 
-0.9 -0.54 -0.91 -0.95 -0.62 -0.3 -0.73 -0.83 -0.59 -0.24 -0.64 -0.51 -0.46 -0.12 -0.39 -0.08 0.07 0.26 -0.01 0.48 0.6 0.83 0.52 0.24 0.42 0.7 0.43 0.35 0.5 0.74 0.4 1.08 1.24 1.53 1.25 1.46 1.51 1.76 1.63 1.54 1.68 2.02 1.73 1.79 1.89 2.16 1.8 2.07 2.14 2.49 2.02 2.01 2.06 2.29 1.94 1.94 2.01 2.29 2.03 1.92 2.07 2.26 1.93 2.14 2.11 2.57 2.08 2.34 2.52 2.8 2.43 2.09 
-1.03 -1.34 -1.59 -1.65 -1.17 -1.28 -1.47 -1.41 -0.78 -0.86 -1.19 -0.99 -0.31 -0.54 -0.69 -0.6 -0.07 -0.21 -0.45 -0.56 0.04 -0.17 -0.33 -0.32 0.33 0.17 -0.02 0.01 0.68 0.48 0.33 0.54 1.19 0.99 0.97 0.76 1.39 1.3 1.16 1.01 1.52 1.59 1.31 1.49 2.1 1.96 1.7 1.57 2.25 2.11 1.91 1.8 2.41 2.2 1.86 1.84 2.45 2.19 2.08 1.85 2.47 2.25 2.03 1.98 2.56 2.42 2.26 1.92 2.52 2.36 2.11 2.13 
-1.67 -1.5 -2.28 -2.3 -1.41 -1.39 -2.2 -1.92 -1.14 -1.03 -1.97 -1.54 -0.8 -0.64 -1.45 -1.25 -0.32 -0.25 -1.08 -0.99 -0.14 -0.01 -0.81 -0.66 0.32 0.38 -0.35 -0.1 0.69 0.87 0.07 0.36 1.33 1.53 0.66 0.68 1.65 1.81 0.95 1.05 1.85 2.03 1.09 1.46 2.36 2.29 1.54 1.71 2.44 2.53 1.65 1.79 2.46 2.53 1.81 1.99 2.76 2.86 2.01 1.99 2.84 2.87 2.09 2.28 3.18 3.11 2.46 2.51 3.19 3.24 2.43 2.79 
-1.25 -1.28 -1.36 -1.49 -1.12 -1.15 -1.3 -1.05 -0.89 -0.8 -1.05 -0.74 -0.49 -0.35 -0.46 -0.48 -0.03 0.09 -0.06 -0.06 0.16 0.29 0.22 0.23 0.76 0.82 0.6 0.77 1.15 1.19 1.23 1.43 1.72 1.86 1.54 1.6 1.99 2.12 1.99 1.84 2.14 2.14 2.01 2.23 2.46 2.4 2.29 2.22 2.52 2.41 2.31 2.22 2.51 2.67 2.53 2.41 2.73 2.75 2.65 2.34 2.73 2.79 2.62 2.72 3.02 3.03 2.95 2.6 2.94 3.05 2.87 2.82 
-0.13 -0.08 -0.35 -0.75 -0.07 0.06 -0.08 -0.34 0.31 0.36 0.18 -0.02 0.65 0.69 0.51 0.43 0.9 0.87 0.76 0.39 1.11 1.08 0.96 0.82 1.43 1.58 1.45 1.27 1.97 1.98 1.81 1.79 2.4 2.48 2.41 2.01 2.8 2.76 2.59 2.3 2.84 2.79 2.76 2.54 3.21 3.18 3.01 2.59 3.2 3.31 3.05 2.6 3.13 3.14 3 2.66 3.17 3.26 3.05 2.62 3.19 3.24 3.01 2.69 3.09 3.15 3.1 2.48 3.05 3.08 2.88 2.58 
-0.22 -0.36 -0.37 -0.81 0.01 -0.32 -0.07 -0.62 0.42 0.06 0.05 -0.22 0.63 0.39 0.56 0.18 0.98 0.58 0.79 0.3 1.2 0.94 1.02 0.72 1.6 1.23 1.42 1.06 1.98 1.76 1.94 1.58 2.49 2.06 2.32 1.76 2.48 2.24 2.35 1.77 2.58 2.22 2.4 2.02 2.74 2.56 2.69 1.99 2.76 2.41 2.59 2 2.7 2.42 2.57 2.03 2.79 2.55 2.61 2.05 2.71 2.54 2.59 2.16 2.99 2.65 2.77 2.01 2.97 2.56 2.62 2.25 
-0.35 -0.23 -0.71 -1.06 -0.2 -0.02 -0.58 -0.93 0.17 0.27 -0.19 -0.4 0.52 0.6 0.03 -0.19 0.78 0.92 0.31 -0.11 0.91 1.05 0.59 0.2 1.24 1.47 0.86 0.56 1.56 1.75 1.16 1.03 2.1 2.22 1.64 1.16 2.32 2.27 1.87 1.32 2.25 2.37 1.9 1.6 2.54 2.75 2.22 1.57 2.41 2.73 2.15 1.62 2.59 2.52 2.08 1.66 2.67 2.69 2.29 1.74 2.6 2.68 2.21 1.85 2.74 2.79 2.45 1.67 2.62 2.67 2.2 2.03 
-1.55 -1.64 -1.55 -2.14 -1.34 -1.55 -1.37 -1.69 -1.06 -1.27 -1.12 -1.38 -0.71 -0.97 -0.72 -1.15 -0.36 -0.58 -0.44 -0.99 -0.34 -0.57 -0.24 -0.64 0.05 0.07 0.06 -0.2 0.43 0.36 0.55 0.41 1.19 0.99 1.07 0.79 1.42 1.29 1.38 0.94 1.55 1.52 1.62 1.35 2 1.79 1.99 1.49 2.07 1.98 2.12 1.57 2.21 2.11 2.22 1.78 2.48 2.27 2.46 1.95 2.56 2.47 2.59 2.09 2.79 2.75 2.84 2.09 2.78 2.57 2.87 2.44 
-1.44 -0.99 -1.28 -0.79 -1.42 -0.84 -1.15 -0.75 -1 -0.4 -0.74 -0.36 -0.73 -0.17 -0.42 -0.05 -0.39 -0.04 -0.31 -0.03 -0.47 0.23 -0.15 0.23 -0.17 0.53 0.16 0.64 0.17 0.89 0.55 1.09 0.72 1.42 0.95 1.32 0.98 1.69 1.24 1.44 1.25 1.89 1.43 1.94 1.53 2.06 1.9 2.03 1.57 2.19 1.87 2.15 1.59 2.18 1.9 2.33 1.79 2.39 2.11 2.35 1.75 2.41 2.03 2.39 1.8 2.49 2.13 2.38 1.91 2.52 2.07 2.49 
-1.82 -1.77 -2.07 -2.2 -1.84 -1.59 -1.75 -2.02 -1.57 -1.24 -1.52 -1.83 -1.36 -1.01 -1.14 -1.28 -0.78 -0.53 -0.8 -0.91 -0.35 -0.11 -0.31 -0.76 -0.35 -0.04 -0.16 -0.36 0.19 0.54 0.17 -0.15 0.42 0.76 0.54 0.54 0.84 1.22 0.94 0.65 1.26 1.56 1.45 1.16 1.56 1.86 1.75 1.64 2.03 2.33 1.96 1.6 1.89 2.22 1.92 1.86 2.28 2.33 2.27 1.89 2.38 2.48 2.33 1.97 2.4 2.49 2.3 1.93 2.41 2.61 2.42 1.79 
-2.55 -2.25 -2.55 -2.67 -2.36 -2.02 -2.32 -2.27 -2.13 -1.77 -1.86 -2.22 -1.72 -1.54 -1.69 -1.75 -1.27 -1.1 -1.12 -1.34 -0.89 -0.69 -0.76 -1.15 -0.79 -0.48 -0.53 -0.58 -0.35 0.04 -0.1 -0.23 0.13 0.34 0.45 0.41 0.66 1.09 1.02 0.63 0.99 1.35 1.34 1.04 1.49 1.81 1.7 1.46 1.76 2.12 1.94 1.44 1.88 2.08 2.05 1.83 2.13 2.38 2.46 2.04 2.33 2.66 2.41 2.2 2.51 2.81 2.67 2.4 2.73 2.97 2.84 2.42 
-2.24 -2.91 -2.63 -1.79 -1.7 -2.59 -2.13 -1.37 -1.34 -2.08 -1.77 -1.18 -1.01 -1.79 -1.49 -0.69 -0.52 -1.37 -0.94 -0.16 -0.24 -0.94 -0.53 -0.06 -0.03 -0.8 -0.33 0.59 0.55 -0.15 0.28 0.89 0.94 0.23 0.73 1.44 1.66 0.83 1.23 1.92 2.03 1.06 1.61 2.17 2.3 1.52 1.85 2.55 2.6 1.86 2.3 2.48 2.58 1.86 2.08 2.78 2.79 2.05 2.34 2.88 3.02 2.16 2.47 2.85 3.01 2.32 2.64 3.02 3.06 2.32 2.72 3.04 
-1.05 -0.86 -1.34 -1.4 -0.71 -0.4 -0.92 -0.82 -0.28 -0.05 -0.47 -0.63 0.02 0.24 -0.34 -0.16 0.46 0.85 0.07 0.12 0.68 1.05 0.42 0.2 0.92 1.14 0.69 0.75 1.42 1.76 1.16 0.98 1.75 2.05 1.49 1.52 2.14 2.51 1.9 1.84 2.45 2.7 2.19 2.08 2.67 2.91 2.42 2.22 2.94 3.01 2.46 1.98 2.6 2.76 2.26 2.28 2.84 3.06 2.44 2.32 2.79 2.96 2.33 2.21 2.67 3.09 2.37 2.27 2.87 3.04 2.43 2 
-1.02 -0.76 -1.51 -0.83 -0.6 -0.43 -1.12 -0.44 -0.37 -0.25 -0.9 -0.26 -0.19 -0.07 -0.73 0.08 0.21 0.4 -0.28 0.26 0.43 0.63 -0.08 0.37 0.53 0.64 0.06 0.83 1.15 1.22 0.44 1.19 1.38 1.43 0.89 1.78 1.92 2.02 1.44 2.06 2.16 2.34 1.75 2.3 2.51 2.64 2 2.56 2.74 2.82 2.22 2.49 2.75 2.66 2.1 2.73 2.78 2.8 2.27 2.7 2.73 2.79 2.26 2.68 2.8 2.87 2.24 2.72 2.84 2.89 2.27 2.66 
-1.07 -1.13 -1.55 -1.22 -0.7 -0.74 -1.07 -0.87 -0.38 -0.23 -0.8 -0.61 -0.09 -0.18 -0.56 -0.22 0.24 0.2 -0.2 0.13 0.57 0.51 0.13 0.1 0.56 0.68 0.19 0.53 1.12 0.99 0.66 0.8 1.43 1.33 0.92 1.29 1.91 1.82 1.38 1.53 2.12 2.2 1.78 1.84 2.29 2.41 1.9 2.04 2.6 2.57 2.08 1.9 2.46 2.4 1.95 2.08 2.64 2.64 2.09 2.18 2.71 2.55 2.18 2.23 2.64 2.62 2.19 2.12 2.64 2.6 2.15 2.12 
-2.27 -2.34 -2.38 -2.09 -2.02 -2.14 -2.12 -1.89 -1.71 -1.86 -1.93 -1.6 -1.38 -1.47 -1.54 -1.19 -1.03 -1.12 -1.27 -1.03 -0.64 -0.82 -0.86 -0.91 -0.66 -0.7 -0.86 -0.45 -0.26 -0.37 -0.38 -0.19 0.09 0.07 -0.11 0.51 0.61 0.68 0.52 0.91 1.04 0.88 1 1.27 1.56 1.4 1.44 1.58 1.95 1.84 1.74 1.8 1.96 1.81 1.96 2.15 2.33 2.3 2.07 2.27 2.47 2.31 2.28 2.5 2.62 2.46 2.46 2.57 2.7 2.58 2.54 2.49 
-2.12 -1.64 -2.31 -1.71 -1.65 -1.27 -1.77 -1.3 -1.35 -0.84 -1.45 -1.04 -1.16 -0.7 -1.27 -0.68 -0.76 -0.28 -0.88 -0.35 -0.54 0.03 -0.66 -0.41 -0.63 -0.13 -0.81 -0.18 -0.29 0.31 -0.45 -0.12 -0.13 0.28 -0.13 0.46 0.34 0.86 0.18 0.74 0.62 1.06 0.53 1.14 1.11 1.64 1.02 1.45 1.48 1.89 1.41 1.53 1.47 2.01 1.38 2.07 1.87 2.28 1.76 2.17 2.09 2.44 1.99 2.35 2.21 2.59 1.96 2.32 2.19 2.52 2 2.15 
-1.74 -1.63 -1.73 -2.62 -1.76 -1.63 -1.7 -2.4 -1.48 -1.28 -1.36 -2.04 -1.11 -0.95 -0.89 -1.67 -0.75 -0.78 -0.6 -1.32 -0.4 -0.26 -0.19 -1.18 -0.42 -0.2 -0.05 -0.91 0.17 0.21 0.29 -0.27 0.55 0.77 0.82 -0.14 0.91 1.06 0.96 0.25 1.3 1.41 1.45 0.56 1.58 1.63 1.77 0.99 1.83 2.01 2.07 1.09 1.88 2.01 2.21 1.23 2.22 2.26 2.26 1.41 2.2 2.32 2.34 1.6 2.46 2.56 2.51 1.51 2.24 2.28 2.42 1.42 
-2.16 -2.01 -2.44 -2.71 -2.05 -1.99 -2.36 -2.48 -1.73 -1.68 -2 -2.03 -1.35 -1.2 -1.62 -1.73 -1.04 -0.83 -1.2 -1.32 -0.59 -0.49 -0.79 -1.17 -0.28 -0.25 -0.52 -0.64 0.11 0.19 -0.14 0.05 0.74 0.99 0.55 0.19 0.89 1.25 0.79 0.62 1.36 1.58 1.25 1.04 1.66 1.86 1.58 1.41 1.91 2.25 1.93 1.57 2.16 2.27 1.94 1.89 2.52 2.62 2.19 1.95 2.58 2.67 2.36 2.28 2.94 3.13 2.74 2.24 2.84 3.01 2.66 2.34 
-1.65 -2.55 -3.12 -2.3 -1.47 -2.18 -2.78 -1.89 -1.06 -1.81 -2.49 -1.32 -0.51 -1.29 -1.9 -1.05 -0.13 -1.05 -1.72 -0.69 0.3 -0.56 -1.12 -0.32 0.57 -0.25 -0.94 0.01 0.99 0.23 -0.44 0.91 1.63 0.82 0.29 0.96 2.05 1.14 0.54 1.51 2.48 1.52 1.06 1.94 2.76 2 1.37 2.21 3.14 2.19 1.59 2.42 3.09 2.26 1.69 2.54 3.32 2.6 2 2.51 3.54 2.63 2.07 2.95 3.71 2.95 2.27 2.77 3.62 2.76 2.22 2.86 
-1.27 -1.06 -0.94 -1.31 -1.03 -0.91 -0.77 -0.88 -0.66 -0.35 -0.41 -0.31 -0.15 0.01 0.08 -0.1 0.12 0.37 0.37 0.15 0.54 0.83 0.81 0.34 0.72 0.98 0.95 0.74 1.08 1.34 1.34 1.38 1.7 1.99 2.05 1.65 1.89 2.03 2.02 1.93 2.19 2.33 2.44 2.07 2.46 2.58 2.58 2.32 2.55 2.77 2.7 2.23 2.6 2.6 2.66 2.41 2.57 2.8 2.73 2.43 2.54 2.64 2.63 2.36 2.72 2.95 2.83 2.14 2.5 2.68 2.63 2.11 
-0.93 -1.29 -1.11 -0.76 -0.82 -1.07 -1.09 -0.47 -0.46 -0.67 -0.56 -0.01 -0.03 -0.23 -0.08 0.18 0.38 0.07 0.22 0.57 0.56 0.38 0.56 0.78 0.87 0.6 0.8 1.17 1.13 0.98 1.17 1.72 1.78 1.47 1.77 1.87 1.95 1.77 1.86 2.18 2.34 1.99 2.2 2.48 2.54 2.11 2.3 2.54 2.6 2.17 2.32 2.39 2.49 2.19 2.19 2.57 2.6 2.34 2.41 2.5 2.52 2.22 2.46 2.74 2.72 2.41 2.55 2.5 2.57 2.27 2.39 2.36 
-0.91 -1.16 -1.18 -1.72 -0.64 -0.94 -0.99 -1.1 -0.13 -0.59 -0.62 -0.84 0.3 -0.05 -0.05 -0.49 0.51 0.3 0.27 -0.21 0.86 0.49 0.45 -0.07 0.95 0.62 0.71 0.18 1.27 0.92 0.96 0.79 1.88 1.51 1.51 0.95 2.06 1.71 1.57 1.28 2.34 2 1.93 1.55 2.54 2.31 2.21 1.79 2.81 2.41 2.39 1.7 2.62 2.41 2.26 1.96 2.85 2.51 2.38 2.01 2.81 2.53 2.32 2.1 3.1 2.68 2.64 1.71 2.69 2.45 2.41 1.73 
-1.9 -2.13 -2.22 -2.06 -1.88 -2.03 -2.06 -1.8 -1.56 -1.64 -1.84 -1.25 -1.11 -1.24 -1.33 -1.13 -0.83 -0.92 -1.02 -0.68 -0.53 -0.78 -0.75 -0.51 -0.41 -0.46 -0.61 -0.28 -0.02 -0.22 -0.19 0.3 0.48 0.47 0.42 0.47 0.75 0.58 0.6 1 1.23 1.03 1.06 1.38 1.54 1.53 1.43 1.68 1.89 1.82 1.79 1.87 2.01 1.97 1.91 2.25 2.3 2.18 2.12 2.33 2.44 2.22 2.29 2.55 2.76 2.58 2.48 2.38 2.57 2.37 2.4 2.35 
-1.19 -1.16 -1.65 -1.82 -1.14 -0.97 -1.6 -1.41 -0.78 -0.63 -1.03 -1.02 -0.3 -0.16 -0.7 -0.83 -0.05 0.01 -0.45 -0.53 0.15 0.24 -0.21 -0.44 0.24 0.36 -0.2 -0.3 0.51 0.53 0.09 0.15 0.86 1.06 0.5 0.18 1.05 1.17 0.65 0.56 1.44 1.67 1.14 1.02 1.76 2 1.43 1.38 2.12 2.36 1.77 1.38 2.25 2.27 1.76 1.85 2.52 2.6 2.04 1.88 2.58 2.7 2.08 1.98 2.67 2.76 2.25 1.73 2.48 2.58 2.14 1.67 
-2.46 -2.38 -3.05 -2.83 -2.21 -2.17 -2.83 -2.46 -2.02 -1.8 -2.49 -2.42 -1.79 -1.66 -2.38 -2.29 -1.59 -1.5 -2.31 -1.96 -1.32 -1.2 -1.79 -1.68 -1.21 -1.02 -1.56 -1.43 -0.75 -0.49 -1.24 -0.97 -0.46 -0.13 -0.77 -0.65 -0.02 0.14 -0.37 -0.31 0.24 0.49 -0.14 -0.12 0.49 0.69 0.16 0.31 0.93 1.2 0.61 0.64 1.38 1.37 0.84 1.03 1.76 1.97 1.34 1.36 1.99 2.15 1.66 1.67 2.23 2.39 1.87 1.9 2.31 2.51 1.88 1.99 
-3.52 -3.71 -3.94 -3.61 -3.22 -3.64 -4 -3.35 -3.09 -3.35 -3.73 -3.32 -3.05 -3.2 -3.61 -3.11 -2.69 -2.93 -3.27 -2.77 -2.55 -2.68 -3 -2.7 -2.34 -2.55 -2.98 -2.54 -2.18 -2.38 -2.65 -1.93 -1.64 -1.83 -2.28 -1.96 -1.46 -1.72 -2.23 -1.63 -1.3 -1.39 -1.67 -1.29 -0.78 -0.96 -1.27 -0.77 -0.38 -0.45 -0.76 -0.57 -0.05 -0.14 -0.55 -0.11 0.37 0.29 -0.07 0.36 0.69 0.55 0.08 0.57 1.07 0.95 0.57 0.93 1.31 1.24 0.99 1.47 
-2.93 -3.38 -3.45 -3.17 -2.61 -3.11 -3.17 -2.82 -2.19 -2.64 -2.69 -2.62 -1.99 -2.3 -2.49 -2.14 -1.59 -1.85 -2.04 -1.73 -1.19 -1.59 -1.56 -1.46 -0.78 -1.41 -1.41 -1.17 -0.49 -0.86 -0.93 -0.75 0.05 -0.37 -0.47 -0.21 0.45 -0.02 0.14 0.24 0.83 0.5 0.55 0.55 1.19 0.82 0.67 1.11 1.72 1.35 1.28 1.33 2.07 1.55 1.46 1.79 2.3 1.95 1.89 1.92 2.47 2.19 1.93 2.18 2.7 2.26 2.28 2.29 2.8 2.27 2.34 2.45 
-1.69 -2.31 -2.44 -2.21 -1.33 -1.98 -2.14 -1.79 -1.06 -1.58 -1.84 -1.62 -0.63 -1.18 -1.4 -1.25 -0.32 -0.89 -1.06 -0.79 0.03 -0.5 -0.66 -0.63 0.4 -0.25 -0.43 -0.1 0.84 0.22 -0.1 0.28 1.22 0.81 0.42 0.64 1.71 1.04 0.79 1.05 1.99 1.45 1.21 1.24 2.28 1.68 1.45 1.87 2.68 2.06 1.79 1.86 2.72 2.12 1.98 2.16 3.05 2.43 2.18 2.28 3.15 2.54 2.25 2.48 3.11 2.65 2.35 2.43 3.19 2.53 2.29 2.47 
-1.65 -2.04 -2.6 -1.63 -1.55 -1.72 -2.27 -1.42 -0.99 -1.26 -1.89 -1.07 -0.8 -0.99 -1.5 -0.73 -0.3 -0.79 -1.22 -0.47 -0.07 -0.37 -0.86 -0.16 0.16 -0.31 -0.6 0.11 0.56 0.23 -0.29 0.6 0.9 0.63 0.27 0.92 1.31 1 0.68 1.29 1.62 1.39 1.01 1.42 1.73 1.52 1.02 1.82 2.26 1.9 1.58 2.03 2.5 2.13 1.64 2.26 2.63 2.33 1.87 2.29 2.71 2.4 1.94 2.49 2.88 2.61 2.04 2.48 2.81 2.46 2.18 2.76 
-2 -2.02 -2.29 -2.21 -1.93 -1.82 -2 -1.99 -1.39 -1.46 -1.45 -1.52 -1.2 -1.03 -1.32 -1.12 -0.77 -0.6 -0.79 -0.82 -0.46 -0.41 -0.63 -0.61 -0.33 -0.1 -0.36 -0.28 0.04 0.18 0.05 0.13 0.42 0.61 0.32 0.32 0.7 0.84 0.59 0.61 0.98 1.12 0.85 0.82 1.2 1.35 1.17 1.3 1.6 1.79 1.58 1.48 1.95 2.03 1.8 1.83 2.12 2.24 1.92 1.85 2.19 2.42 2.14 2.05 2.44 2.53 2.21 2.1 2.34 2.47 2.28 2.19 
-2.06 -2.81 -2.93 -2.83 -1.92 -2.63 -2.7 -2.61 -1.66 -2.47 -2.52 -2.5 -1.35 -2.15 -2.37 -2.16 -1.13 -1.94 -1.97 -1.94 -0.92 -1.65 -1.7 -1.76 -0.6 -1.47 -1.56 -1.5 -0.43 -1.12 -1.18 -1.18 0.06 -0.78 -0.83 -0.9 0.36 -0.45 -0.62 -0.61 0.61 -0.22 -0.13 -0.43 0.87 0.09 0.12 0.25 1.46 0.57 0.56 0.4 1.67 0.88 0.96 0.95 2.1 1.41 1.26 1.2 2.3 1.52 1.54 1.57 2.7 1.92 1.76 1.56 2.82 2.01 1.92 1.88 
-2.08 -2.24 -2.2 -2.42 -2.01 -2.13 -2.13 -2.24 -1.82 -1.97 -1.82 -2.02 -1.49 -1.68 -1.65 -1.53 -1.11 -1.31 -1.35 -1.42 -0.89 -1.06 -1.05 -1.11 -0.71 -0.76 -0.92 -0.91 -0.33 -0.4 -0.51 -0.46 -0.09 -0.14 -0.2 -0.21 0.18 0 0.05 -0.1 0.41 0.33 0.33 0.18 0.63 0.53 0.53 0.58 1.19 1.11 1.05 0.85 1.4 1.24 1.25 1.14 1.84 1.78 1.57 1.37 1.97 1.9 1.89 1.68 2.18 2.04 2.12 1.67 2.19 2.2 2.16 1.99 
-3.21 -2.89 -3.7 -3.53 -3.09 -2.78 -3.59 -3.26 -2.74 -2.5 -3.27 -2.84 -2.43 -2.31 -3.05 -2.49 -2.13 -1.88 -2.61 -2.51 -2.14 -1.86 -2.66 -2.36 -1.91 -1.78 -2.56 -2.2 -1.77 -1.42 -2.32 -1.93 -1.55 -1.28 -1.96 -1.67 -1.25 -0.95 -1.55 -1.39 -0.88 -0.49 -1.36 -0.94 -0.45 -0.2 -0.81 -0.6 -0.05 0.19 -0.51 -0.27 0.23 0.56 -0.24 0.32 0.86 1.13 0.4 0.64 0.99 1.39 0.73 1.13 1.7 2.12 1.33 1.32 1.76 2.17 1.23 1.52 
-3.13 -3.55 -3.71 -3.68 -2.92 -3.39 -3.67 -3.42 -2.73 -3.22 -3.38 -3.25 -2.53 -2.99 -3.26 -2.97 -2.25 -2.74 -2.88 -2.96 -2.22 -2.68 -2.85 -2.76 -2.19 -2.7 -2.8 -2.56 -1.78 -2.31 -2.31 -2.38 -1.65 -2.03 -2.19 -1.98 -1.23 -1.65 -1.71 -1.75 -0.91 -1.28 -1.46 -1.31 -0.47 -0.95 -1.04 -0.91 -0.35 -0.64 -0.7 -0.67 0.14 -0.25 -0.24 0.14 0.87 0.48 0.46 0.37 1.42 0.83 0.73 1.05 1.83 1.43 1.28 1.09 2.01 1.4 1.43 1.48 
-3.35 -3.39 -3.55 -3.54 -3.26 -3.44 -3.55 -3.48 -3.27 -3.35 -3.47 -3.27 -3.04 -3.15 -3.26 -2.92 -2.78 -2.73 -2.86 -2.81 -2.5 -2.64 -2.78 -2.46 -2.25 -2.22 -2.38 -2.04 -1.82 -1.86 -1.9 -1.78 -1.51 -1.47 -1.56 -1.41 -1.04 -1.06 -1.07 -1.1 -0.84 -0.81 -0.89 -0.73 -0.35 -0.4 -0.32 -0.28 0.12 0.15 0.09 0.29 0.46 0.51 0.53 0.91 1.4 1.22 1.32 1.13 1.63 1.56 1.69 1.86 2.08 2.18 2.2 1.9 2.26 2.13 2.12 2.03 
-2.31 -2.15 -3.07 -2.72 -2.33 -2.13 -3.06 -2.48 -2.16 -1.96 -2.96 -2.32 -2.05 -1.8 -2.67 -2.09 -1.6 -1.27 -2.2 -1.84 -1.39 -1.12 -2.07 -1.39 -1.08 -0.68 -1.66 -1.06 -0.61 -0.21 -1.15 -0.76 -0.36 -0.1 -1.06 -0.44 -0.05 0.22 -0.52 -0.18 0.23 0.51 -0.42 0.17 0.53 0.87 0.01 0.46 0.9 1.28 0.62 1.02 1.36 1.8 0.8 1.42 1.87 2.39 1.49 1.66 2.22 2.59 1.64 2.19 2.63 2.96 1.99 2.15 2.62 2.92 1.99 2.28 
-1.96 -2.44 -2.92 -2.17 -1.94 -2.35 -2.95 -2.09 -2 -2.27 -2.76 -1.91 -1.8 -1.99 -2.6 -1.48 -1.33 -1.59 -1.98 -1.28 -1.28 -1.48 -1.95 -1.06 -0.9 -1.08 -1.72 -0.71 -0.45 -0.74 -1.2 -0.62 -0.32 -0.61 -1.14 -0.16 -0.06 -0.3 -0.64 0 0.14 0.02 -0.6 0.27 0.5 0.2 -0.14 0.72 0.82 0.57 0.06 0.88 1.2 0.97 0.52 1.53 1.85 1.73 1.23 1.8 1.97 1.83 1.38 2.26 2.53 2.4 1.83 2.44 2.6 2.31 1.79 2.51 
-2.14 -1.78 -2.47 -2.67 -2.12 -1.77 -2.58 -2.6 -2.01 -1.7 -2.48 -2.44 -1.82 -1.52 -2.28 -2.07 -1.29 -1.18 -1.82 -2.02 -1.28 -0.96 -1.74 -1.82 -1.07 -0.64 -1.37 -1.37 -0.58 -0.21 -0.94 -1.15 -0.3 0 -0.71 -0.67 0.04 0.33 -0.32 -0.63 0.13 0.54 -0.35 -0.32 0.42 0.86 0.06 -0.06 0.69 1.13 0.42 0.17 0.96 1.39 0.5 0.77 1.65 2 1.25 0.94 1.77 2.12 1.52 1.52 2.33 2.69 1.94 1.56 2.22 2.54 1.96 1.71 
-2.65 -2.58 -3.08 -3.05 -2.58 -2.61 -2.93 -2.95 -2.38 -2.51 -2.79 -2.72 -2.36 -2.32 -2.73 -2.63 -2.06 -2.2 -2.46 -2.64 -1.94 -2.06 -2.51 -2.47 -1.74 -1.82 -2.12 -2.16 -1.58 -1.5 -1.86 -1.97 -1.27 -1.37 -1.62 -1.56 -0.91 -0.84 -1.25 -1.32 -0.75 -0.73 -1.04 -0.99 -0.41 -0.43 -0.69 -0.74 -0.13 -0.19 -0.49 -0.55 0.19 0.17 -0.23 0.1 0.81 0.87 0.5 0.51 1.04 1.11 0.76 1.03 1.76 1.79 1.39 1.11 1.68 1.67 1.37 1.44 
-2.19 -2.36 -2.62 -2.38 -2.04 -2.34 -2.42 -2.34 -2.05 -2.19 -2.36 -1.96 -1.75 -1.9 -2.21 -1.72 -1.62 -1.65 -1.84 -1.76 -1.55 -1.71 -1.88 -1.64 -1.34 -1.48 -1.57 -1.33 -1.06 -1.21 -1.22 -1.03 -0.77 -0.83 -0.84 -0.6 -0.33 -0.42 -0.75 -0.49 -0.2 -0.3 -0.44 -0.24 0.09 -0.07 -0.17 0.01 0.31 0.08 0.16 0.27 0.51 0.47 0.33 0.71 0.97 1.05 0.84 1.01 1.28 1.2 1.08 1.52 1.77 1.65 1.59 1.47 1.89 1.8 1.62 1.74 
-2.79 -2.6 -2.94 -2.77 -2.57 -2.4 -2.59 -2.81 -2.52 -2.55 -2.76 -2.44 -2.16 -2.1 -2.4 -1.96 -1.74 -1.66 -1.94 -1.93 -1.63 -1.59 -1.77 -1.78 -1.47 -1.46 -1.72 -1.57 -1.41 -1.37 -1.46 -1 -0.79 -0.67 -0.9 -0.77 -0.51 -0.38 -0.6 -0.62 -0.22 -0.25 -0.31 -0.17 0.26 0.35 0.32 0.41 0.58 0.74 0.51 0.57 0.84 0.98 0.81 0.9 1.27 1.24 1.17 1.22 1.68 1.7 1.66 1.73 2.09 1.96 1.94 1.73 1.97 2.08 1.83 1.74 
-2.99 -2.62 -3.42 -3.53 -3.04 -2.48 -3.34 -3.5 -3.03 -2.56 -3.42 -3.26 -2.66 -2.37 -3.11 -2.92 -2.35 -1.69 -2.56 -2.73 -2.07 -1.61 -2.36 -2.49 -1.77 -1.25 -2.2 -2.48 -1.78 -1.08 -2.02 -1.78 -0.95 -0.5 -1.39 -1.39 -0.71 -0.16 -1.01 -1.2 -0.33 -0.02 -0.63 -0.61 0.12 0.7 -0.03 -0.17 0.52 1.14 0.27 0.09 0.85 1.51 0.64 0.45 1.21 1.73 0.98 1.05 1.72 2.17 1.48 1.44 2.1 2.6 1.7 1.48 2.08 2.71 1.83 1.52 
-2.82 -3.69 -3.4 -3.54 -2.76 -3.64 -3.3 -3.51 -2.77 -3.63 -3.32 -3.24 -2.29 -3.18 -2.84 -2.41 -1.62 -2.59 -2.19 -2.35 -1.43 -2.36 -1.9 -1.99 -1.12 -2.11 -1.62 -2.01 -0.96 -1.82 -1.52 -1.19 -0.18 -1.02 -0.8 -0.79 0.09 -0.76 -0.35 -0.46 0.41 -0.38 0.06 0.15 1.12 0.23 0.71 0.55 1.52 0.66 1.2 0.93 1.75 0.97 1.24 1.23 2.08 1.18 1.64 1.57 2.6 1.72 2.11 1.95 2.68 2.04 2.23 2.01 2.93 1.99 2.44 2 
-2.16 -2.28 -2.73 -2.63 -1.98 -2.04 -2.57 -2.8 -1.97 -1.92 -2.46 -2.14 -1.5 -1.52 -2.06 -1.68 -0.94 -0.99 -1.37 -1.31 -0.65 -0.58 -1.15 -0.97 -0.19 -0.25 -0.76 -1.03 -0.19 -0.37 -0.84 -0.33 0.46 0.48 -0.04 0.02 0.7 0.64 0.26 0.23 0.96 1.01 0.64 0.78 1.51 1.52 1.15 1.1 1.84 1.93 1.38 1.17 1.97 2.02 1.61 1.57 2.29 2.24 1.82 2.04 2.71 2.66 2.3 2.3 2.97 2.94 2.43 2.17 2.84 2.81 2.31 2.03 
-1.89 -1.85 -2.27 -2.37 -1.74 -1.85 -2.11 -2.59 -1.73 -1.86 -1.99 -1.97 -1.31 -1.44 -1.6 -1.45 -0.81 -0.65 -1.02 -1.21 -0.55 -0.63 -0.71 -1.03 -0.36 -0.2 -0.52 -0.98 -0.19 -0.36 -0.38 -0.27 0.52 0.46 0.21 -0.08 0.71 0.75 0.59 0.19 1 0.94 0.75 0.7 1.44 1.53 1.27 1.05 1.86 1.75 1.56 1.27 2.02 2.05 1.78 1.57 2.26 2.22 2.03 1.92 2.64 2.63 2.28 2.11 2.8 2.76 2.59 2.06 2.71 2.73 2.34 1.89 
-2.18 -2.13 -2.23 -2.23 -1.9 -1.96 -2.08 -2.32 -1.98 -2.1 -2.15 -1.88 -1.59 -1.59 -1.6 -1.38 -1.1 -0.88 -1.1 -1.03 -0.75 -0.75 -0.88 -0.8 -0.49 -0.54 -0.45 -0.72 -0.6 -0.39 -0.54 -0.23 0.14 0.13 0.14 0.04 0.42 0.26 0.36 0.2 0.56 0.55 0.42 0.65 0.85 0.86 0.86 1.1 1.2 1.3 1.19 1.12 1.48 1.52 1.53 1.44 1.75 1.77 1.74 1.88 2.22 2.13 2.06 2.2 2.5 2.45 2.35 2.16 2.35 2.42 2.28 2.02 
-2.34 -2.52 -2.61 -2.33 -2.3 -2.35 -2.58 -2.43 -2.25 -2.46 -2.53 -2.25 -2.13 -2.17 -2.31 -1.75 -1.59 -1.75 -1.82 -1.54 -1.37 -1.5 -1.65 -1.46 -1.23 -1.33 -1.31 -1.34 -1.32 -1.32 -1.35 -0.64 -0.54 -0.53 -0.76 -0.46 -0.41 -0.28 -0.43 -0.4 -0.09 -0.27 -0.26 0.12 0.31 0.26 0.11 0.59 0.55 0.68 0.66 0.71 0.91 0.84 0.77 1.04 1.23 1.19 1.12 1.56 1.74 1.65 1.62 1.88 2.02 2.12 2.04 1.95 2.16 2.1 1.95 1.9 
-2.54 -1.7 -2.05 -2.22 -2.45 -1.55 -2.04 -2.3 -2.44 -1.63 -1.97 -1.9 -2.17 -1.32 -1.59 -1.4 -1.6 -0.7 -1.15 -1.28 -1.5 -0.53 -0.95 -1.07 -1.31 -0.34 -0.67 -1.06 -1.29 -0.28 -0.69 -0.49 -0.66 0.24 -0.03 -0.18 -0.43 0.49 0.06 -0.13 -0.29 0.77 0.32 0.24 0.08 1.17 0.55 0.66 0.4 1.34 0.97 0.73 0.53 1.58 1.05 1.11 0.88 1.89 1.49 1.46 1.32 2.29 1.94 1.78 1.72 2.47 2.16 1.95 1.68 2.49 2.12 1.78 
