0.81 0.83 0.51 0 1.29 1.24 0.92 0.22 1.41 1.61 1.2 0.28 1.47 1.47 1.31 0.66 2.05 2.05 1.66 0.66 2.01 2.09 1.73 1.16 2.46 2.41 2.13 1.16 2.49 2.5 2.13 1.47 2.78 2.78 2.38 1.67 2.86 2.83 2.55 1.58 2.87 2.88 2.44 1.56 2.87 2.86 2.52 1.62 2.87 2.86 2.51 1.68 2.86 3.01 2.58 1.66 2.9 3.04 2.7 1.89 3.19 3.15 2.88 2.23 3.51 3.53 3.08 2.08 3.29 3.22 3.05 2.05 
-0.23 0.16 0.52 -0.35 0.26 0.74 1.04 0.04 0.68 1.1 1.39 0.39 0.87 1.22 1.6 0.76 1.51 1.92 2.11 1.11 1.5 1.84 2.21 1.28 1.95 2.15 2.58 1.58 2.04 2.4 2.55 1.62 2.32 2.63 2.87 1.96 2.51 2.9 3.18 2.18 2.65 2.94 3.32 2.32 2.84 3.18 3.53 2.53 2.98 3.19 3.53 2.53 3.16 3.5 3.77 2.77 3.21 3.46 3.79 2.79 3.39 3.67 3.83 2.99 3.68 3.98 4.28 3.28 3.43 3.79 4.11 3.11 
0.44 0.24 0.58 0.81 1.06 0.78 1.13 1.02 1.33 1.17 1.54 1.04 1.45 1.28 1.64 1.76 2.1 1.88 2.18 1.72 2 1.79 2.16 2.05 2.35 2.1 2.42 2.12 2.39 2.2 2.46 2.42 2.58 2.37 2.69 2.56 2.81 2.57 2.82 2.58 2.87 2.66 2.95 2.59 2.84 2.83 3.02 2.65 3.06 2.84 3.09 2.9 3.13 2.83 3.29 3.04 3.29 3.08 3.36 3.16 3.45 3.29 3.59 3.35 3.69 3.49 3.87 3.29 3.61 3.33 3.58 3.21 
1.42 1.33 1.26 1.69 1.9 1.84 1.69 1.86 2.15 2.15 1.88 1.97 2.18 2.31 2 2.34 2.65 2.6 2.4 2.23 2.5 2.34 2.2 2.45 2.67 2.62 2.35 2.43 2.59 2.56 2.22 2.57 2.89 2.6 2.44 2.61 2.71 2.66 2.5 2.47 2.58 2.56 2.45 2.54 2.72 2.63 2.41 2.39 2.72 2.6 2.5 2.5 2.72 2.67 2.46 2.54 2.71 2.68 2.53 2.7 2.88 2.72 2.69 2.88 3.08 3.11 2.86 2.64 2.82 2.73 2.56 2.56 
1.24 1.63 0.96 1.48 1.71 2.07 1.59 1.61 1.88 2.41 1.7 1.76 1.88 2.33 1.6 2.2 2.45 2.74 2.14 2.03 2.23 2.44 1.95 2.29 2.39 2.71 2.12 2.13 2.35 2.49 1.91 2.33 2.41 2.7 2.08 2.26 2.46 2.81 2.33 2.28 2.54 2.85 2.22 2.3 2.52 2.84 2.24 2.33 2.52 2.78 2.28 2.28 2.55 2.91 2.35 2.33 2.61 2.92 2.36 2.47 2.68 2.94 2.38 2.64 2.79 3.12 2.54 2.37 2.59 2.92 2.38 2.31 
0.96 1.17 0.87 1.2 1.27 1.53 1.34 1.35 1.61 1.89 1.54 1.45 1.53 1.83 1.54 2.01 2.04 2.32 2.01 1.84 1.98 2.19 1.93 1.97 2.17 2.44 2.19 1.99 2.15 2.33 2 2.27 2.25 2.51 2.13 2.36 2.37 2.58 2.32 2.19 2.28 2.43 2.2 2.22 2.33 2.55 2.27 2.21 2.37 2.56 2.36 2.43 2.49 2.62 2.47 2.43 2.53 2.69 2.47 2.39 2.63 2.84 2.59 2.71 2.92 3.04 2.82 2.58 2.58 2.85 2.56 2.52 
-0.02 -0.17 -0.11 0.43 0.62 0.41 0.48 0.64 0.89 0.67 0.77 0.81 1.04 0.78 0.9 1.47 1.67 1.37 1.58 1.42 1.71 1.49 1.44 2.01 2.11 1.86 1.93 1.98 2.17 1.94 2.06 2.35 2.49 2.32 2.39 2.63 2.73 2.46 2.54 2.58 2.72 2.51 2.53 2.64 2.83 2.55 2.61 2.72 2.86 2.59 2.66 2.88 3.05 2.66 2.83 2.98 3.05 2.83 2.82 3.06 3.22 3 3.02 3.37 3.52 3.27 3.31 3.24 3.4 3.14 3.15 3.21 
0.53 0.48 0.03 0.77 1.03 0.83 0.48 0.88 1.32 1.11 0.62 1.14 1.27 1.29 0.8 1.65 1.98 1.7 1.25 1.46 1.73 1.72 1.21 1.96 2.13 2.06 1.56 1.91 2.14 2.03 1.63 2.27 2.46 2.2 1.84 2.38 2.55 2.48 1.91 2.33 2.6 2.42 1.97 2.33 2.57 2.45 1.9 2.18 2.51 2.33 1.89 2.42 2.64 2.38 2.03 2.37 2.53 2.52 2.07 2.58 2.81 2.86 2.19 2.91 3.17 2.92 2.5 2.79 2.95 2.96 2.5 2.8 
-0.48 -0.58 -0.91 -0.54 -0.22 -0.19 -0.51 -0.12 0.26 0.13 -0.36 0.26 0.43 0.58 0.07 0.52 0.82 0.72 0.29 0.76 1.08 1.06 0.6 1.02 1.36 1.24 0.82 1.21 1.48 1.56 1.09 1.75 1.94 1.88 1.52 2 2.3 2.18 1.81 2.03 2.35 2.21 1.79 2.23 2.49 2.33 1.99 2.27 2.43 2.42 2.01 2.15 2.48 2.33 1.94 2.15 2.43 2.33 1.85 2.46 2.68 2.64 2.23 2.46 2.65 2.65 2.28 2.52 2.9 2.72 2.36 2.72 
-1.22 -0.62 -1.24 -1.11 -1.2 -0.53 -1.01 -0.75 -0.63 -0.09 -0.76 -0.34 -0.33 0.37 -0.29 0.08 0.05 0.75 0.1 0.54 0.46 1.13 0.53 0.76 0.86 1.46 0.88 1.09 1.07 1.68 1.05 1.46 1.5 2.15 1.61 1.86 1.87 2.42 1.82 1.84 1.92 2.53 1.78 2.1 2.09 2.62 2.06 2.29 2.35 2.82 2.35 2.34 2.4 2.85 2.37 2.51 2.52 3.05 2.46 2.98 3 3.56 2.84 2.99 2.92 3.58 2.99 3.06 3.17 3.59 3.11 3.15 
-0.32 -0.49 -1.22 -0.5 -0.12 -0.29 -1 -0.01 0.32 0.24 -0.52 0.34 0.84 0.62 -0.14 0.77 1.28 0.94 0.28 1.24 1.56 1.49 0.74 1.5 1.83 1.77 1.05 1.7 2.15 2.03 1.23 2.14 2.49 2.46 1.6 2.41 2.82 2.58 1.92 2.3 2.7 2.56 1.86 2.61 2.92 2.7 2 2.6 3.01 2.81 2.16 2.72 3.07 2.81 2.1 2.6 3.09 2.82 2.09 2.94 3.43 3.2 2.6 3.08 3.42 3.25 2.65 3.12 3.64 3.34 2.65 3.26 
0.88 0.49 0.35 0.37 1.01 0.68 0.62 0.89 1.35 1.14 0.97 1.19 1.73 1.53 1.34 1.43 2.1 1.78 1.59 1.73 2.28 2.12 1.92 1.9 2.56 2.18 2.04 2.02 2.66 2.28 2.07 2.39 2.89 2.41 2.35 2.45 3 2.56 2.47 2.3 2.79 2.46 2.28 2.34 2.89 2.54 2.28 2.32 2.89 2.51 2.34 2.33 2.82 2.51 2.38 2.23 2.72 2.42 2.24 2.47 3.02 2.77 2.49 2.49 3.01 2.55 2.49 2.42 2.98 2.63 2.57 2.42 
0.77 0.74 0.61 0.82 0.87 0.98 0.98 1.15 1.25 1.28 1.29 1.53 1.75 1.7 1.62 1.79 1.84 1.91 1.83 2.02 2.21 2.17 1.96 2.19 2.29 2.29 2.11 2.03 2.24 2.26 2.14 2.36 2.42 2.31 2.25 2.4 2.46 2.54 2.36 2.3 2.32 2.48 2.24 2.37 2.43 2.6 2.49 2.4 2.61 2.61 2.47 2.38 2.64 2.6 2.43 2.45 2.51 2.59 2.4 2.74 2.81 2.79 2.78 2.66 2.76 2.81 2.64 2.59 2.64 2.7 2.57 2.53 
0.38 0.5 0.38 -0.26 0.53 0.69 0.64 0.15 0.67 1.06 0.91 0.43 1.06 1.3 1.18 0.65 1.39 1.54 1.55 0.97 1.64 1.87 1.77 1.12 1.77 2.04 2 1.29 1.96 2.16 1.98 1.64 2.27 2.41 2.29 1.71 2.46 2.58 2.35 1.7 2.2 2.42 2.28 1.73 2.42 2.45 2.39 1.88 2.33 2.52 2.5 1.63 2.26 2.62 2.36 1.69 2.3 2.41 2.24 2.05 2.57 2.76 2.7 2 2.6 2.68 2.67 1.98 2.64 2.81 2.62 1.94 
-1.12 -0.81 -1.11 -0.77 -0.93 -0.61 -1.02 -0.51 -0.62 -0.38 -0.69 -0.21 -0.32 -0.09 -0.42 -0.02 -0.07 0.18 -0.01 0.41 0.35 0.66 0.39 0.77 0.75 1.1 0.74 1.11 0.93 1.4 1.1 1.69 1.54 1.86 1.47 1.94 1.91 2.28 1.92 2.15 1.89 2.37 1.89 2.41 2.17 2.47 2.01 2.44 2.36 2.61 2.29 2.45 2.3 2.63 2.22 2.54 2.3 2.44 2.32 2.87 2.75 3.05 2.74 2.94 2.82 3.13 2.77 3.09 2.84 3.15 2.92 3.15 
-0.41 0 -0.57 -0.66 -0.35 0.06 -0.51 -0.44 0.06 0.39 -0.27 -0.22 0.16 0.58 -0.02 -0.04 0.43 0.89 0.18 0.28 0.7 1.15 0.65 0.51 0.95 1.49 0.85 0.83 1.29 1.7 1.03 1.27 1.69 2.22 1.52 1.63 2.04 2.39 1.85 1.69 2.02 2.58 1.8 1.84 2.1 2.53 2.01 1.9 2.25 2.56 2.01 1.81 2.25 2.44 1.87 1.67 2.09 2.53 1.91 2 2.46 2.77 2.26 2.02 2.37 2.83 2.15 2.14 2.46 2.94 2.31 2.16 
-0.33 -0.57 -0.65 -1.19 -0.22 -0.47 -0.6 -1.03 0.17 -0.19 -0.37 -0.47 0.47 0.04 0.12 -0.06 0.92 0.58 0.64 0.59 1.55 1.14 1.05 0.76 1.8 1.33 1.34 0.96 2.01 1.69 1.65 1.44 2.48 2.01 2.12 1.78 2.65 2.44 2.26 1.74 2.61 2.22 2.23 2 3.03 2.7 2.61 1.9 2.86 2.48 2.46 2.08 3.02 2.73 2.42 2.06 3.09 2.69 2.61 2.27 3.19 2.74 2.69 2.24 3.19 2.83 2.85 2.23 3.37 2.95 2.86 2.34 
-1.02 -0.93 -1.28 -1.89 -0.88 -0.74 -1.17 -1.71 -0.56 -0.38 -0.76 -1.21 -0.21 -0.08 -0.36 -0.45 0.54 0.74 0.18 0.09 1.09 1.24 0.82 0.47 1.49 1.66 1.26 0.67 1.64 1.93 1.72 1.28 2.37 2.53 2.16 1.68 2.61 2.82 2.41 1.59 2.51 2.82 2.41 2.06 2.95 3.23 2.83 2 3.02 3.18 2.69 2.17 3.15 3.3 2.96 2.38 3.46 3.58 3.26 2.62 3.57 3.9 3.5 2.77 3.68 3.94 3.49 2.82 3.77 4.01 3.6 2.86 
-0.49 -0.94 -0.7 -1.51 -0.36 -0.7 -0.47 -1.16 0.05 -0.28 0.01 -0.68 0.56 0.17 0.5 0.04 1.22 0.91 1.15 0.7 1.85 1.44 1.82 1.07 2.22 1.76 1.99 1.15 2.44 1.91 2.19 1.87 2.77 2.4 2.62 2.07 3.27 2.72 3.09 2.09 2.97 2.61 2.82 2.45 3.39 3.03 3.23 2.37 3.32 2.86 3.19 2.48 3.43 3.08 3.25 2.58 3.67 3.15 3.47 2.66 3.74 3.35 3.6 2.81 3.8 3.31 3.62 2.8 3.85 3.46 3.75 2.77 
0.03 0.56 -0.18 0.47 0.29 0.72 0.09 0.67 0.55 1.12 0.44 1.04 1.02 1.59 0.87 1.68 1.52 2.12 1.35 2.1 1.89 2.53 1.83 2.37 2.15 2.62 2 2.46 2.44 2.57 1.93 2.82 2.69 3.13 2.4 2.85 2.73 3.13 2.57 2.73 2.49 2.96 2.45 2.98 2.8 3.27 2.66 2.83 2.7 3.03 2.42 2.85 2.81 3.21 2.56 2.95 2.73 3.2 2.53 2.99 2.77 3.33 2.65 2.89 2.85 3.2 2.59 2.9 2.73 3.21 2.67 2.82 
0.08 0.73 0.46 -0.2 0.21 0.79 0.62 0.11 0.43 1.24 0.88 0.46 0.93 1.57 1.31 1 1.43 2.05 1.8 1.56 1.93 2.59 2.4 1.76 2.2 2.7 2.44 1.83 2.31 2.79 2.43 2.18 2.58 3.24 2.78 2.28 2.78 3.23 2.85 2.07 2.44 3.06 2.74 2.35 2.79 3.33 3.07 2.19 2.59 3 2.76 2.19 2.74 3.12 2.87 2.25 2.56 3.1 2.89 2.28 2.75 3.19 2.91 2.15 2.64 3.1 2.82 2.27 2.65 3.18 2.94 2.03 
0.36 0.44 -0.37 -0.1 0.42 0.51 -0.4 0.11 0.61 0.72 -0.1 0.49 0.96 1.06 0.26 1.04 1.47 1.65 0.74 1.56 1.95 2.08 1.3 1.68 2.18 2.32 1.54 1.84 2.2 2.43 1.56 2.24 2.62 2.82 2.09 2.38 2.82 2.88 2.14 2.21 2.67 2.72 1.96 2.54 2.99 3 2.27 2.38 2.77 2.83 2.14 2.46 2.81 2.92 2.12 2.43 2.83 2.95 2.15 2.59 2.96 3.01 2.26 2.51 2.9 3 2.24 2.57 2.98 3.09 2.33 2.43 
-0.78 -0.2 -1.2 -1.38 -0.76 -0.2 -1.15 -1.07 -0.56 -0.07 -0.86 -0.86 -0.11 0.36 -0.41 -0.22 0.41 1.04 0.19 0.5 1.11 1.64 0.68 0.72 1.46 2.02 1.02 0.88 1.73 2.15 1.41 1.75 2.33 2.82 1.82 1.83 2.48 3.02 2.12 1.77 2.41 2.9 1.93 2.16 2.81 3.3 2.3 2.03 2.71 3.23 2.26 2.2 2.94 3.34 2.48 2.3 3.1 3.49 2.59 2.59 3.23 3.67 2.75 2.61 3.29 3.76 2.76 2.68 3.31 3.72 2.81 2.6 
-0.01 0.15 -0.6 -0.26 -0.1 0.23 -0.57 -0.07 0.09 0.4 -0.38 0.3 0.38 0.76 -0.11 0.79 0.77 1.36 0.4 1.14 1.34 1.8 0.9 1.43 1.58 2.06 1.19 1.63 1.85 2.19 1.35 2.03 2.35 2.68 1.8 2.32 2.49 2.81 2.08 2.14 2.34 2.74 1.82 2.56 2.69 3.01 2.25 2.35 2.49 2.71 1.91 2.33 2.54 2.84 1.95 2.37 2.63 2.86 2.2 2.48 2.74 3.17 2.18 2.5 2.66 3.09 2.2 2.57 2.84 3.13 2.3 2.52 
-1.48 -2.24 -1.93 -1.77 -1.59 -2.15 -1.86 -1.36 -1.2 -1.75 -1.43 -0.83 -0.59 -1.24 -0.9 -0.53 -0.22 -0.85 -0.42 -0.29 -0.04 -0.78 -0.34 -0.02 0.16 -0.44 -0.14 0.09 0.38 -0.16 0.15 0.84 1.1 0.53 0.86 1.08 1.3 0.75 1.19 1.47 1.6 1.04 1.52 1.66 1.91 1.19 1.55 1.91 2.15 1.52 1.74 2.27 2.42 1.67 2.14 2.24 2.35 1.77 2.12 2.3 2.64 1.94 2.29 2.54 2.61 2.08 2.41 2.51 2.83 2.2 2.54 2.58 
-2.39 -1.97 -2.1 -2.31 -2.31 -1.86 -1.95 -1.9 -1.84 -1.35 -1.46 -1.3 -1.39 -0.83 -1.01 -0.92 -0.78 -0.36 -0.53 -0.7 -0.66 -0.17 -0.29 -0.32 -0.18 0.35 0.16 -0.12 -0.05 0.47 0.33 0.65 0.8 1.19 1.03 0.8 0.89 1.47 1.32 1.28 1.31 1.83 1.74 1.44 1.51 2.05 1.82 1.7 1.84 2.29 2.14 2.17 2.09 2.69 2.39 2.07 2.17 2.63 2.53 2.23 2.39 2.99 2.72 2.6 2.61 3.23 2.92 2.97 3 3.36 3.16 2.98 
-1.6 -1.96 -2.28 -1.88 -1.42 -1.82 -2.13 -1.41 -0.93 -1.43 -1.76 -0.9 -0.33 -0.78 -1.12 -0.45 0.01 -0.36 -0.78 -0.23 0.35 -0.05 -0.44 0.32 0.75 0.33 0.06 0.54 1.04 0.64 0.28 1.25 1.83 1.3 1.16 1.48 1.96 1.42 1.27 1.73 2.24 1.8 1.52 1.88 2.34 1.89 1.6 2.14 2.55 2.12 1.82 2.34 2.76 2.3 2.11 2.44 2.82 2.37 2.18 2.75 3.06 2.69 2.3 2.82 3.25 2.85 2.56 2.99 3.49 3.02 2.78 3 
-0.57 -0.72 -0.91 -0.67 -0.5 -0.59 -0.65 -0.23 -0.05 -0.11 -0.26 0.21 0.56 0.31 0.18 0.66 0.89 0.8 0.71 0.89 1.11 0.97 0.99 1.31 1.5 1.39 1.31 1.47 1.67 1.45 1.41 2.12 2.11 2.17 2.01 2.09 2.28 2.22 1.96 2.51 2.51 2.33 2.09 2.37 2.49 2.46 2.21 2.43 2.56 2.51 2.38 2.57 2.8 2.49 2.44 2.6 2.65 2.52 2.41 2.59 2.78 2.55 2.39 2.67 2.86 2.61 2.55 2.73 2.99 2.76 2.64 2.65 
-0.79 -0.55 -1.14 -0.38 -0.73 -0.39 -1.03 -0.08 -0.33 0.04 -0.57 0.35 0.11 0.5 -0.06 0.77 0.67 0.93 0.4 0.95 0.66 1.17 0.5 1.37 1.09 1.26 0.9 1.35 1.25 1.47 0.91 2.08 1.76 2.07 1.56 2.16 1.97 2.14 1.59 2.38 2.16 2.44 1.87 2.32 2.08 2.36 1.82 2.51 2.21 2.48 1.99 2.56 2.35 2.54 1.98 2.5 2.21 2.53 1.98 2.67 2.43 2.64 2.03 2.8 2.54 2.65 2.27 2.93 2.49 2.95 2.35 2.8 
-0.81 -1.13 -0.66 -0.79 -0.7 -0.97 -0.51 -0.46 -0.28 -0.54 -0.2 -0.11 0.21 0.05 0.35 0.17 0.43 0.26 0.67 0.34 0.54 0.36 0.71 0.67 0.75 0.56 1.1 0.66 0.98 0.62 1.17 1.43 1.56 1.35 1.8 1.5 1.66 1.48 1.84 1.85 1.88 1.8 2.13 1.93 2.08 1.82 2.16 1.92 2.2 1.92 2.27 2.27 2.32 2.06 2.38 2.29 2.38 2.08 2.39 2.25 2.43 2.11 2.43 2.35 2.5 2.24 2.59 2.49 2.69 2.39 2.74 2.49 
-1.76 -1.84 -2.22 -2.24 -1.48 -1.61 -2.11 -1.72 -1.17 -1.31 -1.78 -1.36 -0.81 -0.8 -1.28 -1 -0.41 -0.53 -0.84 -0.98 -0.36 -0.43 -0.85 -0.61 -0.11 -0.01 -0.43 -0.54 0.2 0.06 -0.32 0.27 0.92 0.92 0.37 0.47 1.09 1.09 0.73 0.97 1.61 1.52 1.08 1.21 1.77 1.61 1.32 1.44 2.03 2.03 1.75 1.82 2.41 2.26 1.92 1.94 2.42 2.31 1.98 2.2 2.67 2.64 2.2 2.33 2.88 2.91 2.41 2.53 3.14 3 2.69 2.54 
-1.08 -1.19 -1.37 -2.02 -0.95 -0.92 -1.15 -1.53 -0.53 -0.67 -0.69 -1.03 -0.03 -0.17 -0.38 -0.73 0.23 0.06 -0.14 -0.79 0.38 0.16 0.06 -0.48 0.53 0.45 0.47 -0.34 0.72 0.56 0.5 0.31 1.19 1.33 1.12 0.45 1.56 1.46 1.45 0.81 1.8 1.84 1.61 0.94 2.06 1.95 1.77 1.3 2.25 2.16 2.01 1.54 2.46 2.32 2.31 1.61 2.52 2.48 2.25 1.66 2.58 2.56 2.29 1.81 2.78 2.56 2.49 2.07 2.75 2.73 2.71 2.03 
-1.46 -1.93 -2.15 -2.24 -1.37 -1.86 -2.2 -2.07 -1.21 -1.76 -1.9 -1.85 -0.85 -1.35 -1.56 -1.21 -0.39 -0.84 -1.07 -1.07 0 -0.64 -0.8 -0.71 0.21 -0.31 -0.41 -0.39 0.56 0.19 -0.07 0.08 0.92 0.47 0.21 0.44 1.43 0.91 0.72 0.64 1.52 1.1 0.87 0.67 1.59 1.23 0.98 1.17 2.25 1.72 1.43 1.63 2.58 2.03 1.87 1.73 2.64 2.24 1.95 1.92 2.79 2.34 2.03 2.1 2.97 2.39 2.14 2.17 3 2.54 2.2 2.23 
0 0 0 0 0 0 0 0 0 0 0 0 0 0 0 0 0 0 0 0 0 0 0 0 0 0 0 0 0 0 0 0 0 0 0 0 0 0 0 0 0 0 0 0 0 0 0 0 0 0 0 0 0 0 0 0 0 0 0 0 0 0 0 0 0 0 0 0 0 0 0 0 
-2.09 -2.33 -2.41 -2.49 -1.88 -2.22 -2.16 -2.12 -1.63 -1.8 -1.77 -1.69 -1.19 -1.44 -1.41 -1.09 -0.57 -0.74 -0.92 -0.92 -0.29 -0.6 -0.47 -0.36 0.11 -0.06 0.15 0 0.6 0.43 0.54 0.51 1.19 0.84 0.99 1.09 1.61 1.41 1.39 1.08 1.78 1.51 1.51 1.29 1.83 1.68 1.62 1.82 2.34 2.05 2.07 2.13 2.57 2.39 2.38 2.19 2.67 2.46 2.37 2.45 2.77 2.58 2.6 2.61 3.08 2.81 2.95 2.78 3.22 2.91 2.92 2.85 
-1.01 -1.05 -1.43 -0.88 -0.81 -0.94 -0.97 -0.58 -0.55 -0.67 -0.79 -0.18 -0.06 -0.18 -0.57 0.23 0.43 0.17 0.03 0.43 0.6 0.42 0.25 0.7 0.82 0.9 0.61 1.05 1.3 1.37 1 1.4 1.66 1.6 1.42 1.97 2.18 2.15 1.82 2.15 2.4 2.19 1.91 2.16 2.24 2.19 1.92 2.52 2.6 2.61 2.3 2.82 2.78 2.7 2.41 2.69 2.78 2.63 2.39 2.67 2.97 2.62 2.29 2.77 2.95 2.8 2.63 2.97 3.01 2.85 2.58 2.87 
-1.01 -1.07 -1.22 -1.26 -0.85 -0.85 -1 -0.91 -0.65 -0.54 -0.85 -0.62 -0.29 -0.27 -0.46 -0.21 0.1 0.23 -0.07 0 0.43 0.41 0.11 0.39 0.83 0.7 0.56 0.71 1.16 1.17 0.95 1.04 1.49 1.49 1.28 1.52 1.86 1.81 1.7 1.61 2.05 2.05 1.7 1.73 1.98 1.97 1.72 2.03 2.46 2.44 2.15 2.26 2.59 2.57 2.29 2.13 2.61 2.49 2.17 2.24 2.59 2.54 2.25 2.45 2.71 2.81 2.46 2.64 2.82 2.77 2.64 2.61 
-0.72 -0.88 -1.43 -1.68 -0.64 -0.81 -1.2 -1.42 -0.33 -0.45 -0.99 -0.98 0.04 -0.2 -0.65 -0.66 0.5 0.23 -0.12 -0.4 0.6 0.48 0.01 -0.18 0.91 0.73 0.21 0.14 1.2 1.07 0.64 0.45 1.41 1.4 0.86 0.92 1.93 1.76 1.38 1.01 2.02 1.94 1.45 1.08 2.11 1.92 1.61 1.54 2.48 2.32 1.92 1.76 2.73 2.58 2.06 1.77 2.76 2.46 2.16 1.86 2.89 2.58 2.14 2.1 2.91 2.77 2.21 2.06 2.93 2.77 2.43 2.08 
-2.19 -1.8 -2.43 -2.64 -2.06 -1.65 -2.36 -2.46 -1.81 -1.33 -2.12 -2.11 -1.49 -1.07 -1.69 -1.68 -1.07 -0.56 -1.3 -1.47 -0.94 -0.3 -1.11 -1.19 -0.48 -0.15 -0.85 -0.91 -0.18 0.26 -0.55 -0.61 -0.02 0.57 -0.15 -0.1 0.66 1.05 0.42 0.19 0.91 1.32 0.75 0.38 1.1 1.63 0.95 1.05 1.73 2.18 1.38 1.43 2.08 2.52 1.89 1.75 2.2 2.65 2.05 1.88 2.27 2.88 2.06 2.05 2.61 3.17 2.45 2.26 2.78 3.29 2.57 2.32 
-1.26 -1.51 -1.77 -1.74 -1.12 -1.46 -1.57 -1.35 -0.89 -1.06 -1.28 -1.03 -0.44 -0.65 -0.88 -0.54 0 -0.36 -0.46 -0.56 0.06 -0.14 -0.27 -0.06 0.42 0.18 -0.05 0.16 0.66 0.32 0.13 0.39 0.93 0.55 0.58 0.72 1.32 1.15 1.15 0.99 1.57 1.46 1.1 1.16 1.53 1.27 1.33 1.55 2.08 1.88 1.7 1.97 2.46 2.16 1.96 1.88 2.46 2.09 2 2.06 2.52 2.23 2.01 2.23 2.72 2.44 2.28 2.27 2.82 2.62 2.35 2.31 
-1.48 -1.68 -2.2 -1.36 -1.55 -1.77 -2.16 -1.08 -1.37 -1.52 -1.75 -0.87 -0.95 -1.21 -1.55 -0.49 -0.63 -0.84 -1.28 -0.23 -0.28 -0.51 -0.99 0.02 -0.09 -0.2 -0.57 0.37 0.28 0.14 -0.28 0.78 0.86 0.6 0.21 0.95 0.89 0.75 0.39 1.37 1.32 1.13 0.76 1.85 1.71 1.59 1.2 2.1 1.94 1.87 1.49 2.05 2.01 1.83 1.52 2.48 2.21 2.09 1.68 2.56 2.19 2.22 1.76 2.53 2.29 2.18 1.78 2.6 2.45 2.23 1.81 2.46 
-2.19 -1.7 -2.06 -2.63 -2.11 -1.57 -2.08 -2.35 -1.74 -1.16 -1.8 -2.17 -1.43 -0.91 -1.5 -1.74 -1.15 -0.52 -1.1 -1.52 -0.91 -0.22 -0.73 -1.09 -0.56 0.23 -0.41 -0.68 -0.04 0.52 0.02 -0.14 0.25 1.06 0.48 0.08 0.59 1.23 0.68 0.55 1.05 1.65 1.06 0.94 1.6 2.14 1.54 1.41 1.87 2.44 1.87 1.35 1.86 2.5 1.96 1.74 2.21 2.79 2.24 1.93 2.36 3.06 2.39 1.98 2.36 3.12 2.56 2.16 2.56 3.26 2.86 2.16 
-2.18 -2.03 -2.07 -2.19 -1.96 -1.84 -1.71 -1.74 -1.63 -1.3 -1.47 -1.46 -1.21 -1.01 -1.14 -1.01 -0.77 -0.71 -0.69 -0.72 -0.42 -0.22 -0.27 -0.36 -0.11 0.3 0.07 0.06 0.45 0.65 0.68 0.74 1.05 1.27 1.21 0.87 1.16 1.5 1.38 1.37 1.71 1.93 1.74 1.79 2.04 2.22 2.17 2.14 2.23 2.52 2.37 1.97 2.26 2.48 2.29 2.48 2.67 2.84 2.64 2.5 2.7 2.91 2.72 2.72 2.78 2.94 2.79 2.82 2.94 3.06 3.04 2.53 
-0.97 -1.03 -0.88 -1.17 -0.86 -0.99 -0.66 -0.7 -0.54 -0.59 -0.42 -0.28 -0.24 -0.21 -0.01 0 0.14 0.18 0.39 0.22 0.56 0.51 0.63 0.73 0.73 0.75 1.08 1.06 1.27 1.15 1.48 1.58 1.71 1.7 1.99 1.7 1.76 1.79 2.1 2.06 2.09 2.16 2.49 2.34 2.46 2.39 2.67 2.47 2.78 2.48 2.82 2.51 2.58 2.44 2.59 2.64 2.79 2.7 2.85 2.63 2.71 2.64 2.81 2.65 2.64 2.63 2.86 2.63 2.75 2.68 2.77 2.49 
-0.91 -0.55 -1.03 -1.02 -0.81 -0.4 -0.78 -0.63 -0.51 -0.02 -0.48 -0.35 -0.15 0.26 -0.18 -0.03 0.15 0.58 0.24 0.25 0.43 0.89 0.56 0.44 0.88 1.34 0.84 0.85 1.07 1.55 1.29 1.31 1.56 2.06 1.68 1.58 1.7 2.21 1.76 1.77 2.05 2.49 2.12 2.08 2.34 2.71 2.28 2.25 2.51 2.88 2.42 2.23 2.42 2.79 2.36 2.32 2.61 2.9 2.51 2.31 2.5 2.97 2.45 2.35 2.52 2.93 2.44 2.35 2.57 2.82 2.47 2.07 
-1.01 -0.97 -1.14 -1.27 -0.89 -0.77 -0.99 -0.86 -0.45 -0.38 -0.63 -0.63 -0.24 -0.12 -0.42 -0.25 0.04 0.25 -0.04 -0.01 0.35 0.52 0.16 0.2 0.67 0.73 0.48 0.55 0.97 1.11 0.74 1.08 1.36 1.63 1.35 1.06 1.56 1.73 1.37 1.47 1.81 1.95 1.84 1.71 2.18 2.22 1.96 2.04 2.39 2.43 2.19 1.99 2.25 2.4 2.13 2.23 2.44 2.6 2.22 2.21 2.54 2.65 2.34 2.22 2.63 2.63 2.34 2.27 2.55 2.61 2.38 2.22 
-1.7 -1.55 -2.3 -2.06 -1.68 -1.5 -2.15 -1.74 -1.29 -1.26 -1.79 -1.39 -1.08 -0.99 -1.64 -1.17 -0.71 -0.57 -1.44 -1.04 -0.54 -0.43 -1.11 -0.81 -0.3 -0.21 -0.77 -0.42 0.03 0.17 -0.53 0.13 0.56 0.69 -0.05 0.23 0.74 0.95 0.28 0.75 1.24 1.48 0.68 1.2 1.65 1.82 1.22 1.67 2.11 2.14 1.4 1.76 2.16 2.26 1.6 2.05 2.51 2.71 1.85 2.11 2.49 2.72 2.08 2.25 2.6 2.79 2.05 2.38 2.85 2.78 2.18 2.38 
-1.35 -1.15 -1.23 -1.51 -1.39 -1.07 -1.11 -1.05 -1.08 -0.65 -0.69 -0.91 -0.75 -0.38 -0.56 -0.46 -0.39 -0.19 -0.21 -0.38 -0.15 0.08 0.01 -0.18 0 0.31 0.22 0.07 0.22 0.56 0.55 0.5 0.67 1.13 1.06 0.63 0.71 1.22 1.29 0.93 1.23 1.56 1.43 1.48 1.73 1.97 1.9 1.66 1.93 2.24 2.21 1.83 1.84 2.31 2.18 1.99 2.1 2.57 2.43 2.11 2.35 2.54 2.35 2.18 2.26 2.53 2.34 2.21 2.3 2.63 2.54 2.04 
-1.65 -1.39 -2.04 -2.15 -1.24 -1.07 -1.58 -1.8 -0.92 -0.63 -1.32 -1.36 -0.56 -0.26 -0.73 -0.83 -0.08 0.15 -0.37 -0.5 0.43 0.6 0.06 -0.28 0.45 0.69 0.2 -0.11 0.73 1.01 0.44 0.63 1.45 1.74 1.14 0.88 1.77 1.94 1.47 1.01 1.79 2.01 1.59 1.11 1.93 2.11 1.59 1.39 2.1 2.32 1.82 1.49 2.2 2.44 1.88 1.68 2.32 2.61 2.11 1.78 2.41 2.68 2.11 1.76 2.38 2.62 2.14 2.09 2.71 3.02 2.57 1.81 
-2.04 -2.34 -2.14 -1.85 -1.67 -1.82 -1.74 -1.47 -1.23 -1.58 -1.35 -1.09 -0.91 -1.24 -0.98 -0.79 -0.37 -0.66 -0.46 -0.2 0.03 -0.15 0.15 0.08 0.25 0.1 0.21 0.33 0.57 0.4 0.64 1.11 1.3 1.27 1.52 1.51 1.75 1.58 1.66 1.67 1.88 1.76 1.94 1.68 1.88 1.77 1.93 1.89 2.1 1.94 2.17 2.12 2.39 2.05 2.34 2.34 2.57 2.39 2.54 2.49 2.84 2.57 2.79 2.8 2.92 2.79 3.07 3.28 3.44 3.26 3.53 3.07 
-1.39 -1.8 -1.83 -1.51 -1.03 -1.29 -1.32 -1.22 -0.64 -1.02 -0.83 -0.69 -0.22 -0.52 -0.51 -0.18 0.28 0.02 0.13 0.35 0.71 0.55 0.59 0.56 1.02 0.8 0.82 0.77 1.27 1.07 1.24 1.6 2.1 1.87 1.76 1.86 2.43 2.01 2.04 1.95 2.42 2.1 2.19 1.89 2.38 2.08 2.08 2.17 2.62 2.32 2.3 2.15 2.67 2.36 2.32 2.39 2.85 2.47 2.6 2.5 2.96 2.57 2.81 2.7 3.05 2.78 2.77 2.97 3.47 3.09 3.27 2.73 
-0.25 -0.12 -0.94 -0.71 0.19 0.33 -0.51 -0.55 0.39 0.76 -0.01 -0.14 0.94 1.1 0.28 0.38 1.32 1.64 0.72 0.72 1.84 2.07 1.1 0.89 1.88 2.14 1.3 1.16 2.14 2.23 1.57 1.71 2.73 2.87 1.95 1.86 2.74 2.99 2.16 1.99 2.75 2.98 2.16 1.79 2.63 2.72 1.96 1.89 2.73 2.76 2.02 1.77 2.8 2.77 2.03 2 2.68 2.9 2.15 1.94 2.81 2.96 2.17 1.92 2.83 3.06 2.13 2.16 3.02 3.18 2.43 1.99 
-0.63 -0.41 -0.9 -0.58 -0.12 -0.02 -0.52 -0.25 0.16 0.2 -0.11 0.06 0.43 0.57 0.13 0.39 0.85 1.04 0.7 0.89 1.3 1.52 1.02 1.08 1.42 1.63 1.17 1.26 1.71 1.89 1.44 1.97 2.27 2.56 2.11 2.05 2.43 2.69 2.12 2.07 2.51 2.63 2.22 2.04 2.26 2.39 2 1.92 2.41 2.61 2.07 2.08 2.37 2.49 2.09 2.2 2.5 2.71 2.33 2.2 2.52 2.68 2.37 2.15 2.54 2.71 2.25 2.47 2.81 3.01 2.64 2.22 
-0.96 -0.58 -0.62 -0.51 -0.61 -0.14 -0.35 -0.22 -0.4 0.09 -0.07 0.1 0.04 0.32 0.29 0.43 0.29 0.61 0.64 0.74 0.59 1.08 0.94 0.82 0.78 1.22 1.07 1.07 1.06 1.42 1.34 1.67 1.72 2.2 2.06 2.14 1.91 2.39 2.19 2.2 1.95 2.4 2.15 2.02 1.89 2.22 2.12 2.09 1.97 2.36 2.25 2.18 1.97 2.38 2.22 2.21 2.12 2.53 2.3 2.25 2.12 2.4 2.37 2.28 2.13 2.42 2.41 2.6 2.42 2.73 2.64 2.27 
-1.89 -1.68 -1.91 -1.74 -1.38 -1.3 -1.49 -1.39 -1.12 -0.87 -1.1 -1.11 -0.75 -0.61 -0.78 -0.72 -0.31 -0.29 -0.41 -0.31 0.01 0.33 -0.02 -0.17 0.16 0.38 0.16 0.21 0.5 0.68 0.53 0.98 1.38 1.43 1.38 1.22 1.69 1.89 1.72 1.39 1.8 2.07 1.73 1.49 1.9 2.08 1.78 1.78 2.04 2.24 2.09 1.88 2.32 2.45 2.31 2.17 2.4 2.63 2.47 2.22 2.66 2.78 2.47 2.37 2.75 2.77 2.6 2.72 3.01 3.15 2.89 2.42 
-0.96 -1.36 -1.37 -1.2 -0.57 -0.76 -1 -0.96 -0.17 -0.48 -0.55 -0.66 0.08 -0.28 -0.37 -0.34 0.48 0.22 0.08 0.03 0.79 0.39 0.31 0.15 0.78 0.48 0.48 0.38 1.06 0.83 0.71 0.98 1.84 1.5 1.39 1.39 2.14 1.77 1.92 1.43 2.16 1.95 1.84 1.4 2.14 1.92 1.71 1.64 2.29 2.14 1.93 1.88 2.4 2.1 2.01 1.81 2.51 2.31 2.14 1.97 2.57 2.33 2.16 1.89 2.48 2.23 2.15 2.33 2.84 2.6 2.56 1.96 
-1.37 -1.49 -1.83 -1.56 -1.14 -1.19 -1.46 -1.4 -0.91 -1.15 -1.37 -0.92 -0.29 -0.35 -0.69 -0.66 0.05 -0.14 -0.39 -0.42 0.17 0.16 -0.27 -0.33 0.24 0.11 -0.09 0.09 0.61 0.5 0.32 0.44 1.05 1.09 0.77 0.88 1.46 1.35 1.11 1.13 1.64 1.65 1.35 1.35 1.82 1.91 1.59 1.49 2.17 1.94 1.8 1.63 2.16 2.08 1.74 1.73 2.3 2.19 1.82 1.99 2.41 2.3 2.01 2.13 2.65 2.49 2.21 2.11 2.56 2.41 2.14 2.28 
-1.55 -1.64 -2.15 -1.71 -1.3 -1.38 -1.85 -1.54 -1.2 -1.24 -1.79 -1.03 -0.7 -0.64 -1.16 -0.7 -0.41 -0.46 -0.87 -0.44 0.1 -0.1 -0.55 -0.29 0.06 -0.03 -0.38 0.18 0.6 0.57 -0.03 0.62 1.06 1.04 0.6 1.09 1.42 1.47 1.01 1.35 1.74 1.65 1.13 1.52 1.81 1.86 1.34 1.78 2.06 1.97 1.55 1.72 2.05 1.96 1.55 1.89 2.29 2.26 1.78 2.21 2.73 2.6 2.1 2.5 2.86 2.84 2.41 2.68 3.01 3.16 2.61 3.01 
-1.4 -1.49 -1.98 -1.35 -1.15 -1.18 -1.67 -1.14 -0.82 -0.95 -1.42 -0.55 -0.3 -0.28 -0.68 -0.19 0.16 0.01 -0.42 0.14 0.43 0.42 0.03 0.36 0.6 0.65 0.23 0.84 1.16 1.02 0.73 1.32 1.57 1.52 1.13 1.75 2.03 1.85 1.54 1.99 2.19 2.07 1.78 2.12 2.33 2.2 1.87 2.11 2.4 2.24 1.91 2.16 2.4 2.33 1.93 2.28 2.56 2.4 2.07 2.59 2.76 2.77 2.43 2.92 3.16 2.93 2.56 2.89 3.13 3.07 2.73 3.07 
-0.49 -0.06 -0.65 -0.23 -0.35 0.24 -0.35 -0.05 -0.03 0.42 -0.17 0.56 0.55 1.05 0.5 0.87 0.8 1.31 0.72 1.17 1.17 1.49 1.11 1.32 1.23 1.73 1.24 1.65 1.71 2.05 1.61 2.07 2.04 2.5 1.87 2.25 2.25 2.69 2.12 2.37 2.26 2.71 2.04 2.35 2.3 2.59 2.09 2.23 2.41 2.62 2.04 2.2 2.18 2.6 2.03 2.4 2.28 2.69 2.08 2.39 2.3 2.76 2.18 2.61 2.61 2.86 2.36 2.62 2.65 3 2.43 2.83 
-0.54 -0.22 -0.26 -0.96 -0.23 0.07 0.1 -0.75 -0.13 0.24 0.08 -0.24 0.3 0.74 0.85 0.03 0.68 0.97 0.92 0.28 0.9 1.23 1.29 0.31 1.04 1.34 1.47 0.87 1.44 1.62 1.69 1.19 1.81 2.15 2.1 1.54 2.06 2.37 2.31 1.65 2.19 2.39 2.43 1.7 2.28 2.45 2.4 1.73 2.23 2.52 2.47 1.61 2.19 2.33 2.35 1.66 2.29 2.42 2.48 1.81 2.37 2.6 2.57 2.02 2.49 2.81 2.84 1.93 2.55 2.76 2.71 2.05 
-0.59 -0.65 -0.29 -0.38 -0.24 -0.37 -0.05 -0.29 -0.09 -0.28 0.16 0.33 0.41 0.29 0.44 0.6 0.58 0.4 0.92 0.68 0.85 0.64 1.03 0.77 0.95 0.79 1.15 1.1 1.23 1.19 1.5 1.64 1.68 1.63 1.89 1.9 2.02 1.85 2.1 1.94 2.05 1.84 2.21 1.96 2.04 1.98 2.26 1.96 2.08 1.9 2.23 1.91 1.96 1.88 2.14 1.98 2.14 1.79 2.22 2.09 2.25 2.05 2.33 2.37 2.37 2.12 2.51 2.29 2.46 2.24 2.53 2.37 
-1.86 -1.3 -1.72 -1.62 -1.52 -1 -1.39 -1.41 -1.28 -0.92 -1.27 -0.99 -0.9 -0.35 -0.7 -0.67 -0.64 -0.26 -0.6 -0.49 -0.46 0.12 -0.34 -0.52 -0.46 0.1 -0.31 -0.21 -0.03 0.56 0.12 0.38 0.48 1.03 0.73 0.79 0.98 1.51 1.17 1.18 1.3 1.82 1.52 1.48 1.54 1.94 1.68 1.55 1.74 2.25 1.82 1.57 1.79 2.28 1.93 1.93 2 2.41 2.1 1.97 2.16 2.66 2.31 2.29 2.41 2.88 2.57 2.44 2.58 2.9 2.6 2.63 
-0.97 -0.6 -1.53 -0.91 -0.55 -0.24 -1.23 -0.78 -0.39 -0.17 -1.14 -0.19 0.04 0.36 -0.55 0.06 0.37 0.56 -0.42 0.19 0.47 0.79 -0.11 0.11 0.55 0.85 -0.07 0.48 0.84 1.14 0.14 0.98 1.29 1.56 0.67 1.29 1.65 1.9 0.9 1.4 1.89 2.13 1.2 1.66 1.89 2.2 1.22 1.75 1.99 2.32 1.33 1.71 2.02 2.31 1.32 1.84 2.02 2.36 1.43 1.98 2.31 2.56 1.56 2.05 2.4 2.68 1.77 2.09 2.4 2.71 1.84 2.27 
-1.38 -1.52 -1.87 -1.37 -0.97 -1.13 -1.43 -1.37 -0.84 -0.97 -1.28 -0.92 -0.39 -0.45 -0.78 -0.45 -0.11 -0.11 -0.44 -0.01 0.44 0.23 -0.06 0.14 0.77 0.57 0.36 0.44 1.04 0.96 0.62 0.92 1.43 1.46 1.05 1.19 1.76 1.57 1.23 1.43 1.89 1.81 1.56 1.57 2.16 1.98 1.65 1.56 2.1 1.93 1.56 1.87 2.29 2.23 1.82 1.83 2.17 2.01 1.7 2 2.35 2.14 1.85 2.18 2.58 2.48 2.14 2.15 2.69 2.52 2.22 2.37 
-1.68 -1.76 -2.23 -1.8 -1.26 -1.27 -1.87 -1.63 -1.18 -1.32 -1.76 -1.26 -0.89 -0.7 -1.35 -0.92 -0.46 -0.36 -0.89 -0.47 0.08 0.16 -0.44 0.07 0.57 0.58 0.01 0.31 0.79 0.8 0.39 0.85 1.34 1.43 0.79 1.09 1.6 1.67 1.16 1.41 1.93 1.85 1.39 1.6 2 2.13 1.57 1.76 2.13 2.22 1.69 2.01 2.5 2.48 1.92 1.96 2.55 2.49 1.84 2.26 2.79 2.81 2.26 2.59 3.17 3.11 2.62 2.76 3.31 3.35 2.69 3.12 
-1.62 -1.63 -2 -1.34 -1.19 -1.22 -1.42 -1.19 -1.06 -1.08 -1.36 -0.7 -0.5 -0.46 -0.69 -0.2 -0.05 -0.13 -0.32 0.32 0.49 0.46 0.32 0.83 0.99 0.97 0.69 1.1 1.27 1.27 0.98 1.68 1.9 1.74 1.51 1.76 2.09 1.97 1.8 2.08 2.37 2.25 2 2.27 2.5 2.41 2.09 2.29 2.48 2.33 2.22 2.66 2.79 2.74 2.36 2.7 2.73 2.68 2.38 2.83 2.92 2.84 2.61 3 3.12 2.99 2.81 3.1 3.31 3.16 2.89 3.33 
-0.33 -0.41 -0.97 -0.41 0.06 -0.01 -0.63 -0.23 0.21 0.05 -0.43 0.07 0.56 0.61 -0.02 0.48 0.97 0.86 0.25 0.94 1.47 1.51 0.87 1.34 1.71 1.69 1.21 1.51 2.06 2.14 1.53 2.06 2.5 2.42 1.82 2.17 2.5 2.52 2.07 2.38 2.84 2.79 2.14 2.4 2.75 2.56 2.14 2.31 2.61 2.56 2.02 2.38 2.77 2.7 2.05 2.32 2.73 2.59 2.01 2.51 2.88 2.65 2.2 2.53 2.88 2.84 2.28 2.59 2.92 2.82 2.23 2.63 
-0.58 -0.41 -0.66 -0.49 -0.23 -0.02 -0.38 -0.37 -0.07 0.15 -0.2 -0.02 0.31 0.61 0.29 0.37 0.62 0.9 0.67 0.84 1.18 1.47 1.22 1.2 1.46 1.86 1.54 1.49 1.71 1.95 1.76 1.76 2.12 2.29 2.01 1.97 2.3 2.39 2.26 2.11 2.36 2.64 2.23 2.15 2.28 2.5 2.29 2.04 2.3 2.5 2.17 2.27 2.37 2.51 2.2 2.1 2.28 2.46 2.18 2.2 2.39 2.52 2.31 2.32 2.55 2.73 2.56 2.29 2.49 2.74 2.56 2.47 
-0.67 -0.84 -0.65 -0.07 -0.22 -0.38 -0.18 -0.06 -0.22 -0.35 -0.05 0.34 0.12 0.03 0.17 0.58 0.45 0.31 0.56 1.08 0.92 0.76 0.98 1.36 1.23 1.07 1.26 1.55 1.41 1.29 1.53 1.94 1.68 1.81 1.85 2.04 1.86 1.77 1.96 2.32 2.2 1.98 2.17 2.38 2.21 2.05 2.18 2.42 2.18 2.07 2.09 2.45 2.26 2.09 2.22 2.38 2.2 1.95 2.11 2.37 2.32 2.08 2.21 2.49 2.38 2.09 2.33 2.59 2.41 2.25 2.49 2.72 
-1.24 -1.69 -1.87 -1.28 -0.79 -1.43 -1.45 -1.23 -0.71 -1.36 -1.33 -0.81 -0.54 -0.97 -1.02 -0.75 -0.29 -0.74 -0.75 -0.22 0.25 -0.27 -0.3 0.11 0.76 -0.02 -0.06 0.45 1.05 0.41 0.43 1.03 1.64 1.01 0.96 1.31 1.81 1.25 1.29 1.67 2.13 1.55 1.5 1.77 2.33 1.75 1.71 1.84 2.39 1.71 1.78 2.16 2.67 2.06 1.97 2.14 2.52 1.97 1.91 2.24 2.81 2.18 2.21 2.58 3.04 2.43 2.42 2.64 3.22 2.55 2.55 2.97 
-0.53 -0.58 -0.99 -0.74 -0.3 -0.19 -0.72 -0.71 -0.23 -0.14 -0.64 -0.29 0.13 0.15 -0.46 -0.2 0.36 0.32 -0.26 0.28 0.63 0.8 0.28 0.47 1.05 1 0.6 0.66 1.25 1.26 0.71 1.1 1.62 1.71 1.26 1.3 1.93 2.07 1.62 1.65 2.13 2.11 1.73 1.66 2.25 2.31 1.87 1.78 2.24 2.11 1.71 2 2.31 2.36 1.97 1.75 2.29 2.24 1.74 2.01 2.36 2.35 1.85 2.06 2.57 2.54 2.07 2.07 2.57 2.56 2.06 2.37 
