1121
1123
1120
1125
1122
1127
1124
1129
1126
1131
1128
1133
1130
1135
1132
1137
1134
1139
1136
1141
1138
1143
1140
1145
1142
1147
1144
1149
1146
1151
1148
1089
1150
1091
1088
1093
1090
1095
1092
1097
1094
1099
1096
1101
1098
1103
1100
1105
1102
1107
1104
1109
1106
1111
1108
1113
1110
1115
1112
1117
1114
1119
1116
1057
1118
1059
1056
1061
1058
1063
1060
1065
1062
1067
1064
1069
1066
1071
1068
1073
1070
1075
1072
1077
1074
1078
1076
1081
1079
1083
1080
1085
1082
1087
1084
1025
1086
1027
1024
1029
1026
1031
1028
1033
1030
1035
1032
1037
1034
1039
1036
1041
1038
1043
1040
1045
1042
1047
1044
1049
1046
1051
1048
1053
1050
1055
1052
1054
1249
1251
1248
1253
1250
1255
1252
1257
1254
1259
1256
1261
1258
1263
1260
1265
1262
1267
1264
1269
1266
1271
1268
1273
1270
1275
1272
1277
1274
1279
1276
1217
1278
1219
1216
1221
1218
1223
1220
1225
1222
1227
1224
1229
1226
1231
1228
1233
1230
1235
1232
1237
1234
1239
1236
1241
1238
1243
1240
1245
1242
1247
1244
1185
1246
1187
1184
1189
1186
1191
1188
1193
1190
1195
1192
1197
1194
1199
1196
1201
1198
1203
1200
1205
1202
1207
1204
1209
1206
1211
1208
1213
1210
1215
1212
1153
1214
1155
1152
1157
1154
1159
1156
1161
1158
1163
1160
1165
1162
1167
1164
1169
1166
1171
1168
1173
1170
1175
1172
1177
1174
1179
1176
1181
1178
1183
1180
1182
