1377
1379
1376
1381
1378
1383
1380
1385
1382
1387
1384
1389
1386
1391
1388
1393
1390
1395
1392
1397
1394
1399
1396
1401
1398
1403
1400
1405
1402
1407
1404
1345
1406
1347
1344
1349
1346
1351
1348
1353
1350
1355
1352
1357
1354
1359
1356
1361
1358
1363
1360
1365
1362
1367
1364
1369
1366
1371
1368
1373
1370
1375
1372
1313
1374
1315
1312
1317
1314
1319
1316
1321
1318
1323
1320
1325
1322
1327
1324
1329
1326
1331
1328
1333
1330
1334
1332
1337
1335
1339
1336
1341
1338
1343
1340
1281
1342
1283
1280
1285
1282
1287
1284
1289
1286
1291
1288
1293
1290
1295
1292
1297
1294
1299
1296
1301
1298
1303
1300
1305
1302
1307
1304
1309
1306
1311
1308
1310
1505
1507
1504
1509
1506
1511
1508
1513
1510
1515
1512
1517
1514
1519
1516
1521
1518
1523
1520
1525
1522
1527
1524
1529
1526
1531
1528
1533
1530
1535
1532
1473
1534
1475
1472
1477
1474
1479
1476
1481
1478
1483
1480
1485
1482
1487
1484
1489
1486
1491
1488
1493
1490
1495
1492
1497
1494
1499
1496
1501
1498
1503
1500
1441
1502
1443
1440
1445
1442
1447
1444
1449
1446
1451
1448
1453
1450
1455
1452
1457
1454
1459
1456
1461
1458
1463
1460
1465
1462
1467
1464
1469
1466
1471
1468
1409
1470
1411
1408
1413
1410
1415
1412
1417
1414
1419
1416
1421
1418
1423
1420
1425
1422
1427
1424
1429
1426
1431
1428
1433
1430
1435
1432
1437
1434
1439
1436
1438
