id#          ADC_ch    ZDC_ch	size	ix	iy	x(mm)	y(mm)	used
==================ADC_4083-1,2,3,4.ADC_4bb2:1,2,4===========================
0x6F4083	3	1	2	20	0	760	-450	1
0x6F4083	4	2	2	20	2	760	-304	1
0x6F4083	1	3	2	20	4	760	-152	1
0x6F4083	2	4	2	20	6	760	0   	1
0x6F4083	5	5	2	20	8	760	152 	1
0x6F4083	6	6	2	20	10	760	304 	1
0x6F4083	7	7	2	20	12	760	456 	1
0x6F4083	8	8	2	18	0	608	-450	1
0x6F4083	11	9	2	18	2	608	-304	1
0x6F4083	12	10	2	18	4	608	-152	1
0x6F4083	9	11	2	18	6	608	0   	1
0x6F4083	10	12	2	18	8	608	152 	1
0x6F4083	13	13	2	18	10	608	304 	1
0x6F4083	14	14	2	18	12	608	456 	1
0x6F4083	19	15	2	16	0	456	-450	1
0x6F4083	20	16	2	16	2	456	-304	1
0x6F4083	17	17	2	16	4	456	-152	1
0x6F4083	18	18	2	16	6	456	0   	1
0x6F4083	21	19	2	16	8	456	152 	1
0x6F4083	22	20	2	16	10	456	304 	1
0x6F4083	23	21	2	16	12	456	456 	1
0x6F4083	24	22	2	14	0	304	-450	1
0x6F4083	27	23	2	14	2	304	-304	1
0x6F4083	28	24	2	14	4	304	-152	1
0x6F4083	25	25	2	14	6	304	0   	1
0x6F4083	26	26	2	14	8	304	152 	1
0x6F4083	29	27	2	14	10	304	304 	1
0x6F4083	30	28	2	14	12	304	456 	1
0x6F4BB2	77	29	2	12	0	152	-450	1
0x6F4BB2	78	30	2	12	2	152	-304	1
0x6F4BB2	79	31	2	12	10	152	304 	1
0x6F4BB2	80	32	2	12	12	152	450 	1
0x6F4BB2	125	33	2	10	0	0	-450	1
0x6F4BB2	126	34	2	10	2	0	-304	1
0x6F4BB2	127	35	2	10	10	0	304 	1
0x6F4BB2	128	36	2	10	12	0	450 	1
0x6F4BB2	109	37	2	8	0	-152	-450	1
0x6F4BB2	110	38	2	8	2	-152	-304	1
0x6F4BB2	111	39	2	8	10	-152	304 	1
0x6F4BB2	112	40	2	8	12	-152	450 	1
0x6F4083	35	41	2	6	0	-304	-450	1
0x6F4083	36	42	2	6	2	-304	-304	1
0x6F4083	33	43	2	6	4	-304	-152	1
0x6F4083	34	44	2	6	6	-304	0   	1
0x6F4083	37	45	2	6	8	-304	152 	1
0x6F4083	38	46	2	6	10	-304	304 	1
0x6F4083	39	47	2	6	12	-304	456 	1
0x6F4083	40	48	2	4	0	-456	-450	1
0x6F4083	43	49	2	4	2	-456	-304	1
0x6F4083	44	50	2	4	4	-456	-152	1
0x6F4083	41	51	2	4	6	-456	0   	1
0x6F4083	42	52	2	4	8	-456	152 	1
0x6F4083	45	53	2	4	10	-456	304 	1
0x6F4083	46	54	2	4	12	-456	456 	1
0x6F4083	51	55	2	2	0	-608	-450	1
0x6F4083	52	56	2	2	2	-608	-304	1
0x6F4083	49	57	2	2	4	-608	-152	1
0x6F4083	50	58	2	2	6	-608	0   	1
0x6F4083	53	59	2	2	8	-608	152 	1
0x6F4083	54	60	2	2	10	-608	304 	1
0x6F4083	55	61	2	2	12	-608	456 	1
0x6F4083	56	62	2	0	0	-760	-450	1
0x6F4083	59	63	2	0	2	-760	-304	1
0x6F4083	60	64	2	0	4	-760	-152	1
0x6F4083	57	65	2	0	6	-760	0   	1
0x6F4083	58	66	2	0	8	-760	152 	1
0x6F4083	61	67	2	0	10	-760	304 	1
0x6F4083	62	68	2	0	12	-760	456 	1
0x6F4BB2	67	69	1	13	4	190	-190	1
0x6F4BB2	68	70	1	13	5	190	-114	1
0x6F4BB2	65	71	1	13	6	190	-38 	1
0x6F4BB2	66	72	1	13	7	190	38  	1
0x6F4BB2	69	73	1	13	8	190	114 	1
0x6F4BB2	70	74	1	13	9	190	190 	1
0x6F4BB2	71	75	1	12	4	114	-190	1
0x6F4BB2	72	76	1	12	5	114	-114	1
0x6F4BB2	75	77	1	12	6	114	-38 	1
0x6F4BB2	76	78	1	12	7	114	38  	1
0x6F4BB2	73	79	1	12	8	114	114 	1
0x6F4BB2	74	80	1	12	9	114	190 	1
0x6F4BB2	115	81	1	11	4	38	-190	1
0x6F4BB2	116	82	1	11	5	38	-114	1
0x6F4BB2	113	83	1	11	6	38	-38 	1
0x6F4BB2	114	84	1	11	7	38	38  	1
0x6F4BB2	117	85	1	11	8	38	114 	1
0x6F4BB2	118	86	1	11	9	38	190 	1
0x6F4BB2	119	87	1	10	4	-38	-190	1
0x6F4BB2	120	88	1	10	5	-38	-114	1
0x6F4BB2	123	89	1	10	6	-38	-38 	1
0x6F4BB2	124	90	1	10	7	-38	38  	1
0x6F4BB2	121	91	1	10	8	-38	114 	1
0x6F4BB2	122	92	1	10	9	-38	190 	1
0x6F4BB2	99	93	1	9	4	-114	-190	1
0x6F4BB2	100	94	1	9	5	-114	-114	1
0x6F4BB2	97	95	1	9	6	-114	-38 	1
0x6F4BB2	98	96	1	9	7	-114	38  	1
0x6F4BB2	101	97	1	9	8	-114	114 	1
0x6F4BB2	102	98	1	9	9	-114	190 	1
0x6F4BB2	103	99	1	8	4	-190	-190	1
0x6F4BB2	104	100	1	8	5	-190	-114	1
0x6F4BB2	107	101	1	8	6	-190	-38 	1
0x6F4BB2	108	102	1	8	7	-190	38  	1
0x6F4BB2	105	103	1	8	8	-190	114 	1
0x6F4BB2	106	104	1	8	9	-190	190 	1
0x6F4083        15	105	1      -1      -1   	-1	-1  	1
0x6F4083        16	106	1      -1      -1   	-1	-1  	1
0x6F4083        31	107	1      -1      -1   	-1	-1  	1
0x6F4083        32	108	1      -1      -1   	-1	-1  	1
0x6F4083        47	109	1      -1      -1   	-1	-1	1
0x6F4083        48	110	1      -1      -1   	-1	-1	1
0x6F4083        63	111	1      -1      -1   	-1	-1	1
0x6F4083        64	112	1      -1      -1   	-1	-1	1
0x6F4BB2        83	113	200    -1      -1   	-1	-1	1
0x6F4BB2        84	114	201    -1      -1   	-1	-1	1
0x6F4BB2        81	115	202    -1      -1   	-1	-1	1
0x6F4BB2        82	116	203    -1      -1   	-1	-1	1
0x6F4BB2        85	117	204    -1      -1   	-1	-1	1
0x6F4BB2        86	118	205    -1      -1   	-1	-1	1
0x6F4BB2        87	119	206    -1      -1   	-1	-1	1
0x6F4BB2        88	120	207    -1      -1   	-1	-1	1
0x6F4BB2        91	121	208    -1      -1   	-1	-1	1
0x6F4BB2        92	122	209    -1      -1   	-1	-1	1
0x6F4BB2        89	123	210    -1      -1   	-1	-1	1
0x6F4BB2        90	124	211    -1      -1   	-1	-1	1
0x6F4BB2        93	125	212    -1      -1   	-1	-1	1
0x6F4BB2        94	126	213    -1      -1   	-1	-1	1
0x6F4BB2        95	127	214    -1      -1   	-1	-1	1
0x6F4BB2        96	128	215    -1      -1   	-1	-1	1
