nRun 0.000 0.000 ZcoorHe
2440 1.000 -3.275 8.275
2441 0.674 0.287 8.475
2442 1.053 -1.237 0.000
2443 0.674 0.287 8.475
2444 0.645 0.500 2.875
2445 0.667 0.383 8.425
2446 0.682 0.290 2.925
2447 0.674 0.354 2.825
2448 0.682 0.358 2.825
2449 0.690 0.362 2.875
2450 0.690 0.328 2.825
2451 0.714 0.232 2.825
2452 0.682 0.392 2.775
2453 1.000 -1.875 0.000
2454 0.714 0.268 0.000
2464 1.000 -1.775 0.000
2465 0.769 0.019 0.000
2466 1.000 -1.875 0.000
2470 0.706 0.335 2.825
2474 0.750 0.281 2.625
2475 0.698 0.436 2.525
2477 0.706 0.441 2.625
2478 0.759 0.247 2.575
2479 0.698 0.471 2.575
2480 0.759 0.247 2.575
2481 0.732 0.348 2.575
2483 0.723 0.488 2.475
2484 0.714 0.554 2.575
2485 0.723 0.416 2.625
2487 0.723 0.452 2.575
2522 0.732 0.384 2.625
2528 0.759 0.057 0.000
2529 0.750 0.131 0.000
2530 0.759 0.095 0.000
2532 0.759 0.133 0.000
2533 0.800 -0.060 0.000
2538 0.750 0.169 7.775
2545 0.741 0.167 2.725
2547 0.652 0.734 2.675
2550 0.714 0.232 2.525
2551 0.706 0.441 0.000
2552 0.690 0.466 2.575
2554 0.723 0.307 2.575
2555 0.723 0.380 2.475
2556 0.732 0.311 2.525
2557 0.698 0.576 2.525
2558 0.741 0.315 2.525
2560 0.732 0.421 2.525
2562 0.789 0.178 2.525
2566 0.769 0.173 2.775
2567 0.769 0.173 2.725
2570 0.789 0.059 0.000
2571 0.759 0.247 2.825
2572 0.779 0.136 2.725
2576 0.769 0.173 2.675
2578 0.779 0.175 7.475
2579 0.779 0.175 7.475
2580 0.769 0.250 2.675
2581 0.769 0.250 2.725
2582 0.769 0.250 2.725
2585 0.789 0.217 2.575
2586 0.789 0.178 2.625
2587 0.800 0.140 7.325
2589 0.779 0.253 2.625
2590 0.779 0.253 0.000
2591 0.789 0.257 1.225
2592 0.789 0.217 2.625
2594 0.789 0.257 2.625
2595 0.800 0.180 7.275
2596 0.779 0.292 2.625
2598 0.800 0.180 2.625
2599 0.800 0.180 0.000
2600 0.800 0.180 0.000
2601 0.800 0.140 2.675
2602 0.800 0.180 7.275
2603 0.811 0.101 2.625
2604 0.800 0.180 2.575
2605 0.811 0.142 2.575
2606 0.789 0.257 2.625
2610 0.800 0.220 0.000
2612 0.789 0.257 1.175
2613 0.800 0.180 7.275
2614 0.789 0.217 2.625
2619 0.800 0.180 2.625
2620 0.789 0.257 1.175
2621 0.779 0.292 2.525
2622 0.800 0.220 2.675
2623 0.811 0.182 2.575
2624 0.789 0.296 2.625
2625 0.800 0.260 2.625
2626 0.822 0.144 7.125
2627 0.811 0.182 2.625
2628 0.822 0.144 2.625
2629 0.822 0.144 2.575
2630 0.811 0.223 2.575
2631 0.822 0.185 2.625
2632 0.822 0.144 7.125
2633 0.811 0.223 2.625
2634 0.811 0.223 3.425
2635 0.822 0.185 3.425
2636 0.822 0.144 2.675
2637 0.822 0.144 2.625
2638 0.811 0.182 2.575
2639 0.822 0.144 7.125
2640 0.833 0.104 2.625
2641 0.822 0.185 2.625
2642 0.811 0.264 2.575
2643 0.822 0.185 2.575
2644 0.822 0.185 2.575
2645 0.845 0.063 7.025
2646 0.833 0.104 2.575
2647 0.822 0.185 2.575
2648 0.811 0.223 2.575
2649 0.822 0.226 2.575
2650 0.833 0.146 2.575
2651 0.845 0.063 7.025
2652 0.822 0.185 7.075
2653 0.811 0.264 2.625
2654 0.822 0.185 2.525
2655 0.833 0.146 2.575
2656 0.822 0.226 2.525
2657 0.833 0.146 2.575
2658 0.822 0.226 2.575
2659 0.833 0.146 7.025
2660 0.845 0.106 2.575
2661 0.845 0.063 2.625
2662 0.822 0.226 2.475
2663 0.822 0.226 2.525
2664 0.845 0.106 2.525
2665 0.845 0.106 6.975
2666 0.833 0.146 3.425
2667 0.833 0.146 2.625
2670 0.822 0.226 1.175
2672 0.833 0.229 1.175
2673 1.000 -0.975 0.000
2674 0.822 0.185 1.175
2675 1.000 -0.925 0.000
2677 1.000 -0.875 0.000
2678 0.923 -0.115 0.000
2680 0.845 0.190 0.000
2682 0.845 0.190 1.175
2683 0.845 0.190 1.175
2685 0.857 0.150 0.000
2687 0.822 0.267 0.000
2688 0.811 0.182 2.675
2689 0.811 0.223 2.275
2691 0.811 0.264 2.575
2693 0.857 0.107 0.000
2695 0.870 -0.022 3.475
2698 0.822 0.103 2.625
2700 0.822 0.185 2.575
2701 0.822 0.185 7.075
2705 0.845 0.063 7.025
2706 0.845 0.106 6.975
2707 0.845 0.106 2.575
2708 0.822 0.185 0.000
2710 0.822 0.185 2.625
2711 0.833 0.146 2.625
2712 0.845 0.106 2.625
2714 0.845 0.063 7.025
2715 0.833 0.146 2.525
2716 1.000 -0.925 6.925
2717 1.000 -0.925 0.000
2719 1.000 -0.975 0.000
2720 0.833 0.146 2.625
2721 0.822 0.185 2.625
2722 0.845 0.106 2.625
2723 0.857 0.064 2.575
2725 0.833 0.146 7.025
2726 0.845 0.106 2.575
2727 0.845 0.106 2.575
2728 0.845 0.106 2.575
2730 0.833 0.146 2.575
2731 0.845 0.106 6.975
2732 0.845 0.106 6.975
2733 0.822 0.185 2.625
2734 0.822 0.226 2.575
2735 0.833 0.188 2.575
2738 0.833 0.146 2.625
2742 0.833 0.146 2.525
2743 0.833 0.188 2.575
2744 0.833 0.188 6.975
2746 0.833 0.188 2.575
2747 0.833 0.146 2.625
2748 0.833 0.188 2.525
2749 0.822 0.226 2.525
2751 0.833 0.188 2.525
2752 0.822 0.226 2.575
2753 0.833 0.188 2.575
2754 0.845 0.106 2.525
2755 0.845 0.106 6.975
2756 0.833 0.188 2.525
2757 0.811 0.304 2.525
2758 0.845 0.148 2.525
2759 0.833 0.188 2.525
2760 0.845 0.106 6.975
2761 0.822 0.226 2.525
2762 0.833 0.188 2.525
2763 0.822 0.226 2.525
2764 0.833 0.188 2.525
2765 0.833 0.188 0.000
2766 0.822 0.226 2.575
2768 1.000 -0.675 0.000
2769 1.000 -0.675 0.000
2770 1.000 -0.675 0.000
2771 0.789 0.375 0.000
2772 0.882 0.022 0.000
2774 0.833 0.229 2.525
2775 0.857 0.107 2.575
2776 0.822 0.308 2.525
2777 0.857 0.064 2.625
2778 0.845 0.148 2.575
2779 0.833 0.188 6.975
2781 0.822 0.226 2.525
2782 0.822 0.226 0.000
2783 0.759 0.551 1.175
2784 0.870 0.109 2.675
2785 0.857 0.150 3.325
2786 0.857 0.150 6.825
2788 0.857 0.150 2.525
2789 0.857 0.150 2.525
2790 0.833 0.313 3.225
2791 0.857 0.107 2.525
2792 0.857 0.150 2.575
2793 0.882 0.022 6.775
2795 0.857 0.150 2.525
2796 0.857 0.150 2.525
2797 0.857 0.150 2.525
2799 0.857 0.150 2.475
2800 0.857 0.150 2.525
2801 0.870 0.065 2.475
2802 0.882 0.022 6.775
2803 0.870 0.065 6.825
2804 0.857 0.150 3.325
2805 0.845 0.190 3.325
2806 0.857 0.150 2.475
2807 0.845 0.190 2.525
2808 0.857 0.150 2.525
2809 0.870 0.109 6.775
2812 0.857 0.150 6.825
2813 0.870 0.109 2.525
2814 0.870 0.109 2.525
2816 0.870 0.109 2.475
2817 0.857 0.150 2.475
2818 0.845 0.190 2.525
2819 0.857 0.150 6.825
2820 0.857 0.150 3.325
2821 0.870 0.109 2.525
2823 0.870 0.065 2.525
2824 0.845 0.190 2.525
2825 0.857 0.107 2.525
2826 0.857 0.150 2.525
2828 0.870 0.065 6.825
2838 0.845 0.148 3.375
2839 0.857 0.107 0.000
2840 0.857 0.150 2.525
2841 0.870 0.109 2.525
2842 0.870 0.109 2.525
2843 0.870 0.109 2.525
2844 0.870 0.152 2.475
2845 0.870 0.152 6.725
2846 0.882 0.066 6.725
2847 0.870 0.152 2.525
2848 0.870 0.109 2.425
2849 0.857 0.193 2.525
2850 0.882 0.066 2.475
2852 0.845 0.232 2.525
2853 0.870 0.152 6.725
2855 0.870 0.152 2.475
2856 0.870 0.109 2.525
2857 0.870 0.109 2.525
2861 0.857 0.236 2.475
2863 0.896 0.022 6.675
2864 0.896 0.112 2.525
2865 0.896 0.112 2.475
2866 0.896 0.112 2.475
2867 0.909 0.068 2.475
2868 0.896 0.067 6.625
2869 0.882 0.066 2.525
2870 0.870 0.109 2.475
2871 0.882 0.066 2.425
2873 0.870 0.152 2.475
2874 0.870 0.152 2.425
2875 0.870 0.152 2.475
2877 0.882 0.066 2.475
2878 0.870 0.196 2.475
2879 0.870 0.152 2.475
2880 1.000 -0.675 0.000
2881 0.882 0.110 2.425
2884 0.909 0.068 2.475
2885 0.909 0.068 6.525
2886 0.909 0.068 2.425
2887 0.909 0.068 2.425
2889 0.923 -0.023 2.475
2892 0.923 0.023 3.225
2893 0.909 0.114 2.425
2895 0.909 0.068 2.425
2897 0.909 0.068 3.225
2898 0.909 0.068 6.525
2899 0.909 0.068 3.225
2900 0.923 0.023 2.425
2901 0.882 0.199 2.425
2903 0.909 0.114 2.425
2904 0.923 0.023 6.475
2905 0.882 0.199 2.425
2906 0.896 0.157 2.425
2907 0.909 0.114 2.475
2910 0.909 0.114 2.375
2911 0.923 0.023 6.475
2912 0.909 0.068 2.375
2913 0.909 0.068 3.225
2914 0.909 0.114 2.375
2916 0.909 0.114 3.175
2917 0.938 -0.023 6.425
2918 0.923 0.069 2.425
2919 0.909 0.114 2.475
2922 0.923 0.069 2.425
2923 0.923 0.023 2.475
2924 0.938 -0.023 6.425
2925 0.909 0.114 2.425
2926 0.923 0.069 3.175
2927 0.909 0.114 2.425
2928 0.938 0.023 2.425
2929 0.923 0.069 2.375
2930 0.938 -0.023 6.425
2931 0.909 0.159 2.425
2932 0.909 0.114 2.425
2934 0.909 0.114 2.425
2935 0.896 0.201 2.425
2936 0.923 0.023 6.475
2937 0.896 0.157 3.175
2939 0.896 0.157 2.375
2940 0.882 0.199 2.425
2942 0.857 0.321 0.000
2944 0.870 0.196 2.375
2945 0.923 0.023 2.375
2946 0.909 0.114 2.425
2947 0.923 0.023 6.475
2948 0.923 0.023 3.225
2950 0.909 0.159 2.375
2953 0.909 0.068 2.425
2954 0.882 0.199 2.475
2955 0.896 0.112 2.425
2956 0.909 0.068 2.425
2957 0.909 0.068 6.525
2958 0.896 0.112 2.475
2960 0.896 0.157 2.425
2961 0.909 0.114 2.375
2962 0.909 0.114 2.425
2963 0.938 -0.023 6.425
2964 0.923 0.023 2.425
2966 0.923 0.069 3.175
2969 0.909 0.114 3.175
2970 0.909 0.114 2.425
2972 0.923 0.069 6.425
2973 0.896 0.157 2.375
2974 1.000 -0.275 0.000
2975 1.000 -0.275 0.000
2976 0.938 0.023 2.425
2977 0.938 0.023 3.175
2978 0.923 0.069 2.425
2979 0.923 0.069 2.425
2980 0.938 0.023 6.375
2981 0.923 0.069 2.425
2982 1.000 -0.225 0.000
3002 1.000 -0.175 0.000
3003 1.000 -0.225 6.225
3004 0.923 0.069 2.425
3007 0.909 0.114 2.375
3008 0.909 0.114 2.425
3010 0.938 0.023 2.425
3011 0.923 0.069 2.375
3012 0.909 0.114 2.425
3013 0.923 0.069 2.425
3015 0.923 0.069 6.425
3018 0.923 0.069 2.375
3021 0.909 0.114 2.425
3022 0.896 0.201 2.325
3023 0.909 0.114 2.375
3025 0.923 0.069 2.325
3026 0.923 0.069 0.000
3028 0.923 0.069 6.425
3029 0.923 0.069 2.375
3036 0.923 0.069 6.425
3037 0.938 0.023 6.375
3039 0.938 0.023 6.375
3041 0.938 0.023 6.375
3042 0.938 0.023 6.375
3043 0.938 0.023 6.375
3044 1.000 -0.175 0.000
3045 1.000 -0.175 6.175
3046 1.000 -0.175 0.000
3049 1.000 0.750 0.000
3051 1.000 -0.125 0.000
3052 1.000 -0.125 0.000
3053 1.000 -0.125 6.125
3054 1.017 -0.229 3.175
3056 1.017 -0.229 3.175
3057 1.034 -0.284 3.175
3058 0.984 -0.074 2.325
3059 0.923 0.115 2.375
3060 0.968 -0.073 2.325
3061 0.923 0.162 2.325
3062 0.938 0.070 2.375
3063 0.938 0.070 6.325
3064 0.909 0.205 2.375
3065 0.923 0.115 2.275
3066 0.896 0.201 2.275
3067 0.938 0.023 2.325
3068 0.938 0.023 2.325
3069 0.923 0.115 6.375
3070 0.923 0.115 2.325
3071 0.896 0.246 2.325
3072 0.909 0.205 2.275
3073 0.923 0.115 2.275
3075 0.909 0.159 2.275
3076 0.938 0.023 6.375
3077 0.896 0.246 2.325
3078 0.923 0.115 2.325
3079 0.909 0.205 2.275
3080 0.923 0.115 2.275
3081 0.938 0.070 6.325
3083 0.909 0.205 2.225
3084 0.923 0.115 2.275
3085 0.938 0.070 2.325
3086 0.811 0.669 2.425
3087 0.923 0.115 2.275
3088 0.938 0.070 6.325
3089 0.923 0.162 2.325
3091 0.923 0.162 2.275
3094 0.938 0.070 2.275
3095 0.938 0.070 2.325
3096 0.938 0.070 6.325
3097 0.938 0.070 2.325
3098 0.938 0.070 2.325
3099 0.923 0.162 2.275
3100 0.938 0.070 2.325
3101 0.938 0.070 6.325
3102 0.923 0.162 2.375
3104 0.952 0.071 2.325
3105 0.952 0.024 2.275
3108 0.923 0.162 2.375
3109 0.909 0.250 3.025
3113 0.938 0.070 2.375
3114 0.938 0.070 2.325
3115 0.938 0.070 6.325
3117 0.923 0.115 2.325
3118 0.909 0.114 2.475
3119 0.909 0.205 2.325
3120 0.938 0.070 2.375
3121 0.968 -0.024 2.375
3122 0.968 -0.024 6.225
3123 0.968 0.024 2.375
3125 0.968 -0.024 3.125
3126 0.938 0.070 2.375
3127 0.923 0.115 2.375
3128 0.938 0.070 2.375
3129 0.923 0.162 2.375
3130 0.923 0.115 2.325
3131 0.923 0.115 2.325
3134 0.938 0.070 6.325
3135 0.923 0.115 6.375
3136 1.017 -0.178 0.000
3137 1.034 -0.284 0.000
3138 1.053 -0.289 0.000
3139 1.053 -0.289 3.125
3141 1.000 -0.075 0.000
3142 1.000 -0.075 0.000
3143 1.000 -0.075 0.000
3144 1.000 -0.075 0.000
3145 0.968 -0.024 6.225
3146 0.952 0.071 6.225
3147 0.952 0.071 6.225
3148 1.000 -0.075 2.275
3149 0.938 0.164 2.325
3150 0.968 0.073 2.325
3152 0.952 0.119 2.325
3153 0.952 0.119 2.325
3154 0.984 -0.025 2.325
3155 0.968 0.024 6.175
3157 0.968 0.024 2.325
3159 0.968 0.024 2.375
3160 0.952 0.119 2.325
3161 0.984 -0.074 2.375
3162 0.984 -0.074 6.175
3163 0.952 0.071 2.325
3164 0.968 0.024 2.325
3165 0.968 -0.024 2.325
3166 0.952 0.071 2.325
3167 0.968 0.024 6.175
3168 0.952 0.071 2.325
3170 0.952 0.071 2.325
3172 0.952 0.071 2.325
3174 0.952 0.071 2.325
3176 0.968 0.024 6.175
3178 0.938 0.164 2.325
3180 0.952 0.119 2.325
3181 0.952 0.119 2.275
3182 0.952 0.119 2.375
3183 0.952 0.119 2.275
3184 0.968 0.024 6.175
3185 0.952 0.071 2.325
3186 0.952 0.071 2.275
3187 0.952 0.071 2.275
3188 0.952 0.071 2.275
3189 0.952 0.119 2.225
3190 0.968 0.024 6.175
3192 0.938 0.164 2.275
3193 0.952 0.119 2.225
3194 0.952 0.071 2.325
3195 0.952 0.071 2.325
3196 0.968 -0.024 6.225
3197 0.952 0.071 6.225
3199 0.952 0.071 2.325
3200 0.938 0.117 2.275
3202 0.952 0.071 2.375
3205 0.952 0.071 6.225
3206 0.952 0.071 2.325
3207 0.938 0.117 2.275
3208 0.952 0.071 2.325
3210 0.952 0.071 2.325
3211 0.968 -0.024 6.225
3212 0.968 0.024 6.175
3213 0.938 0.164 2.325
3214 0.938 0.117 2.325
3216 0.952 0.071 2.325
3217 0.968 0.024 2.325
3218 0.984 -0.074 6.175
3219 0.952 0.024 2.325
3220 0.952 0.071 2.325
3221 0.952 0.071 2.275
3224 0.952 0.119 2.325
3225 0.984 -0.025 6.125
3227 0.938 0.117 3.075
3229 0.968 0.024 2.325
3230 0.938 0.117 2.375
3231 0.984 -0.025 2.375
3232 0.984 -0.025 2.275
3233 0.968 0.073 3.025
3234 0.968 0.073 2.275
3235 0.968 0.024 2.325
3236 0.968 0.024 2.325
3237 0.968 0.024 2.275
3239 0.984 -0.025 6.125
3241 0.952 0.071 2.325
3243 0.984 -0.025 2.325
3245 0.952 0.119 2.325
3246 0.938 0.164 2.325
3247 0.952 0.119 2.325
3248 0.968 0.024 2.275
3249 0.968 0.024 2.325
3252 0.952 0.119 2.325
3253 0.984 -0.025 2.325
3254 0.984 -0.025 6.125
3255 0.984 -0.025 6.125
3257 0.968 0.073 2.275
3258 0.968 0.073 2.325
3259 0.984 -0.025 3.075
3264 1.000 0.125 2.125
3270 1.053 -0.132 2.175
3271 0.923 0.254 2.225
3272 1.034 -0.026 2.075
3273 1.034 -0.078 2.125
3275 1.000 0.025 0.000
3276 1.034 -0.078 2.175
3277 1.053 -0.184 2.075
3278 1.017 0.025 2.175
3279 1.017 -0.025 0.000
3280 1.017 -0.025 0.000
3281 0.968 0.169 2.125
3282 1.034 -0.078 0.000
3284 1.034 -0.129 2.175
3285 0.984 0.123 2.125
3286 1.017 -0.025 0.000
3287 1.017 0.076 2.125
3288 0.984 0.123 2.125
3289 1.053 -0.079 2.175
3291 0.968 0.266 2.025
3292 1.034 -0.078 0.000
3293 1.017 -0.025 2.125
3294 1.017 0.025 2.125
3300 0.968 0.169 2.075
3301 0.968 0.169 2.175
3302 1.000 0.025 0.000
3303 1.034 -0.026 2.175
3305 1.000 0.025 2.075
3306 1.017 0.025 2.125
3307 1.017 0.025 2.125
3308 1.034 -0.129 0.000
3310 0.938 0.258 2.125
3311 0.938 0.305 2.075
3312 1.000 0.075 2.125
3313 1.000 0.075 2.125
3314 1.017 -0.025 0.000
3315 0.984 0.172 2.125
3316 1.034 -0.026 2.075
3317 1.017 0.025 2.175
3318 1.000 0.075 2.125
3319 1.017 0.025 0.000
3320 1.017 -0.025 2.075
3321 0.938 0.305 2.125
3322 1.017 0.076 2.075
3323 1.017 0.076 2.125
3324 1.017 0.076 2.125
3325 1.034 -0.026 0.000
3326 1.000 0.175 2.075
3327 1.034 -0.026 2.075
3328 1.000 0.125 2.125
3332 1.000 -0.025 2.325
3335 0.984 0.025 2.275
3338 1.000 -0.025 6.025
3339 0.984 0.025 2.275
3340 0.968 0.121 2.275
3341 1.000 -0.025 2.275
3342 1.000 -0.025 2.325
3343 1.000 -0.025 2.275
3344 1.000 -0.025 0.000
3345 1.000 -0.025 2.225
3347 1.000 -0.025 2.225
3348 0.968 0.121 2.275
3349 1.000 -0.025 2.325
3350 0.984 0.025 0.000
3351 0.968 0.073 2.275
3352 0.968 0.121 2.325
3353 1.000 0.025 2.275
3354 0.984 0.074 2.275
3355 1.017 -0.076 2.325
3356 1.000 0.025 5.975
3357 1.017 -0.076 2.275
3358 1.000 0.075 2.925
3360 1.000 0.025 2.275
3362 1.000 0.025 2.975
3365 1.000 0.025 2.275
3366 1.000 0.025 2.275
3367 1.000 0.025 5.975
3368 1.000 0.025 2.275
3369 1.000 0.025 2.275
3370 1.000 0.025 2.225
3374 1.017 -0.025 2.225
3376 1.017 -0.025 2.275
3378 1.000 0.025 5.975
3379 1.000 0.025 2.275
3380 0.984 0.074 2.175
3381 0.984 0.074 2.225
3382 0.968 0.121 2.225
3383 1.017 -0.076 5.975
3385 0.984 0.074 2.975
3387 0.968 0.169 2.275
3388 0.984 0.074 2.275
3389 1.000 -0.025 2.325
3390 0.984 0.074 2.275
3391 1.000 -0.025 0.000
3392 0.984 0.074 2.275
3393 0.968 0.121 2.225
3394 0.984 0.074 2.225
3395 0.968 0.121 2.275
3396 1.000 -0.025 6.025
3397 0.984 0.074 2.275
3398 0.984 0.074 2.275
3399 0.984 0.074 2.275
3400 0.984 0.074 2.275
3401 1.000 0.025 0.000
3402 0.984 0.074 2.225
3403 1.000 0.025 2.275
3404 0.984 0.123 2.225
3405 0.968 0.169 2.175
3406 0.984 0.074 2.275
3408 1.017 -0.076 0.000
3409 0.984 0.074 2.275
3410 0.984 0.074 2.225
3411 0.968 0.169 2.925
3412 1.000 -0.025 2.275
3413 1.017 -0.076 0.000
3414 1.000 0.025 2.975
3415 1.000 0.025 2.275
3416 0.984 0.074 2.275
3417 1.017 -0.076 2.275
3418 0.984 0.074 2.275
3419 1.000 0.025 5.975
3421 1.000 0.025 2.275
3423 0.984 0.074 2.975
3425 1.000 0.025 2.975
3426 1.000 0.025 2.225
3427 1.017 -0.076 0.000
3429 1.000 0.025 2.275
3430 1.000 0.175 5.825
3431 1.000 0.225 5.775
3432 1.000 0.225 5.775
3433 1.000 0.225 5.775
3434 1.000 0.225 5.775
3435 1.071 -0.188 5.775
3436 1.071 -0.188 5.775
3437 1.053 -0.079 5.775
3441 1.071 -0.188 5.775
3442 1.071 -0.188 5.775
3443 1.071 -0.188 5.775
3446 1.071 -0.188 5.775
3447 1.071 -0.188 5.775
3451 1.071 -0.188 5.775
3452 1.071 -0.188 5.775
3453 1.091 -0.245 5.725
3454 1.091 -0.245 5.725
3455 1.091 -0.191 5.675
3456 1.091 -0.191 5.675
3457 1.071 -0.134 5.725
3462 1.000 0.375 5.625
3463 1.000 0.375 5.625
3464 1.000 0.325 5.675
3465 1.000 0.275 5.725
3466 1.000 0.225 5.775
3467 1.000 0.225 5.775
3472 1.000 0.225 5.775
3474 1.000 0.225 5.775
3475 1.053 -0.184 5.875
3476 1.053 -0.184 5.875
3479 1.034 -0.078 5.875
3481 1.053 -0.132 5.825
3482 1.053 -0.184 5.875
3483 1.071 -0.241 5.825
3485 1.053 -0.184 5.875
3491 1.053 -0.184 5.875
3492 1.053 -0.184 5.875
3493 1.034 -0.078 5.875
3495 1.053 -0.184 5.875
3496 1.071 -0.241 5.825
3497 1.053 -0.132 5.825
3498 1.053 -0.132 5.825
3499 1.091 -0.300 5.775
3500 1.071 -0.241 5.825
3503 0.952 0.262 2.025
3504 1.000 0.125 2.025
3505 0.952 0.262 2.025
3506 1.017 0.076 2.025
3507 1.017 0.025 2.025
3508 1.034 -0.026 2.025
3509 1.000 0.125 2.025
3510 1.017 0.076 2.025
3511 1.017 0.076 2.075
3512 0.938 0.352 2.075
3513 1.000 0.075 2.125
3514 1.053 -0.132 5.825
3515 1.017 0.025 0.000
3516 1.017 0.025 5.875
3517 1.053 -0.132 5.825
3518 1.034 -0.026 5.825
3519 1.053 -0.132 5.825
3520 1.053 -0.132 5.825
3521 1.053 -0.132 5.825
3522 1.053 -0.132 5.825
3523 1.053 -0.132 5.825
3524 1.053 -0.132 5.825
3525 1.053 -0.132 5.825
3526 1.053 -0.132 5.825
3527 1.053 -0.132 5.825
3528 1.053 -0.132 5.825
3529 1.053 -0.132 5.825
3530 1.053 -0.132 5.825
3531 1.053 -0.132 5.825
3532 1.053 -0.132 5.825
3535 1.053 -0.132 5.825
3536 1.053 -0.132 5.825
3537 1.053 -0.132 5.825
3538 1.034 -0.026 5.825
3539 1.053 -0.132 5.825
3541 1.053 -0.079 5.775
3542 1.053 -0.132 5.825
3543 1.034 -0.026 5.825
3544 1.034 -0.026 5.825
3545 1.053 -0.079 5.775
3546 1.034 -0.026 5.825
3547 1.034 -0.026 5.825
3548 1.034 -0.026 5.825
3549 1.017 0.076 5.825
3550 1.053 -0.079 5.775
3551 1.053 -0.079 5.775
3552 1.034 -0.026 5.825
3553 1.053 -0.079 5.775
3554 1.053 -0.132 5.825
3555 1.053 -0.079 5.775
3557 1.053 -0.132 5.825
3558 1.053 -0.079 5.775
3559 1.034 -0.026 5.825
3560 1.034 -0.026 5.825
3561 1.053 -0.079 5.775
3562 1.034 -0.026 5.825
3563 1.053 -0.079 5.775
3564 1.071 -0.188 5.775
3565 1.053 -0.079 5.775
3566 1.071 -0.188 5.775
3567 1.053 -0.079 5.775
3568 1.053 -0.079 5.775
3569 1.053 -0.079 5.775
3570 1.071 -0.188 5.775
3571 1.034 -0.026 5.825
3572 1.053 -0.079 5.775
3573 1.053 -0.079 5.775
3574 1.071 -0.188 5.775
3575 1.071 -0.134 5.725
3576 1.034 -0.026 0.000
3578 1.071 -0.134 5.725
3580 1.053 -0.079 5.775
3581 1.034 -0.026 5.825
3582 1.053 -0.079 5.775
3583 1.071 -0.134 5.725
3584 1.071 -0.134 5.725
3587 1.071 -0.188 5.775
3588 1.053 -0.132 5.825
