nRun 0.000 0.000 ZcoorHe_ะก
2441 0.674 0.287 8.475
2443 0.682 0.256 8.425
2445 0.667 0.383 8.425
2446 0.682 0.290 2.875
2447 0.667 0.383 2.775
2448 0.682 0.358 2.875
2449 0.652 0.538 2.825
2450 0.682 0.392 2.775
2451 0.714 0.232 2.825
2452 0.682 0.392 2.775
2454 0.682 0.597 2.975
2470 0.706 0.300 2.775
2474 0.682 0.494 2.625
2475 0.698 0.471 2.525
2477 0.714 0.375 2.575
2478 0.706 0.406 2.525
2479 0.698 0.471 2.625
2480 0.769 0.212 2.625
2481 0.706 0.406 2.575
2483 0.714 0.554 2.475
2485 0.714 0.446 2.675
2487 0.732 0.384 2.625
2522 0.732 0.384 2.625
2524 0.732 0.384 2.625
2525 0.732 0.384 2.625
2526 0.732 0.384 2.625
2527 0.732 0.384 2.625
2528 0.750 0.131 7.825
2529 0.759 0.057 7.825
2530 0.759 0.095 7.775
2532 0.769 0.019 7.775
2533 0.800 -0.100 7.625
2538 0.750 0.169 7.775
2554 0.741 0.241 2.675
2566 0.769 0.173 2.725
2567 0.779 0.136 2.675
2570 0.779 0.136 2.725
2576 0.789 0.099 2.675
2578 0.779 0.175 7.475
2579 0.779 0.175 7.475
2580 0.769 0.250 2.625
2585 0.789 0.217 2.575
2586 0.779 0.253 2.625
2587 0.789 0.217 7.325
2589 0.779 0.253 2.625
2591 0.811 0.101 1.225
2595 0.800 0.180 7.275
2599 0.800 0.180 7.275
2601 0.779 0.253 2.675
2602 0.800 0.180 7.275
2603 0.811 0.142 2.625
2604 0.789 0.257 2.575
2613 0.800 0.180 7.275
2623 0.811 0.182 2.575
2626 0.822 0.144 7.125
2628 0.833 0.104 2.625
2629 0.845 0.063 2.575
2630 0.822 0.185 2.575
2632 0.822 0.144 7.125
2635 0.968 -0.750 2.625
2639 0.833 0.104 7.075
2640 0.822 0.185 2.625
2642 0.811 0.264 2.575
2644 0.800 0.300 2.625
2645 0.845 0.063 7.025
2649 0.833 0.188 2.575
2650 0.833 0.188 2.525
2651 0.857 -0.021 7.025
2652 0.822 0.185 7.075
2653 0.822 0.226 2.575
2657 0.833 0.146 2.575
2658 0.822 0.226 2.575
2659 0.822 0.226 7.025
2661 0.833 0.146 2.575
2662 0.822 0.226 2.475
2665 0.833 0.188 6.975
2670 0.645 1.468 1.175
2673 0.632 1.532 7.075
2675 0.857 0.064 6.925
2677 0.870 0.022 6.875
2680 0.667 1.417 6.875
2685 0.659 1.500 6.825
2687 0.638 1.548 6.975
2689 0.789 0.336 2.625
2693 0.870 0.022 6.875
2700 0.833 0.146 2.575
2701 0.822 0.185 7.075
2705 0.845 0.063 7.025
2706 0.833 0.188 6.975
2707 0.833 0.146 2.575
2708 0.833 0.146 2.525
2710 0.822 0.185 2.625
2711 0.845 0.148 2.575
2712 0.845 0.106 2.625
2714 0.845 0.106 6.975
2716 0.857 0.064 6.925
2717 0.857 0.064 6.925
2719 0.857 0.064 6.925
2720 0.833 0.188 2.625
2721 0.833 0.146 2.575
2722 0.845 0.106 2.575
2723 0.857 0.064 2.575
2725 0.845 0.106 6.975
2726 0.845 0.106 2.525
2727 0.845 0.106 2.625
2728 0.845 0.106 2.625
2730 0.833 0.146 2.575
2731 0.833 0.188 6.975
2732 0.845 0.106 6.975
2734 0.833 0.188 2.625
2735 0.833 0.188 2.575
2742 0.833 0.146 2.525
2743 0.833 0.188 2.575
2744 0.833 0.188 6.975
2746 0.845 0.148 2.525
2747 0.833 0.146 2.575
2748 0.833 0.188 2.525
2749 0.833 0.188 2.525
2750 0.833 0.188 6.975
2753 0.833 0.229 2.525
2754 0.845 0.106 2.525
2755 0.833 0.188 6.975
2756 0.833 0.188 2.575
2757 0.811 0.304 2.525
2758 0.845 0.148 2.575
2760 0.833 0.188 6.975
2761 0.822 0.226 2.525
2762 0.822 0.267 2.525
2763 0.833 0.188 2.525
2765 0.833 0.188 6.975
2766 0.822 0.226 2.525
2774 0.845 0.190 2.475
2775 0.857 0.150 2.525
2776 0.822 0.308 2.525
2777 0.682 1.244 2.375
2778 0.833 0.188 2.575
2779 0.845 0.148 6.925
2781 0.811 0.304 2.525
2784 0.870 0.109 2.575
2786 0.857 0.150 6.825
2789 0.870 0.109 2.525
2790 0.845 0.232 2.525
2791 0.845 0.190 2.525
2792 0.845 0.232 2.575
2793 0.882 0.022 6.775
2795 0.870 0.109 2.525
2796 0.857 0.150 2.525
2799 0.857 0.150 2.575
2800 0.870 0.109 2.475
2801 0.882 0.022 2.475
2802 0.882 0.022 6.775
2803 0.870 0.109 6.775
2804 0.870 0.109 2.575
2805 0.845 0.232 2.525
2806 0.845 0.232 2.475
2807 0.845 0.232 2.525
2808 0.870 0.109 2.525
2809 0.870 0.109 6.775
2812 0.870 0.109 6.775
2814 0.857 0.193 2.475
2816 0.857 0.193 2.475
2817 0.857 0.193 2.525
2818 0.870 0.065 2.475
2819 0.845 0.232 6.825
2821 0.870 0.109 2.525
2823 0.870 0.109 2.525
2825 0.870 0.065 2.525
2828 0.870 0.065 6.825
2840 0.857 0.193 2.525
2841 0.882 0.066 2.525
2842 0.870 0.152 2.525
2843 0.882 0.066 2.525
2844 0.870 0.152 2.475
2845 0.870 0.152 6.725
2846 0.882 0.066 6.725
2847 0.870 0.152 2.525
2848 0.857 0.193 2.425
2849 0.870 0.152 2.525
2850 0.882 0.066 2.525
2852 0.857 0.193 2.475
2853 0.870 0.152 6.725
2856 0.870 0.109 2.525
2857 0.870 0.152 2.525
2861 0.870 0.196 2.425
2863 0.882 0.110 6.675
2864 0.909 0.068 2.525
2865 0.896 0.157 2.425
2866 0.909 0.068 2.375
2867 0.909 0.068 2.475
2868 0.882 0.154 6.625
2869 0.882 0.066 2.525
2870 0.857 0.193 2.525
2871 0.741 1.019 2.375
2873 0.870 0.196 2.475
2874 0.870 0.152 2.375
2875 0.870 0.152 2.475
2877 0.870 0.152 2.525
2878 0.870 0.196 2.475
2881 0.896 0.067 2.425
2884 0.909 0.068 2.425
2885 0.909 0.068 6.525
2886 0.896 0.157 2.425
2887 0.896 0.157 2.425
2889 0.923 0.023 2.475
2893 0.923 0.069 2.475
2895 0.923 0.023 2.375
2898 0.923 0.023 6.475
2899 0.923 0.069 2.525
2900 0.923 0.023 2.425
2901 0.896 0.157 2.425
2903 0.909 0.114 2.425
2904 0.923 0.023 6.475
2905 0.896 0.157 2.425
2907 0.923 0.069 2.425
2910 0.923 0.069 2.375
2911 0.923 0.069 6.425
2912 0.909 0.114 2.375
2913 0.923 0.069 2.425
2914 0.896 0.201 2.375
2916 0.923 0.069 2.475
2917 0.938 -0.023 6.425
2918 0.923 0.069 2.425
2919 0.909 0.114 2.425
2922 0.923 0.069 2.425
2923 0.923 0.069 2.375
2924 0.923 0.069 6.425
2925 0.909 0.114 2.425
2926 0.923 0.069 2.375
2927 0.923 0.069 2.425
2928 0.923 0.115 2.425
2929 0.909 0.159 2.325
2930 0.923 0.069 6.425
2931 0.909 0.159 2.425
2932 0.923 0.069 2.425
2934 0.923 0.069 2.375
2935 0.909 0.159 2.425
2936 0.923 0.023 6.475
2939 0.896 0.157 2.375
2940 0.896 0.157 2.425
2942 0.698 1.378 1.425
2945 0.923 0.069 2.325
2946 0.909 0.114 2.425
2947 0.923 0.023 6.475
2948 0.909 0.114 2.425
2950 0.896 0.201 2.375
2953 0.909 0.068 2.425
2954 0.896 0.112 2.475
2956 0.923 0.023 2.425
2957 0.909 0.068 6.525
2958 0.909 0.068 2.475
2960 0.909 0.114 2.425
2961 0.896 0.201 2.475
2962 0.896 0.157 2.375
2963 0.923 0.069 6.425
2964 0.938 -0.023 2.375
2966 0.909 0.159 2.425
2969 0.909 0.114 2.425
2970 0.909 0.159 2.425
2972 0.923 0.069 6.425
2973 0.909 0.114 2.375
2976 0.923 0.115 2.425
2977 0.952 -0.024 2.425
2978 0.923 0.069 2.375
2979 0.923 0.115 2.375
2980 0.938 0.023 6.375
2981 0.923 0.069 2.375
3004 0.938 0.023 2.475
3007 0.923 0.069 2.375
3008 0.923 0.023 2.425
3010 0.923 0.115 2.425
3011 0.938 0.023 2.375
3013 0.923 0.069 2.425
3015 0.923 0.069 6.425
3018 0.923 0.069 2.375
3021 0.909 0.114 2.425
3022 0.870 0.370 2.275
3023 0.923 0.069 2.475
3025 0.938 0.023 2.325
3026 0.909 0.159 6.425
3028 0.938 0.023 6.375
3029 0.923 0.069 2.425
3036 0.923 0.069 6.425
3037 0.938 0.023 6.375
3039 0.938 0.023 6.375
3041 0.938 0.023 6.375
3042 0.938 0.023 6.375
3043 0.938 0.023 6.375
3044 0.984 -0.123 6.225
3045 1.000 -0.225 6.225
3046 0.984 -0.074 6.175
3058 1.000 -0.125 2.425
3059 0.923 0.115 2.375
3060 0.968 -0.073 2.325
3061 0.938 0.070 2.375
3062 0.938 0.070 2.375
3063 0.938 0.070 6.325
3064 0.909 0.205 2.375
3065 0.938 0.070 2.275
3066 0.938 0.070 2.275
3067 0.938 0.070 2.325
3068 0.923 0.115 2.325
3069 0.923 0.115 6.375
3070 0.923 0.115 2.375
3071 0.909 0.159 2.375
3072 0.909 0.159 2.325
3073 0.938 0.070 2.275
3076 0.952 -0.024 6.325
3078 0.938 0.070 2.375
3079 0.923 0.162 2.275
3080 0.938 0.070 2.325
3081 0.938 0.070 6.325
3083 0.923 0.162 2.275
3084 0.923 0.115 2.225
3085 0.952 0.024 2.325
3086 0.909 0.205 2.375
3088 0.938 0.070 6.325
3091 0.938 0.117 2.325
3096 0.938 0.117 6.275
3098 0.923 0.115 2.325
3099 0.923 0.162 2.275
3101 0.938 0.070 6.325
3102 0.938 0.117 2.325
3105 0.984 -0.074 2.325
3108 0.909 0.205 2.425
3113 0.938 0.070 2.325
3114 0.923 0.162 2.325
3115 0.938 0.070 6.325
3117 0.923 0.115 2.325
3119 0.938 0.070 2.325
3120 0.938 0.070 2.375
3121 0.952 0.071 2.375
3122 0.968 -0.024 6.225
3123 0.984 -0.025 2.325
3125 0.984 -0.074 2.375
3126 0.938 0.070 2.325
3127 0.952 0.024 2.375
3128 0.938 0.070 2.325
3129 0.923 0.162 2.325
3130 0.923 0.162 2.325
3131 0.896 0.246 2.325
3134 0.938 0.070 6.325
3135 0.938 0.070 6.325
3136 1.000 -0.125 6.125
3144 0.984 -0.025 6.125
3145 0.968 -0.024 6.225
3146 0.952 0.071 6.225
3147 0.968 0.024 6.175
3148 1.000 -0.025 2.275
3149 0.938 0.164 2.325
3150 0.968 0.073 2.325
3152 0.952 0.119 2.325
3153 0.952 0.119 2.325
3154 0.984 -0.025 2.275
3155 0.984 -0.025 6.125
3157 0.984 -0.025 2.325
3160 0.968 0.073 2.325
3161 0.968 0.024 2.375
3162 0.984 -0.074 6.175
3163 0.968 0.073 2.325
3164 0.984 -0.025 2.375
3165 0.968 0.024 2.325
3166 0.952 0.119 2.325
3167 0.952 0.119 6.175
3168 0.952 0.119 2.325
3170 0.952 0.119 2.325
3172 0.968 0.024 2.325
3174 0.968 0.024 2.325
3176 0.968 0.024 6.175
3178 0.952 0.119 2.325
3180 0.952 0.119 2.325
3181 0.938 0.211 2.275
3182 0.952 0.119 2.325
3183 0.968 0.073 2.275
3184 0.968 0.024 6.175
3185 0.968 0.024 2.325
3187 0.938 0.164 2.275
3188 0.968 0.024 2.275
3189 0.968 0.073 2.275
3190 0.968 0.024 6.175
3192 0.938 0.164 2.275
3193 0.952 0.119 2.275
3194 0.968 0.024 2.325
3195 0.952 0.119 2.325
3196 0.968 0.024 6.175
3197 0.952 0.071 6.225
3199 0.952 0.071 2.275
3200 0.952 0.071 2.275
3202 0.952 0.071 2.375
3205 0.952 0.071 6.225
3206 0.968 0.024 2.325
3207 0.952 0.071 2.275
3208 0.968 0.024 2.325
3210 0.938 0.164 2.325
3211 0.952 0.071 6.225
3212 0.952 0.119 6.175
3213 0.938 0.164 2.325
3214 0.952 0.071 2.325
3216 0.968 0.024 2.275
3217 0.952 0.119 2.325
3218 0.968 0.024 6.175
3219 0.968 -0.024 2.325
3220 0.984 -0.074 2.325
3224 0.952 0.119 2.325
3225 0.968 0.073 6.125
3229 0.952 0.119 2.325
3230 0.923 0.208 2.275
3231 0.968 0.073 2.325
3232 0.968 0.073 2.275
3233 0.968 0.073 2.325
3234 0.984 0.025 2.225
3235 0.968 0.073 2.275
3236 0.984 -0.025 2.275
3237 0.952 0.119 2.275
3239 0.968 0.073 6.125
3241 0.952 0.119 2.325
3243 0.984 -0.025 2.325
3246 0.923 0.254 2.325
3247 0.952 0.167 2.325
3248 0.952 0.119 2.275
3249 0.968 0.073 2.325
3252 0.952 0.119 2.275
3253 0.984 0.025 2.325
3254 0.952 0.167 6.125
3255 0.984 -0.025 6.125
3257 0.968 0.121 2.275
3258 0.984 0.025 2.325
3259 0.984 0.025 2.275
3275 0.822 1.048 6.025
3280 1.000 0.025 5.975
3286 0.811 1.115 6.025
3292 1.017 -0.076 5.975
3302 1.000 0.025 5.975
3308 1.017 -0.025 5.925
3314 1.000 0.025 5.975
3319 0.984 0.123 5.975
3323 0.811 1.277 1.375
3325 1.000 0.125 5.875
3332 0.968 0.121 2.275
3335 0.968 0.121 2.275
3338 1.000 -0.025 6.025
3339 0.984 0.074 2.225
3341 0.984 0.074 2.275
3342 0.984 0.074 2.275
3343 1.000 -0.025 2.275
3344 1.000 -0.025 6.025
3345 1.000 -0.025 2.225
3347 1.000 -0.025 2.225
3348 0.984 0.074 2.275
3349 1.017 -0.076 2.325
3350 0.984 0.025 6.075
3351 0.984 0.025 2.275
3352 0.984 0.074 2.275
3353 1.017 -0.025 2.275
3354 0.984 0.074 2.275
3355 1.000 0.025 2.275
3356 1.000 0.025 5.975
3357 1.017 -0.025 2.275
3362 1.000 0.025 2.225
3365 1.000 0.025 2.275
3366 1.017 -0.025 2.275
3367 1.000 0.025 5.975
3368 1.000 0.075 2.225
3369 1.017 -0.025 2.225
3370 1.000 0.025 2.225
3374 1.000 0.075 2.225
3376 1.017 -0.025 2.275
3378 1.000 0.025 5.975
3380 1.000 0.025 2.175
3381 1.017 -0.025 2.225
3382 1.000 0.075 2.225
3383 1.000 0.025 5.975
3385 1.000 0.025 2.225
3390 1.000 0.025 2.275
3391 1.000 0.025 5.975
3393 0.968 0.169 2.275
3394 1.000 0.025 2.225
3395 0.984 0.074 2.275
3396 0.984 0.074 6.025
3398 0.984 0.123 2.275
3399 1.000 0.025 2.275
3400 0.952 0.214 2.275
3401 1.000 0.025 5.975
3402 1.000 0.025 2.225
3403 1.017 -0.025 2.275
3406 1.000 0.025 2.225
3408 1.000 0.025 5.975
3409 0.984 0.123 2.275
3410 0.968 0.169 2.275
3411 1.000 0.025 2.275
3412 1.000 0.025 2.275
3413 1.000 0.025 5.975
3414 1.000 0.025 2.325
3415 1.034 -0.129 2.275
3416 0.984 0.074 2.275
3417 1.000 0.025 2.325
3419 1.000 0.025 5.975
3421 1.000 0.025 2.275
3423 0.984 0.074 2.275
3425 1.000 0.025 2.175
3427 1.000 0.025 5.975
3429 1.017 -0.025 2.225
3435 1.053 -0.079 5.775
3436 1.053 -0.079 5.775
3437 1.053 -0.079 5.775
3442 1.053 -0.079 5.775
3452 1.091 -0.245 5.725
3453 1.091 -0.191 5.675
3455 1.091 -0.191 5.675
3457 1.091 -0.191 5.675
3462 1.132 -0.311 5.575
3463 1.132 -0.311 5.575
3464 1.111 -0.250 5.625
3465 1.071 -0.134 5.725
3466 1.071 -0.134 5.725
3467 1.071 -0.134 5.725
3472 1.071 -0.134 5.725
3514 1.053 -0.132 5.825
3517 1.034 -0.026 5.825
3518 1.034 -0.026 5.825
3519 1.034 -0.026 5.825
3520 1.034 -0.026 5.825
3521 1.034 -0.026 5.825
3522 1.053 -0.132 5.825
3523 1.034 -0.026 5.825
3524 1.034 -0.026 5.825
3525 1.034 -0.026 5.825
3526 1.053 -0.132 5.825
3527 1.034 -0.026 5.825
3528 1.053 -0.132 5.825
3529 1.034 -0.026 5.825
3530 1.034 -0.026 5.825
3531 1.053 -0.132 5.825
3532 1.034 -0.026 5.825
3535 1.034 -0.026 5.825
3536 1.053 -0.079 5.775
3537 1.053 -0.079 5.775
3539 1.034 -0.026 5.825
3541 1.053 -0.079 5.775
3542 1.034 -0.026 5.825
3543 1.034 -0.026 5.825
3544 1.034 -0.026 5.825
3545 1.053 -0.079 5.775
3546 1.053 -0.079 5.775
3547 1.053 -0.079 5.775
3548 1.053 -0.079 5.775
3549 1.034 0.026 5.775
3550 1.053 -0.079 5.775
3551 1.053 -0.079 5.775
3552 1.053 -0.079 5.775
3553 1.053 -0.079 5.775
3554 1.053 -0.079 5.775
3555 1.034 0.026 5.775
3557 1.034 -0.026 5.825
3558 1.053 -0.079 5.775
3559 1.053 -0.079 5.775
3560 1.053 -0.079 5.775
3561 1.053 -0.079 5.775
3562 1.053 -0.079 5.775
3563 1.053 -0.079 5.775
3564 1.053 -0.079 5.775
3565 1.053 -0.079 5.775
3566 1.053 -0.079 5.775
3567 1.034 0.026 5.775
3568 1.053 -0.079 5.775
3569 1.053 -0.079 5.775
3570 1.053 -0.079 5.775
3571 1.053 -0.079 5.775
3572 1.053 -0.079 5.775
3573 1.053 -0.079 5.775
3574 1.071 -0.188 5.775
3575 1.071 -0.134 5.725
3576 1.034 -0.026 5.825
3578 1.071 -0.134 5.725
3580 1.053 -0.079 5.775
3581 1.053 -0.079 5.775
3582 1.034 0.026 5.775
3583 1.071 -0.134 5.725
3584 1.053 -0.026 5.725
3587 1.053 -0.079 5.775
3588 1.053 -0.132 5.825

