nRun	k		b		ZCoorHe	ZCoorLi	ZCoorC	
2440	0		0		8.325	0	0	Bad data
2441	0		0		8.475	4.025	2.975	Bad data
2442	0		0		4.025	3.025	6.875	Bad data
2443	0		0		8.425	3.025	4.025	Bad data
2444	0		0		2.925	8.525	3.875	Bad data
2445	0		0		8.425	3.925	2.875	Bad data
2446	0.681818	0.289773	2.875	3.975	8.375
2447	0.666667	0.383333	2.775	3.925	8.425
2448	0.681818	0.357955	2.875	3.875	8.275
2449	0.652174	0.538043	2.825	3.775	8.375
2450	0.681818	0.392045	2.775	3.825	8.225
2451	0.714286	0.232143	2.825	3.875	8.075
2452	0.681818	0.392045	2.775	3.825	8.225
2453	0		0		7.875	3.825	8.225	Bad data
2454	0.681818	0.596591	2.975	3.525	7.925
2464	0		0		7.775	3.525	7.925	Bad data
2465	0		0		7.775	3.525	7.925	Bad data
2466	0		0		6.175	7.875	5.475	Bad data
2470	0.705882	0.3	2.775	3.825	8.075
2474	0.681818	0.494318	2.625	3.675	8.075
2475	0.697674	0.47093	2.525	3.625	7.925
2477	0.714286	0.375	2.575	3.675	7.875
2478	0.705882	0.405882	2.525	3.675	7.925
2479	0.697674	0.47093	2.625	3.625	7.925
2480	0.769231	0.211538	2.625	3.625	7.525
2481	0.705882	0.405882	2.575	3.675	7.925
2483	0.714286	0.553571	2.475	3.425	7.625
2484	0		0		2.575	7.625	3.525	Bad data
2485	0.714286	0.446429	2.675	3.575	7.775
2487	0.731707	0.384146	2.625	3.575	7.675
2522	0.731707	0.384146	2.625	3.575	7.675
2524	0.731707	0.384146	2.625	3.575	7.675
2525	0.731707	0.384146	2.625	3.575	7.675
2526	0.731707	0.384146	2.625	3.575	7.675
2527	0.731707	0.384146	2.625	3.575	7.675
2528	0		0		7.825	3.825	2.825	Bad data
2529	0		0		7.825	3.875	2.775	Bad data
2530	0		0		7.775	3.825	3.025	Bad data
2532	0		0		7.775	2.975	3.875	Bad data
2533	0		0		7.625	2.975	3.875	Bad data
2538	0		0		7.775	3.775	2.875	Bad data
2545	0		0		2.675	3.875	1.525	Bad data
2547	0		0		2.625	3.875	1.675	Bad data
2550	0		0		2.725	1.725	1.375	Bad data
2551	0		0		2.675	1.625	3.875	Bad data
2552	0		0		2.525	1.725	8.025	Bad data
2554	0.740741	0.240741	2.675	3.725	7.775
2555	0		0		2.725	2.475	3.575	Bad data
2556	0		0		2.525	1.725	7.775	Bad data
2557	0		0		2.475	1.625	7.675	Bad data
2558	0		0		2.525	1.675	3.675	Bad data
2560	0		0		2.575	3.575	1.675	Bad data
2562	0		0		2.525	3.675	1.625	Bad data
2566	0.769231	0.173077	2.725	3.675	7.575
2567	0.779221	0.136364	2.675	3.675	7.525
2570	0.779221	0.136364	2.725	3.675	7.525
2571	0		0		2.775	7.525	2.475	Bad data
2572	0		0		3.675	2.675	1.675	Bad data
2576	0.789474	0.0986842	2.675	3.675	7.475
2578	0		0		7.475	3.625	2.675	Bad data
2579	0		0		7.475	2.775	3.625	Bad data
2580	0.769231	0.25	2.625	3.575	7.475
2581	0		0		2.675	7.475	3.575	Bad data
2582	0		0		2.775	7.425	3.575	Bad data
2585	0.789474	0.217105	2.575	3.525	7.325
2586	0.779221	0.253247	2.625	3.525	7.375
2587	0		0		7.325	3.525	2.675	Bad data
2589	0.779221	0.253247	2.625	3.525	7.375
2590	0		0		1.175	7.325	2.675	Bad data
2591	0.810811	0.101351	1.225	3.575	7.275
2592	0		0		2.625	1.175	7.325	Bad data
2594	0		0		2.625	1.175	3.475	Bad data
2595	0		0		7.275	3.525	2.675	Bad data
2596	0		0		2.625	1.175	7.375	Bad data
2598	0		0		2.625	1.175	7.275	Bad data
2599	0		0		7.275	3.525	2.725	Bad data
2600	0		0		2.575	1.175	3.475	Bad data
2601	0.779221	0.253247	2.675	3.525	7.375
2602	0		0		7.275	3.525	2.675	Bad data
2603	0.810811	0.141892	2.625	3.525	7.225
2604	0.789474	0.256579	2.575	3.475	7.275
2605	0		0		2.575	1.225	7.175	Bad data
2606	0		0		2.625	1.175	3.475	Bad data
2610	0		0		2.525	7.175	3.375	Bad data
2612	0		0		2.625	1.175	3.525	Bad data
2613	0		0		7.275	2.775	3.525	Bad data
2614	0		0		1.225	2.575	3.525	Bad data
2619	0		0		2.625	7.225	1.175	Bad data
2620	0		0		2.625	1.175	7.275	Bad data
2621	0		0		2.525	1.225	7.325	Bad data
2622	0		0		2.675	3.475	1.225	Bad data
2623	0.810811	0.182432	2.575	3.475	7.175
2624	0		0		2.625	3.425	1.175	Bad data
2625	0		0		3.475	2.625	7.125	Bad data
2626	0		0		7.125	3.475	2.675	Bad data
2627	0		0		3.475	2.575	1.225	Bad data
2628	0.833333	0.104167	2.625	3.475	7.075
2629	0.84507	0.0633803	2.575	3.475	7.025
2630	0.821918	0.184932	2.575	3.425	7.075
2631	0		0		2.625	3.425	1.225	Bad data
2632	0		0		7.125	3.475	2.575	Bad data
2633	0		0		2.625	3.425	1.175	Bad data
2634	0		0		3.425	2.575	1.175	Bad data
2635	0.967742	-0.75	2.625	3.875	6.975
2636	0		0		2.625	1.175	3.475	Bad data
2637	0		0		2.625	7.075	3.475	Bad data
2638	0		0		3.475	2.475	7.225	Bad data
2639	0		0		7.075	3.475	2.575	Bad data
2640	0.821918	0.184932	2.625	3.425	7.075
2641	0		0		2.575	3.425	1.175	Bad data
2642	0.810811	0.263514	2.575	3.375	7.075
2643	0		0		2.575	3.425	1.175	Bad data
2644	0.8	0.3	2.625	3.375	7.125
2645	0		0		7.025	3.475	2.675	Bad data
2646	0		0		2.575	7.075	3.425	Bad data
2647	0		0		2.575	1.175	7.025	Bad data
2648	0		0		3.425	7.125	1.175	Bad data
2649	0.833333	0.1875	2.575	3.375	6.975
2650	0.833333	0.1875	2.525	3.375	6.975
2651	0		0		7.025	3.525	2.625	Bad data
2652	0		0		7.075	3.425	2.675	Bad data
2653	0.821918	0.226027	2.575	3.375	7.025
2654	0		0		3.425	2.525	7.025	Bad data
2655	0		0		2.525	3.425	1.175	Bad data
2656	0		0		2.525	6.975	3.375	Bad data
2657	0.833333	0.145833	2.575	3.425	7.025
2658	0.821918	0.226027	2.575	3.375	7.025
2659	0		0		7.025	3.375	2.575	Bad data
2660	0		0		3.425	2.575	6.975	Bad data
2661	0.833333	0.145833	2.575	3.425	7.025
2662	0.821918	0.226027	2.475	3.375	7.025
2663	0		0		2.525	1.225	6.975	Bad data
2664	0		0		2.475	6.975	1.175	Bad data
2665	0		0		6.975	3.375	2.625	Bad data
2666	0		0		2.625	3.375	1.175	Bad data
2667	0		0		2.575	1.175	3.425	Bad data
2669	0		0		2.325	1.175	5.675	Bad data
2670	0.645161	1.46774	1.175	2.375	7.025
2672	0		0		1.175	2.325	3.275	Bad data
2673	0		0		7.075	2.325	1.225	Bad data
2674	0		0		1.125	2.275	3.425	Bad data
2675	0		0		6.925	2.275	3.425	Bad data
2677	0		0		6.875	2.275	3.425	Bad data
2678	0		0		3.375	6.675	2.325	Bad data
2680	0		0		6.875	2.375	1.175	Bad data
2682	0		0		1.125	2.325	3.325	Bad data
2683	0		0		1.175	2.275	3.275	Bad data
2685	0		0		6.825	2.275	1.125	Bad data
2687	0		0		6.975	2.275	1.125	Bad data
2688	0		0		2.675	1.125	3.525	Bad data
2689	0.789474	0.335526	2.625	3.375	7.175
2691	0		0		3.325	2.575	1.625	Bad data
2693	0		0		6.875	3.425	1.625	Bad data
2695	0		0		2.625	6.925	3.475	Bad data
2698	0		0		2.625	3.525	1.175	Bad data
2700	0.833333	0.145833	2.575	3.425	7.025
2701	0		0		7.075	2.725	3.425	Bad data
2705	0		0		7.025	2.625	3.475	Bad data
2706	0		0		6.975	3.375	2.675	Bad data
2707	0.833333	0.145833	2.575	3.425	7.025
2708	0.833333	0.145833	2.525	3.425	7.025
2710	0.821918	0.184932	2.625	3.425	7.075
2711	0.84507	0.147887	2.575	3.375	6.925
2712	0.84507	0.105634	2.625	3.425	6.975
2714	0		0		6.975	3.425	2.575	Bad data
2715	0		0		2.575	3.425	1.575	Bad data
2716	0		0		6.925	3.425	1.575	Bad data
2717	0		0		6.925	3.425	1.575	Bad data
2719	0		0		6.925	3.425	1.575	Bad data
2720	0.833333	0.1875	2.625	3.375	6.975
2721	0.833333	0.145833	2.575	3.425	7.025
2722	0.84507	0.105634	2.575	3.425	6.975
2723	0.857143	0.0642857	2.575	3.425	6.925
2725	0		0		6.975	2.625	3.425	Bad data
2726	0.84507	0.105634	2.525	3.425	6.975
2727	0.84507	0.105634	2.625	3.425	6.975
2728	0.84507	0.105634	2.625	3.425	6.975
2730	0.833333	0.145833	2.575	3.425	7.025
2731	0		0		6.975	2.525	3.375	Bad data
2732	0		0		6.975	3.425	2.675	Bad data
2733	0		0		2.575	6.975	3.425	Bad data
2734	0.833333	0.1875	2.625	3.375	6.975
2735	0.833333	0.1875	2.575	3.375	6.975
2738	0		0		2.625	7.025	3.425	Bad data
2742	0.833333	0.145833	2.525	3.425	7.025
2743	0.833333	0.1875	2.575	3.375	6.975
2744	0		0		6.975	3.375	2.625	Bad data
2746	0.84507	0.147887	2.525	3.375	6.925
2747	0.833333	0.145833	2.575	3.425	7.025
2748	0.833333	0.1875	2.525	3.375	6.975
2749	0.833333	0.1875	2.525	3.375	6.975
2750	0		0		6.975	3.375	2.675	Bad data
2751	0		0		2.525	6.975	3.325	Bad data
2752	0		0		2.575	7.025	1.175	Bad data
2753	0.833333	0.229167	2.525	3.325	6.925
2754	0.84507	0.105634	2.525	3.425	6.975
2755	0		0		6.975	2.625	3.375	Bad data
2756	0.833333	0.1875	2.575	3.375	6.975
2757	0.810811	0.304054	2.525	3.325	7.025
2758	0.84507	0.147887	2.575	3.375	6.925
2759	0		0		2.525	6.975	3.325	Bad data
2760	0		0		6.975	3.375	2.575	Bad data
2761	0.821918	0.226027	2.525	3.375	7.025
2762	0.821918	0.267123	2.525	3.325	6.975
2763	0.833333	0.1875	2.525	3.375	6.975
2764	0		0		2.525	1.175	6.975	Bad data
2765	0		0		6.975	3.375	2.575	Bad data
2766	0.821918	0.226027	2.525	3.375	7.025
2768	0		0		6.675	3.375	7.025	Bad data
2769	0		0		6.675	3.375	7.025	Bad data
2770	0		0		6.675	3.375	7.025	Bad data
2771	0		0		2.325	2.675	3.375	Bad data
2772	0		0		6.775	3.375	3.375	Bad data
2774	0.84507	0.190141	2.475	3.325	6.875
2775	0.857143	0.15	2.525	3.325	6.825
2776	0.821918	0.308219	2.525	3.275	6.925
2777	0.681818	1.24432	2.375	2.575	6.975
2778	0.833333	0.1875	2.575	3.375	6.975
2779	0		0		6.925	3.375	2.625	Bad data
2781	0.810811	0.304054	2.525	3.325	7.025
2782	0		0		2.525	1.125	3.375	Bad data
2783	0		0		2.275	1.175	3.275	Bad data
2784	0.869565	0.108696	2.575	3.325	6.775
2785	0		0		3.325	2.575	6.875	Bad data
2786	0		0		6.825	2.625	3.325	Bad data
2788	0		0		2.475	3.325	1.525	Bad data
2789	0.869565	0.108696	2.525	3.325	6.775
2790	0.84507	0.232394	2.525	3.275	6.825
2791	0.84507	0.190141	2.525	3.325	6.875
2792	0.84507	0.232394	2.575	3.275	6.825
2793	0		0		6.775	2.575	3.375	Bad data
2795	0.869565	0.108696	2.525	3.325	6.775
2796	0.857143	0.15	2.525	3.325	6.825
2797	0		0		2.475	3.325	1.525	Bad data
2799	0.857143	0.15	2.575	3.325	6.825
2800	0.869565	0.108696	2.475	3.325	6.775
2801	0.882353	0.0220588	2.475	3.375	6.775
2802	0		0		6.775	3.375	2.575	Bad data
2803	0		0		6.775	2.525	3.325	Bad data
2804	0.869565	0.108696	2.575	3.325	6.775
2805	0.84507	0.232394	2.525	3.275	6.825
2806	0.84507	0.232394	2.475	3.275	6.825
2807	0.84507	0.232394	2.525	3.275	6.825
2808	0.869565	0.108696	2.525	3.325	6.775
2809	0		0		6.775	2.525	3.325	Bad data
2812	0		0		6.775	2.525	3.325	Bad data
2813	0		0		2.525	6.725	3.325	Bad data
2814	0.857143	0.192857	2.475	3.275	6.775
2816	0.857143	0.192857	2.475	3.275	6.775
2817	0.857143	0.192857	2.525	3.275	6.775
2818	0.869565	0.0652174	2.475	3.375	6.825
2819	0		0		6.825	2.525	3.275	Bad data
2820	0		0		2.375	2.025	3.325	Bad data
2821	0.869565	0.108696	2.525	3.325	6.775
2823	0.869565	0.108696	2.525	3.325	6.775
2824	0		0		2.525	6.875	3.325	Bad data
2825	0.869565	0.0652174	2.525	3.375	6.825
2826	0		0		3.325	2.525	6.825	Bad data
2828	0		0		6.825	3.375	2.575	Bad data
2838	0		0		2.525	6.875	3.375	Bad data
2839	0		0		2.525	6.825	3.325	Bad data
2840	0.857143	0.192857	2.525	3.275	6.775
2841	0.882353	0.0661765	2.525	3.325	6.725
2842	0.869565	0.152174	2.525	3.275	6.725
2843	0.882353	0.0661765	2.525	3.325	6.725
2844	0.869565	0.152174	2.475	3.275	6.725
2845	0		0		6.725	3.275	2.575	Bad data
2846	0		0		6.725	2.525	3.325	Bad data
2847	0.869565	0.152174	2.525	3.275	6.725
2848	0.857143	0.192857	2.425	3.275	6.775
2849	0.869565	0.152174	2.525	3.275	6.725
2850	0.882353	0.0661765	2.525	3.325	6.725
2852	0.857143	0.192857	2.475	3.275	6.775
2853	0		0		6.725	3.275	2.525	Bad data
2855	0		0		2.475	6.675	3.225	Bad data
2856	0.869565	0.108696	2.525	3.325	6.775
2857	0.869565	0.152174	2.525	3.275	6.725
2861	0.869565	0.195652	2.425	3.225	6.675
2863	0		0		6.675	2.475	3.275	Bad data
2864	0.909091	0.0681818	2.525	3.225	6.525
2865	0.895522	0.156716	2.425	3.175	6.525
2866	0.909091	0.0681818	2.375	3.225	6.525
2867	0.909091	0.0681818	2.475	3.225	6.525
2868	0		0		6.625	2.525	3.225	Bad data
2869	0.882353	0.0661765	2.525	3.325	6.725
2870	0.857143	0.192857	2.525	3.275	6.775
2871	0.740741	1.01852	2.375	2.675	6.725
2873	0.869565	0.195652	2.475	3.225	6.675
2874	0.869565	0.152174	2.375	3.275	6.725
2875	0.869565	0.152174	2.475	3.275	6.725
2877	0.869565	0.152174	2.525	3.275	6.725
2878	0.869565	0.195652	2.475	3.225	6.675
2879	0		0		3.275	2.425	6.725	Bad data
2880	0		0		6.475	2.425	6.725	Bad data
2881	0.895522	0.0671642	2.425	3.275	6.625
2884	0.909091	0.0681818	2.425	3.225	6.525
2885	0		0		6.525	3.225	2.525	Bad data
2886	0.895522	0.156716	2.425	3.175	6.525
2887	0.895522	0.156716	2.425	3.175	6.525
2889	0.923077	0.0230769	2.475	3.225	6.475
2892	0		0		3.175	2.475	6.425	Bad data
2893	0.923077	0.0692308	2.475	3.175	6.425
2895	0.923077	0.0230769	2.375	3.225	6.475
2897	0		0		3.225	2.425	6.475	Bad data
2898	0		0		6.475	2.425	3.225	Bad data
2899	0.923077	0.0692308	2.525	3.175	6.425
2900	0.923077	0.0230769	2.425	3.225	6.475
2901	0.895522	0.156716	2.425	3.175	6.525
2903	0.909091	0.113636	2.425	3.175	6.475
2904	0		0		6.475	2.425	3.225	Bad data
2905	0.895522	0.156716	2.425	3.175	6.525
2906	0		0		3.175	2.425	6.475	Bad data
2907	0.923077	0.0692308	2.425	3.175	6.425
2910	0.923077	0.0692308	2.375	3.175	6.425
2911	0		0		6.425	3.175	2.475	Bad data
2912	0.909091	0.113636	2.375	3.175	6.475
2913	0.923077	0.0692308	2.425	3.175	6.425
2914	0.895522	0.201493	2.375	3.125	6.475
2916	0.923077	0.0692308	2.475	3.175	6.425
2917	0		0		6.425	3.225	2.425	Bad data
2918	0.923077	0.0692308	2.425	3.175	6.425
2919	0.909091	0.113636	2.425	3.175	6.475
2922	0.923077	0.0692308	2.425	3.175	6.425
2923	0.923077	0.0692308	2.375	3.175	6.425
2924	0		0		6.425	3.175	2.475	Bad data
2925	0.909091	0.113636	2.425	3.175	6.475
2926	0.923077	0.0692308	2.375	3.175	6.425
2927	0.923077	0.0692308	2.425	3.175	6.425
2928	0.923077	0.115385	2.425	3.125	6.375
2929	0.909091	0.159091	2.325	3.125	6.425
2930	0		0		6.425	3.175	2.425	Bad data
2931	0.909091	0.159091	2.425	3.125	6.425
2932	0.923077	0.0692308	2.425	3.175	6.425
2934	0.923077	0.0692308	2.375	3.175	6.425
2935	0.909091	0.159091	2.425	3.125	6.425
2936	0		0		6.475	3.225	2.475	Bad data
2937	0		0		3.175	2.325	6.425	Bad data
2939	0.895522	0.156716	2.375	3.175	6.525
2940	0.895522	0.156716	2.425	3.175	6.525
2942	0.697674	1.37791	1.425	2.325	6.625
2944	0		0		2.375	1.475	6.675	Bad data
2945	0.923077	0.0692308	2.325	3.175	6.425
2946	0.909091	0.113636	2.425	3.175	6.475
2947	0		0		6.475	3.225	2.525	Bad data
2948	0.909091	0.113636	2.425	3.175	6.475
2950	0.895522	0.201493	2.375	3.125	6.475
2953	0.909091	0.0681818	2.425	3.225	6.525
2954	0.895522	0.11194	2.475	3.225	6.575
2955	0		0		3.225	2.425	6.525	Bad data
2956	0.923077	0.0230769	2.425	3.225	6.475
2957	0		0		6.525	3.225	2.425	Bad data
2958	0.909091	0.0681818	2.475	3.225	6.525
2960	0.909091	0.113636	2.425	3.175	6.475
2961	0.895522	0.201493	2.475	3.125	6.475
2962	0.895522	0.156716	2.375	3.175	6.525
2963	0		0		6.425	3.175	2.425	Bad data
2964	0.9375	-0.0234375	2.375	3.225	6.425
2966	0.909091	0.159091	2.425	3.125	6.425
2969	0.909091	0.113636	2.425	3.175	6.475
2970	0.909091	0.159091	2.425	3.125	6.425
2972	0		0		6.425	3.175	2.475	Bad data
2973	0.909091	0.113636	2.375	3.175	6.475
2974	0		0		6.275	3.175	6.475	Bad data
2975	0		0		6.275	3.175	6.475	Bad data
2976	0.923077	0.115385	2.425	3.125	6.375
2977	0.952381	-0.0238095	2.425	3.175	6.325
2978	0.923077	0.0692308	2.375	3.175	6.425
2979	0.923077	0.115385	2.375	3.125	6.375
2980	0		0		6.375	3.175	2.475	Bad data
2981	0.923077	0.0692308	2.375	3.175	6.425
2982	0		0		6.225	3.175	6.425	Bad data
3002	0		0		6.275	3.175	6.425	Bad data
3003	0		0		6.275	3.175	6.425	Bad data
3004	0.9375	0.0234375	2.475	3.175	6.375
3007	0.923077	0.0692308	2.375	3.175	6.425
3008	0.923077	0.0230769	2.425	3.225	6.475
3010	0.923077	0.115385	2.425	3.125	6.375
3011	0.9375	0.0234375	2.375	3.175	6.375
3012	0		0		2.425	6.425	3.175	Bad data
3013	0.923077	0.0692308	2.425	3.175	6.425
3015	0		0		6.425	3.175	2.425	Bad data
3018	0.923077	0.0692308	2.375	3.175	6.425
3021	0.909091	0.113636	2.425	3.175	6.475
3022	0.869565	0.369565	2.275	3.025	6.475
3023	0.923077	0.0692308	2.475	3.175	6.425
3025	0.9375	0.0234375	2.325	3.175	6.375
3026	0		0		6.425	2.425	3.125	Bad data
3028	0		0		6.375	3.175	2.375	Bad data
3029	0.923077	0.0692308	2.425	3.175	6.425
3036	0		0		6.425	2.425	3.175	Bad data
3037	0		0		6.375	3.175	2.425	Bad data
3039	0		0		6.375	3.175	2.425	Bad data
3041	0		0		6.375	3.175	2.425	Bad data
3042	0		0		6.375	3.175	2.425	Bad data
3043	0		0		6.375	3.175	2.425	Bad data
3044	0		0		6.225	3.175	2.425	Bad data
3045	0		0		6.225	3.225	2.425	Bad data
3046	0		0		6.175	3.125	2.425	Bad data
3049	0		0		5.975	6.975	2.425	Bad data
3051	0		0		6.175	6.975	2.425	Bad data
3052	0		0		6.175	6.975	2.425	Bad data
3053	0		0		6.175	6.975	2.425	Bad data
3054	0		0		3.175	6.125	2.475	Bad data
3056	0		0		3.175	6.125	2.425	Bad data
3057	0		0		3.175	6.125	2.375	Bad data
3058	1	-0.125	2.425	3.125	6.125
3059	0.923077	0.115385	2.375	3.125	6.375
3060	0.967742	-0.0725806	2.325	3.175	6.275
3061	0.9375	0.0703125	2.375	3.125	6.325
3062	0.9375	0.0703125	2.375	3.125	6.325
3063	0		0		6.325	3.125	2.375	Bad data
3064	0.909091	0.204545	2.375	3.075	6.375
3065	0.9375	0.0703125	2.275	3.125	6.325
3066	0.9375	0.0703125	2.275	3.125	6.325
3067	0.9375	0.0703125	2.325	3.125	6.325
3068	0.923077	0.115385	2.325	3.125	6.375
3069	0		0		6.375	3.125	2.375	Bad data
3070	0.923077	0.115385	2.375	3.125	6.375
3071	0.909091	0.159091	2.375	3.125	6.425
3072	0.909091	0.159091	2.325	3.125	6.425
3073	0.9375	0.0703125	2.275	3.125	6.325
3075	0		0		2.325	3.125	1.475	Bad data
3076	0		0		6.325	3.175	2.425	Bad data
3077	0		0		2.325	3.075	1.425	Bad data
3078	0.9375	0.0703125	2.375	3.125	6.325
3079	0.923077	0.161538	2.275	3.075	6.325
3080	0.9375	0.0703125	2.325	3.125	6.325
3081	0		0		6.325	2.325	3.125	Bad data
3083	0.923077	0.161538	2.275	3.075	6.325
3084	0.923077	0.115385	2.225	3.125	6.375
3085	0.952381	0.0238095	2.325	3.125	6.275
3086	0.909091	0.204545	2.375	3.075	6.375
3087	0		0		3.125	2.275	6.375	Bad data
3088	0		0		6.325	3.125	2.425	Bad data
3089	0		0		2.275	6.325	3.025	Bad data
3091	0.9375	0.117188	2.325	3.075	6.275
3094	0		0		2.325	6.325	3.125	Bad data
3095	0		0		2.275	6.325	3.075	Bad data
3096	0		0		6.275	3.075	2.425	Bad data
3097	0		0		2.325	3.125	1.425	Bad data
3098	0.923077	0.115385	2.325	3.125	6.375
3099	0.923077	0.161538	2.275	3.075	6.325
3100	0		0		2.275	6.325	3.075	Bad data
3101	0		0		6.325	3.125	2.375	Bad data
3102	0.9375	0.117188	2.325	3.075	6.275
3104	0		0		3.075	2.375	6.225	Bad data
3105	0.983607	-0.0737705	2.325	3.125	6.175
3108	0.909091	0.204545	2.425	3.075	6.375
3109	0		0		3.025	6.325	2.325	Bad data
3113	0.9375	0.0703125	2.325	3.125	6.325
3114	0.923077	0.161538	2.325	3.075	6.325
3115	0		0		6.325	3.125	2.425	Bad data
3117	0.923077	0.115385	2.325	3.125	6.375
3118	0		0		2.525	6.475	3.125	Bad data
3119	0.9375	0.0703125	2.325	3.125	6.325
3120	0.9375	0.0703125	2.375	3.125	6.325
3121	0.952381	0.0714286	2.375	3.075	6.225
3122	0		0		6.225	3.125	2.425	Bad data
3123	0.983607	-0.0245902	2.325	3.075	6.125
3125	0.983607	-0.0737705	2.375	3.125	6.175
3126	0.9375	0.0703125	2.325	3.125	6.325
3127	0.952381	0.0238095	2.375	3.125	6.275
3128	0.9375	0.0703125	2.325	3.125	6.325
3129	0.923077	0.161538	2.325	3.075	6.325
3130	0.923077	0.161538	2.325	3.075	6.325
3131	0.895522	0.246269	2.325	3.075	6.425
3134	0		0		6.325	3.125	2.425	Bad data
3135	0		0		6.325	3.125	2.375	Bad data
3136	0		0		6.125	3.125	2.375	Bad data
3138	0		0		3.125	6.075	2.425	Bad data
3139	0		0		3.125	6.025	2.425	Bad data
3141	0		0		6.125	6.025	2.425	Bad data
3142	0		0		6.075	6.025	2.425	Bad data
3143	0		0		6.125	6.025	2.425	Bad data
3144	0		0		6.125	3.075	2.425	Bad data
3145	0		0		6.225	3.125	2.375	Bad data
3146	0		0		6.225	2.425	3.075	Bad data
3147	0		0		6.175	2.375	3.075	Bad data
3148	1	-0.025	2.275	3.025	6.025
3149	0.9375	0.164063	2.325	3.025	6.225
3150	0.967742	0.0725806	2.325	3.025	6.125
3152	0.952381	0.119048	2.325	3.025	6.175
3153	0.952381	0.119048	2.325	3.025	6.175
3154	0.983607	-0.0245902	2.275	3.075	6.125
3155	0		0		6.125	3.075	2.325	Bad data
3157	0.983607	-0.0245902	2.325	3.075	6.125
3159	0		0		3.025	2.325	6.175	Bad data
3160	0.967742	0.0725806	2.325	3.025	6.125
3161	0.967742	0.0241935	2.375	3.075	6.175
3162	0		0		6.175	3.125	2.375	Bad data
3163	0.967742	0.0725806	2.325	3.025	6.125
3164	0.983607	-0.0245902	2.375	3.075	6.125
3165	0.967742	0.0241935	2.325	3.075	6.175
3166	0.952381	0.119048	2.325	3.025	6.175
3167	0		0		6.175	2.375	3.025	Bad data
3168	0.952381	0.119048	2.325	3.025	6.175
3170	0.952381	0.119048	2.325	3.025	6.175
3172	0.967742	0.0241935	2.325	3.075	6.175
3174	0.967742	0.0241935	2.325	3.075	6.175
3176	0		0		6.175	2.325	3.075	Bad data
3178	0.952381	0.119048	2.325	3.025	6.175
3180	0.952381	0.119048	2.325	3.025	6.175
3181	0.9375	0.210938	2.275	2.975	6.175
3182	0.952381	0.119048	2.325	3.025	6.175
3183	0.967742	0.0725806	2.275	3.025	6.125
3184	0		0		6.175	3.075	2.325	Bad data
3185	0.967742	0.0241935	2.325	3.075	6.175
3186	0		0		2.225	6.175	3.075	Bad data
3187	0.9375	0.164063	2.275	3.025	6.225
3188	0.967742	0.0241935	2.275	3.075	6.175
3189	0.967742	0.0725806	2.275	3.025	6.125
3190	0		0		6.175	3.075	2.325	Bad data
3192	0.9375	0.164063	2.275	3.025	6.225
3193	0.952381	0.119048	2.275	3.025	6.175
3194	0.967742	0.0241935	2.325	3.075	6.175
3195	0.952381	0.119048	2.325	3.025	6.175
3196	0		0		6.175	2.375	3.075	Bad data
3197	0		0		6.225	3.075	2.325	Bad data
3199	0.952381	0.0714286	2.275	3.075	6.225
3200	0.952381	0.0714286	2.275	3.075	6.225
3202	0.952381	0.0714286	2.375	3.075	6.225
3205	0		0		6.225	2.375	3.075	Bad data
3206	0.967742	0.0241935	2.325	3.075	6.175
3207	0.952381	0.0714286	2.275	3.075	6.225
3208	0.967742	0.0241935	2.325	3.075	6.175
3210	0.9375	0.164063	2.325	3.025	6.225
3211	0		0		6.225	3.075	2.325	Bad data
3212	0		0		6.175	2.375	3.025	Bad data
3213	0.9375	0.164063	2.325	3.025	6.225
3214	0.952381	0.0714286	2.325	3.075	6.225
3216	0.967742	0.0241935	2.275	3.075	6.175
3217	0.952381	0.119048	2.325	3.025	6.175
3218	0		0		6.175	2.325	3.075	Bad data
3219	0.967742	-0.0241935	2.325	3.125	6.225
3220	0.983607	-0.0737705	2.325	3.125	6.175
3221	0		0		2.275	6.175	3.075	Bad data
3224	0.952381	0.119048	2.325	3.025	6.175
3225	0		0		6.125	3.025	2.375	Bad data
3227	0		0		3.075	2.375	6.175	Bad data
3229	0.952381	0.119048	2.325	3.025	6.175
3230	0.923077	0.207692	2.275	3.025	6.275
3231	0.967742	0.0725806	2.325	3.025	6.125
3232	0.967742	0.0725806	2.275	3.025	6.125
3233	0.967742	0.0725806	2.325	3.025	6.125
3234	0.983607	0.0245902	2.225	3.025	6.075
3235	0.967742	0.0725806	2.275	3.025	6.125
3236	0.983607	-0.0245902	2.275	3.075	6.125
3237	0.952381	0.119048	2.275	3.025	6.175
3239	0		0		6.125	3.025	2.325	Bad data
3241	0.952381	0.119048	2.325	3.025	6.175
3243	0.983607	-0.0245902	2.325	3.075	6.125
3246	0.923077	0.253846	2.325	2.975	6.225
3247	0.952381	0.166667	2.325	2.975	6.125
3248	0.952381	0.119048	2.275	3.025	6.175
3249	0.967742	0.0725806	2.325	3.025	6.125
3252	0.952381	0.119048	2.275	3.025	6.175
3253	0.983607	0.0245902	2.325	3.025	6.075
3254	0		0		6.125	2.975	2.375	Bad data
3255	0		0		6.125	3.075	2.325	Bad data
3257	0.967742	0.120968	2.275	2.975	6.075
3258	0.983607	0.0245902	2.325	3.025	6.075
3259	0.983607	0.0245902	2.275	3.025	6.075
3264	0		0		2.175	6.025	1.425	Bad data
3270	0		0		2.175	1.375	6.075	Bad data
3271	0		0		2.125	1.425	2.975	Bad data
3272	0		0		2.125	1.375	2.875	Bad data
3273	0		0		2.175	1.425	2.975	Bad data
3275	0		0		6.025	2.375	2.075	Bad data
3276	0		0		2.175	1.375	2.975	Bad data
3277	0		0		2.075	1.325	5.925	Bad data
3278	0		0		2.125	1.375	5.925	Bad data
3279	0		0		2.075	1.425	1.175	Bad data
3280	0		0		5.975	2.275	2.975	Bad data
3281	0		0		2.125	2.875	1.425	Bad data
3282	0		0		2.025	1.425	1.125	Bad data
3284	0		0		2.225	5.925	1.425	Bad data
3285	0		0		2.075	1.325	6.025	Bad data
3286	0		0		6.025	2.075	2.325	Bad data
3287	0		0		2.125	1.425	2.825	Bad data
3288	0		0		1.375	2.175	1.125	Bad data
3289	0		0		2.125	1.375	5.925	Bad data
3291	0		0		1.975	2.275	1.425	Bad data
3292	0		0		5.975	2.125	3.025	Bad data
3293	0		0		2.175	1.425	1.125	Bad data
3294	0		0		2.075	1.175	1.375	Bad data
3300	0		0		2.175	6.025	1.175	Bad data
3301	0		0		2.125	1.425	2.875	Bad data
3302	0		0		5.975	2.175	2.975	Bad data
3303	0		0		2.175	1.325	2.975	Bad data
3305	0		0		2.075	1.425	5.975	Bad data
3306	0		0		2.125	1.375	5.925	Bad data
3307	0		0		2.075	1.375	5.925	Bad data
3308	0		0		5.925	2.125	2.975	Bad data
3310	0		0		2.125	1.375	6.125	Bad data
3311	0		0		2.125	1.375	6.075	Bad data
3312	0		0		2.125	1.375	5.925	Bad data
3313	0		0		2.125	1.375	5.875	Bad data
3314	0		0		5.975	2.025	2.975	Bad data
3315	0		0		2.125	1.375	5.975	Bad data
3316	0		0		2.125	1.175	1.475	Bad data
3317	0		0		2.225	1.375	2.925	Bad data
3318	0		0		2.125	1.325	5.925	Bad data
3319	0		0		5.975	2.125	2.925	Bad data
3320	0		0		2.075	1.425	2.925	Bad data
3321	0		0		2.125	1.375	6.075	Bad data
3322	0		0		2.075	1.425	2.875	Bad data
3323	0.810811	1.27703	1.375	2.125	5.825
3324	0		0		2.125	1.475	2.925	Bad data
3325	0		0		5.875	2.125	2.875	Bad data
3326	0		0		2.125	1.375	2.875	Bad data
3327	0		0		2.075	1.375	5.875	Bad data
3328	0		0		2.125	1.375	5.925	Bad data
3332	0.967742	0.120968	2.275	2.975	6.075
3335	0.967742	0.120968	2.275	2.975	6.075
3338	0		0		6.025	3.025	2.325	Bad data
3339	0.983607	0.0737705	2.225	2.975	6.025
3340	0		0		2.975	2.225	6.025	Bad data
3341	0.983607	0.0737705	2.275	2.975	6.025
3342	0.983607	0.0737705	2.275	2.975	6.025
3343	1	-0.025	2.275	3.025	6.025
3344	0		0		6.025	2.325	3.025	Bad data
3345	1	-0.025	2.225	3.025	6.025
3347	1	-0.025	2.225	3.025	6.025
3348	0.983607	0.0737705	2.275	2.975	6.025
3349	1.01695	-0.0762712	2.325	3.025	5.975
3350	0		0		6.075	3.025	2.325	Bad data
3351	0.983607	0.0245902	2.275	3.025	6.075
3352	0.983607	0.0737705	2.275	2.975	6.025
3353	1.01695	-0.0254237	2.275	2.975	5.925
3354	0.983607	0.0737705	2.275	2.975	6.025
3355	1	0.025	2.275	2.975	5.975
3356	0		0		5.975	2.975	2.325	Bad data
3357	1.01695	-0.0254237	2.275	2.975	5.925
3358	0		0		2.925	2.225	5.925	Bad data
3362	1	0.025	2.225	2.975	5.975
3365	1	0.025	2.275	2.975	5.975
3366	1.01695	-0.0254237	2.275	2.975	5.925
3367	0		0		5.975	2.975	2.325	Bad data
3368	1	0.075	2.225	2.925	5.925
3369	1.01695	-0.0254237	2.225	2.975	5.925
3370	1	0.025	2.225	2.975	5.975
3374	1	0.075	2.225	2.925	5.925
3376	1.01695	-0.0254237	2.275	2.975	5.925
3378	0		0		5.975	2.325	2.975	Bad data
3379	0		0		2.975	2.275	5.925	Bad data
3380	1	0.025	2.175	2.975	5.975
3381	1.01695	-0.0254237	2.225	2.975	5.925
3382	1	0.075	2.225	2.925	5.925
3383	0		0		5.975	2.975	2.225	Bad data
3385	1	0.025	2.225	2.975	5.975
3387	0		0		2.225	6.025	2.925	Bad data
3389	0		0		2.325	5.975	2.975	Bad data
3390	1	0.025	2.275	2.975	5.975
3391	0		0		5.975	2.975	2.275	Bad data
3393	0.967742	0.169355	2.275	2.925	6.025
3394	1	0.025	2.225	2.975	5.975
3395	0.983607	0.0737705	2.275	2.975	6.025
3396	0		0		6.025	2.275	2.975	Bad data
3397	0		0		2.225	6.025	2.975	Bad data
3398	0.983607	0.122951	2.275	2.925	5.975
3399	1	0.025	2.275	2.975	5.975
3400	0.952381	0.214286	2.275	2.925	6.075
3401	0		0		5.975	2.975	2.275	Bad data
3402	1	0.025	2.225	2.975	5.975
3403	1.01695	-0.0254237	2.275	2.975	5.925
3404	0		0		2.225	5.975	2.925	Bad data
3405	0		0		2.175	5.925	1.425	Bad data
3406	1	0.025	2.225	2.975	5.975
3408	0		0		5.975	2.325	2.975	Bad data
3409	0.983607	0.122951	2.275	2.925	5.975
3410	0.967742	0.169355	2.275	2.925	6.025
3411	1	0.025	2.275	2.975	5.975
3412	1	0.025	2.275	2.975	5.975
3413	0		0		5.975	2.975	2.325	Bad data
3414	1	0.025	2.325	2.975	5.975
3415	1.03448	-0.12931	2.275	3.025	5.925
3416	0.983607	0.0737705	2.275	2.975	6.025
3417	1	0.025	2.325	2.975	5.975
3418	0		0		2.275	5.975	2.975	Bad data
3419	0		0		5.975	2.275	2.975	Bad data
3421	1	0.025	2.275	2.975	5.975
3423	0.983607	0.0737705	2.275	2.975	6.025
3425	1	0.025	2.175	2.975	5.975
3426	0		0		2.275	5.925	2.975	Bad data
3427	0		0		5.975	2.325	2.975	Bad data
3429	1.01695	-0.0254237	2.225	2.975	5.925
3430	0		0		5.825	2.975	5.925	Bad data
3431	0		0		5.825	2.975	5.925	Bad data
3432	0		0		5.775	2.975	5.925	Bad data
3433	0		0		5.775	2.975	5.925	Bad data
3434	0		0		5.775	2.975	5.925	Bad data
3435	0		0		5.775	2.125	2.925	Bad data
3436	0		0		5.775	2.125	2.925	Bad data
3437	0		0		5.775	2.225	2.925	Bad data
3441	0		0		5.775	2.175	4.825	Bad data
3442	0		0		5.775	2.125	2.925	Bad data
3443	0		0		5.775	2.925	4.825	Bad data
3446	0		0		5.775	2.925	4.825	Bad data
3447	0		0		5.725	2.175	4.825	Bad data
3451	0		0		5.725	4.825	2.225	Bad data
3452	0		0		5.725	2.975	2.225	Bad data
3453	0		0		5.675	2.175	2.925	Bad data
3454	0		0		5.675	2.175	4.775	Bad data
3455	0		0		5.675	2.925	2.125	Bad data
3456	0		0		5.675	4.825	2.925	Bad data
3457	0		0		5.675	2.925	2.175	Bad data
3462	0		0		5.575	2.925	2.175	Bad data
3463	0		0		5.575	2.925	2.175	Bad data
3464	0		0		5.625	2.925	2.175	Bad data
3465	0		0		5.725	2.925	2.175	Bad data
3466	0		0		5.725	2.925	2.175	Bad data
3467	0		0		5.725	2.925	2.175	Bad data
3472	0		0		5.725	2.925	2.175	Bad data
3475	0		0		5.875	2.975	4.925	Bad data
3476	0		0		5.875	4.925	3.025	Bad data
3479	0		0		5.825	4.875	2.275	Bad data
3481	0		0		5.825	4.875	2.975	Bad data
3482	0		0		5.825	4.925	2.975	Bad data
3483	0		0		5.825	4.875	2.975	Bad data
3485	0		0		5.825	4.875	2.225	Bad data
3491	0		0		5.875	4.875	3.025	Bad data
3492	0		0		5.825	4.925	3.025	Bad data
3493	0		0		5.825	4.875	2.975	Bad data
3495	0		0		5.825	4.875	2.225	Bad data
3496	0		0		5.825	2.975	4.875	Bad data
3497	0		0		5.775	4.875	2.225	Bad data
3498	0		0		5.775	4.875	2.975	Bad data
3499	0		0		5.775	4.875	2.925	Bad data
3500	0		0		5.775	2.975	4.875	Bad data
3503	0		0		2.025	1.275	2.875	Bad data
3504	0		0		2.025	1.275	2.825	Bad data
3505	0		0		1.975	1.325	2.825	Bad data
3506	0		0		2.025	1.225	2.825	Bad data
3507	0		0		2.025	1.325	5.825	Bad data
3508	0		0		2.025	1.275	5.775	Bad data
3509	0		0		2.025	1.275	5.825	Bad data
3510	0		0		2.025	1.325	5.775	Bad data
3511	0		0		2.025	1.375	5.775	Bad data
3512	0		0		2.025	1.125	5.875	Bad data
3513	0		0		2.125	1.375	5.925	Bad data
3514	0		0		5.825	2.175	2.975	Bad data
3515	0		0		5.825	2.125	4.825	Bad data
3516	0		0		5.825	2.225	4.875	Bad data
3517	0		0		5.825	2.225	2.925	Bad data
3518	0		0		5.825	2.175	2.925	Bad data
3519	0		0		5.825	2.175	2.925	Bad data
3520	0		0		5.825	2.175	2.925	Bad data
3521	0		0		5.825	2.925	2.125	Bad data
3522	0		0		5.825	2.125	2.975	Bad data
3523	0		0		5.825	2.175	2.925	Bad data
3524	0		0		5.825	2.925	2.175	Bad data
3525	0		0		5.825	2.175	2.925	Bad data
3526	0		0		5.825	2.975	2.175	Bad data
3527	0		0		5.825	2.175	2.925	Bad data
3528	0		0		5.825	2.975	2.175	Bad data
3529	0		0		5.825	2.175	2.925	Bad data
3530	0		0		5.825	2.175	2.925	Bad data
3531	0		0		5.825	2.175	2.975	Bad data
3532	0		0		5.825	2.925	2.125	Bad data
3535	0		0		5.825	2.175	2.925	Bad data
3536	0		0		5.775	2.125	2.925	Bad data
3537	0		0		5.775	2.175	2.925	Bad data
3539	0		0		5.825	2.925	2.125	Bad data
3541	0		0		5.775	2.175	2.925	Bad data
3542	0		0		5.825	2.175	2.925	Bad data
3543	0		0		5.825	2.175	2.925	Bad data
3544	0		0		5.825	2.125	2.925	Bad data
3545	0		0		5.775	2.925	2.175	Bad data
3546	0		0		5.775	2.175	2.925	Bad data
3547	0		0		5.775	2.175	2.925	Bad data
3548	0		0		5.775	2.175	2.925	Bad data
3549	0		0		5.775	2.875	2.125	Bad data
3550	0		0		5.775	2.175	2.925	Bad data
3551	0		0		5.775	2.175	2.925	Bad data
3552	0		0		5.775	2.175	2.925	Bad data
3553	0		0		5.775	2.175	2.925	Bad data
3554	0		0		5.775	2.175	2.925	Bad data
3555	0		0		5.775	2.875	2.225	Bad data
3557	0		0		5.825	2.125	2.925	Bad data
3558	0		0		5.775	2.175	2.925	Bad data
3559	0		0		5.775	2.175	2.925	Bad data
3560	0		0		5.775	2.175	2.925	Bad data
3561	0		0		5.775	2.125	2.925	Bad data
3562	0		0		5.775	2.125	2.925	Bad data
3563	0		0		5.775	2.125	2.925	Bad data
3564	0		0		5.775	2.175	2.925	Bad data
3565	0		0		5.775	2.225	2.925	Bad data
3566	0		0		5.775	2.125	2.925	Bad data
3567	0		0		5.775	2.125	2.875	Bad data
3568	0		0		5.775	2.175	2.925	Bad data
3569	0		0		5.775	2.125	2.925	Bad data
3570	0		0		5.775	2.175	2.925	Bad data
3571	0		0		5.775	2.925	2.175	Bad data
3572	0		0		5.775	2.125	2.925	Bad data
3573	0		0		5.775	2.125	2.925	Bad data
3574	0		0		5.775	2.175	2.975	Bad data
3575	0		0		5.725	2.925	2.075	Bad data
3576	0		0		5.825	2.925	2.225	Bad data
3578	0		0		5.725	2.125	2.925	Bad data
3580	0		0		5.775	2.925	2.125	Bad data
3581	0		0		5.775	2.175	2.925	Bad data
3582	0		0		5.775	2.875	2.125	Bad data
3583	0		0		5.725	2.175	2.925	Bad data
3584	0		0		5.725	2.125	2.875	Bad data
3587	0		0		5.775	2.125	2.925	Bad data
3588	0		0		5.825	2.175	2.975	Bad data
