ch coef error
========
1 0 0
2 0 0
3 0 0
4 0 0
5 0 0
6 0 0
7 0 0
8 0 0
9 0 0
10 0 0
11 0 0
12 0 0
13 0 0
14 0 0
15 0 0
16 0 0
17 0 0
18 0 0
19 0 0
20 0 0
21 0 0
22 0 0
23 0 0
24 0 0
25 0 0
26 0 0
27 0 0
28 0 0
29 0 0
30 0 0
31 0 0
32 0 0
33 0 0
34 0 0
35 0 0
36 0 0
37 0 0
38 0 0
39 0 0
40 0 0
41 0 0
42 0 0
43 0 0
44 0 0
45 0 0
46 0 0
47 0 0
48 0 0
49 0 0
50 0 0
51 0 0
52 0 0
53 0 0
54 0 0
55 0 0
56 0 0
57 0 0
58 0 0
59 0 0
60 0 0
61 0 0
62 0 0
63 0 0
64 0.0218784 0
65 0.0214453 0
66 0.0240338 0
67 0.0151612 0
68 0.0176706 0
69 0.0189826 0
70 0.0257009 0
71 0.022196 0
72 0.0248365 0
73 0.0284353 0
74 0.0263437 0
75 0.0340434 0
76 0.0234456 0
77 0.0213345 0
78 0.0244471 0
79 0.0220715 0
80 0.0190468 0
81 0.0196814 0
82 0.0178149 0
83 0.0147618 0
84 0.0184392 0
85 0.0198666 0
86 0.0197557 0
87 0.021364 0
88 0.0172669 0
89 0.0185631 0
90 0.0165314 0
91 0.0212551 0
92 0.0246171 0
93 0.0240246 0
94 0.0258582 0
95 0.0293102 0
96 0.0321383 0
97 0.0206417 0
98 0.0239565 0
99 0.0211148 0
100 0.0183708 0
101 0.0183278 0
102 0.0197854 0
103 0.0172251 0
104 0.0187846 0
105 0.0167976 0
106 0.0201056 0
107 0.0184737 0
108 0.0193179 0
109 0.0182816 0
110 0.0165744 0
111 0.017513 0
112 0.0227547 0
113 0.0210329 0
114 0.0226505 0
115 0.022978 0
116 0.0247145 0
117 0.0298136 0
118 0.0224354 0
119 0.0209417 0
120 0.021805 0
121 0.0160311 0
122 0.0168755 0
123 0.0165285 0
124 0.0207698 0
125 0.0174956 0
126 0.0215222 0
127 0.0274297 0
128 0.0216907 0
129 0.0260463 0
130 0.0279453 0
131 0.0269945 0
132 0.0254964 0
133 0.0223846 0
134 0.0218915 0
135 0.025626 0
136 0.0396085 0
137 0.0307626 0
138 0.0349012 0
139 0.0190503 0
140 0.01584 0
141 0.018565 0
142 0.0298619 0
143 0 0
144 0.0286259 0
145 0.0181906 0
146 0.0160393 0
147 0.0200037 0
148 0.0214662 0
149 0.0262686 0
150 0.0248926 0
151 0.0262002 0
152 0.025126 0
153 0.022575 0
154 0.0228059 0
155 0.0233034 0
156 0.0198283 0
157 0.0194094 0
158 0.0390929 0
159 0.0377801 0
160 0.0168055 0
161 0.0190143 0
162 0.0165753 0
163 0.0192735 0
164 0.0265738 0
165 0.028146 0
166 0.0196509 0
167 0.0169965 0
168 0.0193506 0
169 0.0230332 0
170 0.0208042 0
171 0.0246933 0
172 0.026467 0
173 0.0255733 0
174 0.0245743 0
175 0.0230747 0
176 0.0198219 0
177 0.0228929 0
178 0.0355346 0
179 0.0382428 0
180 0.0362645 0
181 0.0198166 0
182 0.017377 0
183 0.0165349 0
184 0.0279867 0
185 0.026072 0
186 0.0287828 0
187 0.0189896 0
188 0.0190717 0
189 0.0213822 0
190 0.033845 0
191 0.0312934 0
192 0.0408349 0
193 0.0195711 0
194 0.0181474 0
195 0.0204004 0
196 0.0324842 0
197 0.0308804 0
198 0.0321664 0
199 0.0439041 0
200 0.0333709 0
201 0.0423099 0
202 0.0236392 0
203 0.0242127 0
204 0.0251647 0
205 0.0238153 0
206 0.0217157 0
207 0.022663 0
208 0.0263396 0
209 0.0210966 0
210 0.0252588 0
211 0.0274526 0
212 0.0349556 0
213 0.0315327 0
214 0.0200706 0
215 0.0197153 0
216 0.0185755 0
217 0.0310482 0
218 0.030607 0
219 0.0287927 0
220 0.0355819 0
221 0.0403152 0
222 0.0153457 0
223 0.0248003 0
224 0.0232293 0
225 0.0215364 0
226 0.0195007 0
227 0.0224262 0
228 0.0223964 0
229 0.023522 0
230 0.0238084 0
231 0.024115 0
232 0.0335553 0
233 0.0291752 0
234 0.0334024 0
235 0.0205345 0
236 0.0198017 0
237 0.021273 0
238 0.0301422 0
239 0.0207476 0
240 0.028957 0
241 0.0444197 0
242 0.0379973 0
243 0.04736 0
244 0.024649 0
245 0.0252744 0
246 0.0260038 0
247 0.0233435 0
248 0.0203358 0
249 0.0231748 0
250 0.026686 0
251 0.0238145 0
252 0.0285117 0
253 0.026538 0
254 0.0238804 0
255 0.0247491 0
256 0.0244081 0
257 0.026631 0
258 0.0267475 0
259 0.0258953 0
260 0.0241467 0
261 0.0276044 0
262 0.0291943 0
263 0.0218573 0
264 0.0289079 0
265 0.0191672 0
266 0.018827 0
267 0.0214207 0
268 0.0228101 0
269 0.0212028 0
270 0.0212845 0
271 0.0212065 0
272 0.0197295 0
273 0.0203832 0
274 0.023813 0
275 0.0236165 0
276 0.0243983 0
277 0.0235244 0
278 0.0264293 0
279 0.0226564 0
280 0.0217373 0
281 0.0245339 0
282 0.0264587 0
283 0.0239945 0
284 0.0276993 0
285 0.0247905 0
286 0.018124 0
287 0.018051 0
288 0.0192943 0
289 0.021231 0
290 0.018755 0
291 0.0190541 0
292 0.021555 0
293 0.0223072 0
294 0.023368 0
295 0.0280574 0
296 0.0212771 0
297 0.0231116 0
298 0.0327707 0
299 0.0245501 0
300 0.0276539 0
301 0.0238122 0
302 0.0225071 0
303 0.0240087 0
304 0.0329475 0
305 0.0254465 0
306 0.035926 0
307 0.0197889 0
308 0.0193488 0
309 0.0197144 0
310 0.0183657 0
311 0.0177906 0
312 0.0207292 0
313 0.0229221 0
314 0.0216506 0
315 0.0245746 0
316 0.0262184 0
317 0.0222192 0
318 0.0242662 0
319 0.0282266 0
320 0.026434 0
321 0.0263758 0
322 0.0297962 0
323 0.022458 0
324 0.0285891 0
325 0.0307466 0
326 0.0282125 0
327 0.0312761 0
328 0.0238962 0
329 0.0200624 0
330 0.022607 0
331 0.0249579 0
332 0.0258698 0
333 0.0328027 0
334 0.020637 0
335 0.0178908 0
336 0.0193073 0
337 0.0225426 0
338 0.0232083 0
339 0.0212937 0
340 0.0279371 0
341 0.0297382 0
342 0.0266942 0
343 0.0243325 0
344 0.0275344 0
345 0.0265807 0
346 0.0176655 0
347 0.025932 0
348 0.0269249 0
349 0.0208311 0
350 0.0232289 0
351 0.0226362 0
352 0.0248283 0
353 0.0194451 0
354 0.020221 0
355 0.0193646 0
356 0.0201759 0
357 0.0191847 0
358 0.0213058 0
359 0.0219475 0
360 0.0228382 0
361 0.030924 0
362 0.0266904 0
363 0.0303486 0
364 0.023733 0
365 0.0242904 0
366 0.0288199 0
367 0.0289682 0
368 0.0280678 0
369 0.0280535 0
370 0.0241949 0
371 0.0199874 0
372 0.0237265 0
373 0.0229665 0
374 0.0200919 0
375 0.0224375 0
376 0.0226349 0
377 0.0195963 0
378 0.0216784 0
379 0.0251558 0
380 0.0229859 0
381 0.0240932 0
382 0.0264322 0
383 0.0246852 0
384 0.030775 0
385 0.0341327 0
386 0.0286771 0
387 0.0320407 0
388 0.0318833 0
389 0.0297866 0
390 0.0366838 0
391 0.0255663 0
392 0.0270237 0
393 0.0251456 0
394 0.0274592 0
395 0.0239054 0
396 0.0258442 0
397 0.0343403 0
398 0.0328746 0
399 0.0473122 0
400 0.0210365 0
401 0.0220491 0
402 0.0204037 0
403 0.0274983 0
404 0.0295274 0
405 0.0240272 0
406 0.0273239 0
407 0.0318989 0
408 0.0273452 0
409 0.0330479 0
410 0.0291936 0
411 0.0290698 0
412 0.0234224 0
413 0.0272213 0
414 0.02707 0
415 0.0241821 0
416 0.024391 0
417 0.0259355 0
418 0.0332394 0
419 0.031578 0
420 0.0328291 0
421 0.022611 0
422 0.0257453 0
423 0.0209533 0
424 0.0266238 0
425 0.0236933 0
426 0.0265168 0
427 0.0286995 0
428 0.0316639 0
429 0.0338718 0
430 0.0333886 0
431 0.0317939 0
432 0.0353849 0
433 0.0254447 0
434 0.026286 0
435 0.0282341 0
436 0.0267898 0
437 0.0246682 0
438 0.02485 0
439 0.0415694 0
440 0.0356764 0
441 0.033632 0
442 0.036841 0
443 0.0353332 0
444 0.040446 0
445 0.0286693 0
446 0.0287137 0
447 0.0251036 0
448 0.0390818 0
449 0.0378164 0
450 0.0415258 0
451 0.0387586 0
452 0.0420748 0
453 0.0401935 0
454 0.0400986 0
455 0.0388877 0
456 0.0433691 0
457 0.0215418 0
458 0.0197119 0
459 0.0192389 0
460 0.0281333 0
461 0.0234322 0
462 0.02774 0
463 0.0400975 0
464 0.0359268 0
465 0.0375453 0
466 0.0266696 0
467 0.0278737 0
468 0.024494 0
469 0.033582 0
470 0.0379174 0
471 0.046769 0
472 0.0350988 0
473 0.0358303 0
474 0.0382139 0
475 0.0409754 0
476 0.0373523 0
477 0.0422552 0
478 0.0248231 0
479 0.0238818 0
480 0.0239696 0
481 0.0262323 0
482 0.025155 0
483 0.0258811 0
484 0.026992 0
485 0.0339552 0
486 0.0381481 0
487 0.0308692 0
488 0.028591 0
489 0.0516805 0
490 0.0343996 0
491 0.0311167 0
492 0.0462207 0
493 0.035173 0
494 0.0388132 0
495 0.0419188 0
496 0.0588591 0
497 0.0390235 0
498 0.0465424 0
499 0.0231908 0
500 0.0242112 0
501 0.0210608 0
502 0.02945 0
503 0.027341 0
504 0.0522813 0
