Stations: 0 1 0.1
-1.45 0 0.0 0.0 0.0 0.0 0.0
-1.45 1 0.0 0.0 0.0 0.0 0.0
-1.35 0 0.0 0.0 0.0 0.0 0.0
-1.35 1 0.0 0.0 0.0 0.0 0.0
-1.25 0 0.0 0.0 0.0 0.0 0.0
-1.25 1 0.0 0.0 0.0 0.0 0.0
-1.15 0 0.0 0.0 0.0 0.0 0.0
-1.15 1 0.0 0.0 0.0 0.0 0.0
-1.05 0 0.0 0.0 0.0 0.0 0.0
-1.05 1 0.0 0.0 0.0 0.0 0.0
-0.95 0 0.0 0.0 0.0 0.0 0.0
-0.95 1 0.0 0.0 0.0 0.0 0.0
-0.85 0 0.0 0.0 0.0 0.0 0.0
-0.85 1 0.0 0.0 0.0 0.0 0.0
-0.75 0 0.0 0.0 0.0 0.0 0.0
-0.75 1 0.0 0.0 0.0 0.0 0.0
-0.65 0 0.0 0.0 0.0 0.0 0.0
-0.65 1 -6.35152 226.285 -881.176 0.0 0.128399
-0.55 0 0.149288 -73.057 122.498 0.0 -0.031
-0.55 1 -0.16077 81.854 -10.2692 0.0 0.14
-0.45 0 0.129739 -81.9044 -37.171 0.0 -0.058
-0.45 1 -0.145662 88.3311 4.76421 0.0 0.125
-0.35 0 0.0 0.0 0.0 0.0 0.0
-0.35 1 -0.0396451 90.8912 180.991 0.0 0.1
-0.25 0 0.0 0.0 0.0 0.0 0.0
-0.25 1 -0.732556 192.478 -927.164 0.0 0.076
-0.15 0 0.0 0.0 0.0 0.0 0.0
-0.15 1 -0.0885119 140.328 -140.233 0.0 0.072
-0.05 0 0.0916972 -121.381 406.133 0.0 -0.021
-0.05 1 -0.0128899 136.097 -78.7963 0.0 0.05
0.05 0 0.0125107 -132.976 9.07398 0.0 -0.0448491
0.05 1 0.0773392 123.188 418.668 0.0 0.025
0.15 0 -0.0478984 -136.433 -85.5163 0.0 -0.0639376
0.15 1 0.0 0.0 0.0 0.0 0.0
0.25 0 -0.279287 -166.522 -635.38 0.0 -0.09
0.25 1 0.0 0.0 0.0 0.0 0.0
0.35 0 -0.109762 -98.0869 86.2138 0.0 -0.0934194
0.35 1 0.0 0.0 0.0 0.0 0.0
0.45 0 -0.182802 -93.0505 -72.3655 0.0 -0.115687
0.45 1 0.135458 81.7025 -57.2103 0.0 0.056
0.55 0 -0.238521 -93.3255 -246.787 0.0 -0.189081
0.55 1 0.242037 63.4702 247.813 0.0 0.042
0.65 0 -0.0237399 -70.645 -136.834 0.0 -0.21
0.65 1 0.0 0.0 0.0 0.0 0.0
0.75 0 0.0 0.0 0.0 0.0 0.0
0.75 1 0.0 0.0 0.0 0.0 0.0
0.85 0 0.0 0.0 0.0 0.0 0.0
0.85 1 0.0 0.0 0.0 0.0 0.0
0.95 0 0.0 0.0 0.0 0.0 0.0
0.95 1 0.0 0.0 0.0 0.0 0.0
1.05 0 0.0 0.0 0.0 0.0 0.0
1.05 1 0.0 0.0 0.0 0.0 0.0
1.15 0 0.0 0.0 0.0 0.0 0.0
1.15 1 0.0 0.0 0.0 0.0 0.0
1.25 0 0.0 0.0 0.0 0.0 0.0
1.25 1 0.0 0.0 0.0 0.0 0.0
1.35 0 0.0 0.0 0.0 0.0 0.0
1.35 1 0.0 0.0 0.0 0.0 0.0
1.45 0 0.0 0.0 0.0 0.0 0.0
1.45 1 0.0 0.0 0.0 0.0 0.0
Stations: 0 2 0.1
-1.45 0 0.0 0.0 0.0 0.0 0.0
-1.45 1 0.0 0.0 0.0 0.0 0.0
-1.35 0 0.0 0.0 0.0 0.0 0.0
-1.35 1 0.0 0.0 0.0 0.0 0.0
-1.25 0 0.0 0.0 0.0 0.0 0.0
-1.25 1 0.0 0.0 0.0 0.0 0.0
-1.15 0 0.0 0.0 0.0 0.0 0.0
-1.15 1 0.0 0.0 0.0 0.0 0.0
-1.05 0 0.0 0.0 0.0 0.0 0.0
-1.05 1 0.0 0.0 0.0 0.0 0.0
-0.95 0 0.0 0.0 0.0 0.0 0.0
-0.95 1 0.0 0.0 0.0 0.0 0.0
-0.85 0 0.0 0.0 0.0 0.0 0.0
-0.85 1 0.0 0.0 0.0 0.0 0.0
-0.75 0 0.0 0.0 0.0 0.0 0.0
-0.75 1 0.0 0.0 0.0 0.0 0.0
-0.65 0 0.0 0.0 0.0 0.0 0.0
-0.65 1 -5.73045 118.654 -248.864 0.0 0.238391
-0.55 0 0.0962491 -41.0244 -3.39833 0.0 -0.058
-0.55 1 -0.137629 45.5351 0.83871 0.0 0.24
-0.45 0 0.102636 -43.6653 -12.3631 0.0 -0.100983
-0.45 1 -0.0986735 48.1897 -4.33873 0.0 0.23
-0.35 0 0.0 0.0 0.0 0.0 0.0
-0.35 1 -0.0942092 53.6588 -70.3872 0.0 0.052
-0.25 0 0.0 0.0 0.0 0.0 0.0
-0.25 1 -0.28993 67.7308 -55.0179 0.0 0.155
-0.15 0 0.0 0.0 0.0 0.0 0.0
-0.15 1 -0.0442806 63.4127 -15.0311 0.0 0.15
-0.05 0 0.0378071 -60.2978 27.4514 0.0 -0.048
-0.05 1 -0.00968354 62.8789 -11.7502 0.0 0.105
0.05 0 0.00399234 -62.0021 2.75499 0.0 -0.0847592
0.05 1 0.0290517 60.7385 26.3651 0.0 0.052
0.15 0 -0.0382179 -62.9827 -13.0128 0.0 -0.13874
0.15 1 0.0 0.0 0.0 0.0 0.0
0.25 0 0.424107 -55.867 -11.5689 0.0 -0.18
0.25 1 0.0 0.0 0.0 0.0 0.0
0.35 0 -0.396381 -66.3086 -81.6409 0.0 -0.205773
0.35 1 0.0 0.0 0.0 0.0 0.0
0.45 0 -0.122977 -49.1439 -17.493 0.0 -0.215121
0.45 1 0.0912853 44.2943 -37.4614 0.0 0.105
0.55 0 -0.177371 -48.2568 -41.8583 0.0 -0.245782
0.55 1 0.155902 37.4078 20.6432 0.0 0.08
0.65 0 -0.83424 -49.6409 -59.686 0.0 -0.3
0.65 1 0.0 0.0 0.0 0.0 0.0
0.75 0 0.0 0.0 0.0 0.0 0.0
0.75 1 0.0 0.0 0.0 0.0 0.0
0.85 0 0.0 0.0 0.0 0.0 0.0
0.85 1 0.0 0.0 0.0 0.0 0.0
0.95 0 0.0 0.0 0.0 0.0 0.0
0.95 1 0.0 0.0 0.0 0.0 0.0
1.05 0 0.0 0.0 0.0 0.0 0.0
1.05 1 0.0 0.0 0.0 0.0 0.0
1.15 0 0.0 0.0 0.0 0.0 0.0
1.15 1 0.0 0.0 0.0 0.0 0.0
1.25 0 0.0 0.0 0.0 0.0 0.0
1.25 1 0.0 0.0 0.0 0.0 0.0
1.35 0 0.0 0.0 0.0 0.0 0.0
1.35 1 0.0 0.0 0.0 0.0 0.0
1.45 0 0.0 0.0 0.0 0.0 0.0
1.45 1 0.0 0.0 0.0 0.0 0.0
Stations: 0 1 0.1
98.75 0 0.0 0.0 0.0 0.0 0.0
98.75 1 0.0 0.0 0.0 0.0 0.0
98.85 0 0.0 0.0 0.0 0.0 0.0
98.85 1 0.0 0.0 0.0 0.0 0.0
98.95 0 0.0 0.0 0.0 0.0 0.0
98.95 1 0.0 0.0 0.0 0.0 0.0
99.05 0 0.0 0.0 0.0 0.0 0.0
99.05 1 0.0 0.0 0.0 0.0 0.0
99.15 0 0.0 0.0 0.0 0.0 0.0
99.15 1 0.0 0.0 0.0 0.0 0.0
99.25 0 0.0 0.0 0.0 0.0 0.0
99.25 1 0.0 0.0 0.0 0.0 0.0
99.35 0 0.0 0.0 0.0 0.0 0.0
99.35 1 0.0 0.0 0.0 0.0 0.0
99.45 0 0.0 0.0 0.0 0.0 0.0
99.45 1 -0.572421 84.6032 -81.7601 0.0 0.155
99.55 0 0.0930738 -70.7003 3.7608 0.0 -0.048
99.55 1 -0.0907547 73.876 24.688 0.0 0.145
99.65 0 0.083799 -75.3874 -67.1121 0.0 -0.058
99.65 1 -0.064099 76.5405 55.3707 0.0 0.12
99.75 0 0.0 0.0 0.0 0.0 0.0
99.75 1 0.0 0.0 0.0 0.0 0.0
99.85 0 0.0 0.0 0.0 0.0 0.0
99.85 1 0.0 0.0 0.0 0.0 0.0
99.95 0 0.272778 -27.6769 2864.56 0.0 -0.0114
99.95 1 -0.00328516 82.1221 -7.20605 0.0 0.041
100.05 0 0.0112159 -81.0686 13.8341 0.0 -0.031
100.05 1 0.2347 43.3578 1486.61 0.0 0.022
100.15 0 0.0910052 -69.1444 272.632 0.0 -0.0539245
100.15 1 0.0 0.0 0.0 0.0 0.0
100.25 0 0.0 0.0 0.0 0.0 0.0
100.25 1 0.0 0.0 0.0 0.0 0.0
100.35 0 -0.0882118 -79.9266 15.1866 0.0 -0.125685
100.35 1 0.0669783 77.4793 -97.5818 0.0 0.085
100.45 0 -0.109059 -74.9714 5.27912 0.0 -0.138064
100.45 1 0.0873091 69.9257 -10.2587 0.0 0.056
100.55 0 -1.21473 -110.083 -326.153 0.0 -0.16876
100.55 1 0.0 0.0 0.0 0.0 0.0
100.65 0 0.0 0.0 0.0 0.0 0.0
100.65 1 0.0 0.0 0.0 0.0 0.0
100.75 0 0.0 0.0 0.0 0.0 0.0
100.75 1 0.0 0.0 0.0 0.0 0.0
100.85 0 0.0 0.0 0.0 0.0 0.0
100.85 1 0.0 0.0 0.0 0.0 0.0
100.95 0 0.0 0.0 0.0 0.0 0.0
100.95 1 0.0 0.0 0.0 0.0 0.0
101.05 0 0.0 0.0 0.0 0.0 0.0
101.05 1 0.0 0.0 0.0 0.0 0.0
101.15 0 0.0 0.0 0.0 0.0 0.0
101.15 1 0.0 0.0 0.0 0.0 0.0
101.25 0 0.0 0.0 0.0 0.0 0.0
101.25 1 0.0 0.0 0.0 0.0 0.0
Stations: 0 2 0.1
98.75 0 0.0 0.0 0.0 0.0 0.0
98.75 1 0.0 0.0 0.0 0.0 0.0
98.85 0 0.0 0.0 0.0 0.0 0.0
98.85 1 0.0 0.0 0.0 0.0 0.0
98.95 0 0.0 0.0 0.0 0.0 0.0
98.95 1 0.0 0.0 0.0 0.0 0.0
99.05 0 0.0 0.0 0.0 0.0 0.0
99.05 1 0.0 0.0 0.0 0.0 0.0
99.15 0 0.0 0.0 0.0 0.0 0.0
99.15 1 0.0 0.0 0.0 0.0 0.0
99.25 0 0.0 0.0 0.0 0.0 0.0
99.25 1 0.0 0.0 0.0 0.0 0.0
99.35 0 0.0 0.0 0.0 0.0 0.0
99.35 1 0.0 0.0 0.0 0.0 0.0
99.45 0 0.0 0.0 0.0 0.0 0.0
99.45 1 -0.502771 42.4097 -6.98644 0.0 0.27
99.55 0 0.0549659 -36.736 -21.0488 0.0 -0.1
99.55 1 -0.035134 36.0222 36.3243 0.0 0.25
99.65 0 0.0542624 -38.5097 -32.1933 0.0 -0.12
99.65 1 -0.064474 39.5687 38.6976 0.0 0.21
99.75 0 0.0 0.0 0.0 0.0 0.0
99.75 1 0.0 0.0 0.0 0.0 0.0
99.85 0 0.0 0.0 0.0 0.0 0.0
99.85 1 -0.085292 49.1451 -20.5802 0.0 0.1
99.95 0 0.358086 1.05792 1640.7 0.0 -0.0185
99.95 1 0.0102976 45.5962 15.7026 0.0 0.072
100.05 0 0.0436929 -43.3371 55.2499 0.0 -0.054
100.05 1 0.071407 40.0027 151.259 0.0 0.037
100.15 0 0.00853907 -45.0162 14.3057 0.0 -0.105
100.15 1 0.0 0.0 0.0 0.0 0.0
100.25 0 0.0 0.0 0.0 0.0 0.0
100.25 1 0.0 0.0 0.0 0.0 0.0
100.35 0 -0.11235 -43.5307 13.5741 0.0 -0.219895
100.35 1 0.0469276 39.2351 -34.8972 0.0 0.165
100.45 0 -0.0727355 -37.3727 27.111 0.0 -0.244206
100.45 1 0.0557677 35.9875 -19.6446 0.0 0.12
100.55 0 -0.748097 -49.911 -56.6355 0.0 -0.282797
100.55 1 0.0 0.0 0.0 0.0 0.0
100.65 0 0.0 0.0 0.0 0.0 0.0
100.65 1 0.0 0.0 0.0 0.0 0.0
100.75 0 0.0 0.0 0.0 0.0 0.0
100.75 1 0.0 0.0 0.0 0.0 0.0
100.85 0 0.0 0.0 0.0 0.0 0.0
100.85 1 0.0 0.0 0.0 0.0 0.0
100.95 0 0.0 0.0 0.0 0.0 0.0
100.95 1 0.0 0.0 0.0 0.0 0.0
101.05 0 0.0 0.0 0.0 0.0 0.0
101.05 1 0.0 0.0 0.0 0.0 0.0
101.15 0 0.0 0.0 0.0 0.0 0.0
101.15 1 0.0 0.0 0.0 0.0 0.0
101.25 0 0.0 0.0 0.0 0.0 0.0
101.25 1 0.0 0.0 0.0 0.0 0.0
Stations: 1 2 0.1
-0.65 0 0.0 0.0 0.0 0.0 0.0
-0.65 1 0.0 0.0 0.0 0.0 0.0
-0.55 0 -0.000657575 -98.1606 -238.749 -681.244 -0.0326265
-0.55 1 0.00188348 91.1029 5129.79 -763509 0.0064
-0.45 0 0.000773752 -106.387 -383.546 -4256.1 -0.0547373
-0.45 1 0.00275089 99.8546 2935.05 -316066 0.0098
-0.35 0 0.00283904 -109.277 40.3007 1895.38 -0.0709415
-0.35 1 -0.0116315 119.445 -1341.56 -3311.31 0.016
-0.25 0 0.0165699 -104.336 41.7569 1464.72 -0.103747
-0.25 1 0.0147544 103.388 432.219 -4668.75 0.105
-0.15 0 0.019192 -104.517 101.996 2345.98 -0.116738
-0.15 1 0.0218808 103.838 322.651 -3145.54 0.105
-0.05 0 0.0076535 -116.81 -122.434 1604.68 -0.100608
-0.05 1 0.0117894 115.674 171.816 -3362.22 0.1
0.05 0 0.00897373 -116.865 91.9076 2252.23 -0.0907916
0.05 1 0.0193251 113.91 187.393 -3580.46 0.105
0.15 0 0.0165304 -106.071 464.128 5397.32 -0.0938161
0.15 1 0.0120709 108.772 -223.438 140.291 0.125
0.25 0 0.0358648 -95.6349 735.956 7307.14 -0.0959796
0.25 1 0.0125841 104.281 -24.4586 -1253.85 0.115
0.35 0 -2.65262e-05 -101.435 -226.051 -4257.99 -0.0674506
0.35 1 0.0128681 96.5309 95.498 -1568.54 0.09
0.45 0 0.00205257 -96.1444 4733.92 619905 -0.010173
0.45 1 -0.00391623 106.586 -412.106 3979.9 0.07
0.55 0 0.015649 -77.8461 3995.65 226133 -0.00699621
0.55 1 -0.000192488 93.7101 -269.029 2693.03 0.048
0.65 0 0.0 0.0 0.0 0.0 0.0
0.65 1 0.0 0.0 0.0 0.0 0.0
Stations: 1 3 0.1
-0.65 0 0.0 0.0 0.0 0.0 0.0
-0.65 1 0.0 0.0 0.0 0.0 0.0
-0.55 0 -0.00149853 -41.8781 -80.1858 -278.872 -0.0789518
-0.55 1 0.0204003 29.8004 1883.34 -84344.5 0.014
-0.45 0 0.00799559 -45.4765 -102.271 -397.542 -0.137822
-0.45 1 -0.00180978 46.7034 228.336 -10685.5 0.02
-0.35 0 -0.0166755 -55.9973 -149.771 -339.913 -0.187582
-0.35 1 0.00133741 52.6809 96.4398 -704.571 0.028
-0.25 0 0.00192805 -55.3678 6.15936 333.235 -0.215853
-0.25 1 0.0121234 53.5955 49.6297 -256.612 0.2
-0.15 0 0.0226664 -51.6642 56.6754 410.011 -0.220874
-0.15 1 0.0238614 51.7713 101.538 -456.876 0.2
-0.05 0 0.0136606 -56.8408 -52.8847 -17.4397 -0.211235
-0.05 1 0.00513805 57.7858 48.4058 -505.208 0.22
0.05 0 -0.00379673 -60.034 -9.06002 281.127 -0.216781
0.05 1 -0.00115392 60.4021 -71.3626 17.0821 0.22
0.15 0 0.00471642 -54.025 98.5932 590.351 -0.182858
0.15 1 0.00927021 53.2855 -29.9367 -32.3885 0.23
0.25 0 0.0208176 -49.768 147.535 691.733 -0.183996
0.25 1 0.00180849 52.9657 10.3729 -269.208 0.24
0.35 0 -0.00119573 -54.7839 -127.198 -879.367 -0.135159
0.35 1 -0.000543643 53.3867 -43.3071 -216.567 0.21
0.45 0 0.00890849 -41.0942 1397.02 72834.6 -0.0189849
0.45 1 -0.0103823 50.2611 -175.923 638.096 0.175
0.55 0 0.0103734 -35.834 305.354 -10761.8 -0.0166764
0.55 1 -0.00246115 40.6172 -84.2734 361.358 0.11
0.65 0 0.0 0.0 0.0 0.0 0.0
0.65 1 0.0 0.0 0.0 0.0 0.0
Stations: 1 2 0.1
99.45 0 0.0 0.0 0.0 0.0 0.0
99.45 1 0.0 0.0 0.0 0.0 0.0
99.55 0 0.000867775 -78.6816 -146.36 -354.671 -0.0479736
99.55 1 0.0068069 75.3273 421.519 -3250.14 0.13
99.65 0 -0.00105317 -85.8127 -243.486 -1959.79 -0.0739022
99.65 1 0.011079 77.8301 978.748 -8448.81 0.106156
99.75 0 0.0171692 -99.4508 -45.8242 2028.71 -0.0958572
99.75 1 0.0110786 99.9237 393.26 -3993.47 0.105
99.85 0 0.00365413 -110.768 -43.2044 1362.17 -0.0968366
99.85 1 0.00682456 110.215 119.274 -2831.72 0.115
99.95 0 0.011422 -112.13 273.26 3163.05 -0.0906177
99.95 1 0.0178781 110.028 62.0688 -1724.67 0.105
100.05 0 0.00890101 -109.288 104.728 2149.97 -0.0978869
100.05 1 0.014703 108.195 77.0273 -1465.72 0.11
100.15 0 0.0262145 -107.483 196.888 3249.38 -0.110808
100.15 1 0.00758348 112.312 163.016 -3638.22 0.1
100.25 0 0.0203245 -96.8187 518.681 5330.88 -0.105742
100.25 1 0.0193625 98.4017 139.566 -3423.56 0.1
100.35 0 0.0110157 -86.1001 623.412 5385.54 -0.104997
100.35 1 -0.00672163 91.7985 -385.463 2146.09 0.09
100.45 0 0.00480509 -71.437 789.316 6313.53 -0.115891
100.45 1 -0.00366082 77.1705 -240.317 2688.4 0.064
100.55 0 0.0 0.0 0.0 0.0 0.0
100.55 1 0.0 0.0 0.0 0.0 0.0
Stations: 1 3 0.1
99.45 0 0.0 0.0 0.0 0.0 0.0
99.45 1 0.0 0.0 0.0 0.0 0.0
99.55 0 -1.01568e-05 -44.2164 -67.0958 -143.831 -0.0886104
99.55 1 0.00321847 43.3005 81.1557 -353.138 0.23
99.65 0 -0.000209523 -45.1065 -31.3088 -36.5576 -0.140982
99.65 1 0.0099726 41.8693 186.284 -799.424 0.23
99.75 0 0.00686787 -48.0334 -52.188 -116.928 -0.182624
99.75 1 0.00466599 47.6646 140.829 -694.122 0.23
99.85 0 -0.010111 -56.6753 -104.036 -144.996 -0.229864
99.85 1 -0.00730465 55.9902 -18.0126 -131.634 0.24
99.95 0 -0.00308732 -57.4492 35.1817 464.154 -0.22995
99.95 1 0.0089679 55.921 -20.5344 -15.9565 0.21
100.05 0 0.011974 -53.7019 36.608 223.102 -0.184946
100.05 1 0.0132145 53.2856 77.438 -560.939 0.229816
100.15 0 0.0146834 -54.4504 17.6042 240.307 -0.211888
100.15 1 -0.0158676 58.6158 -82.0453 -11.3504 0.26
100.25 0 0.00804272 -49.1169 117.784 652.033 -0.22052
100.25 1 0.00103736 50.809 -99.0319 236.423 0.22
100.35 0 0.0109789 -41.3851 183.312 762.026 -0.220454
100.35 1 0.00110043 43.7951 -30.3532 29.9996 0.17
100.45 0 0.00794592 -39.5044 159.848 661.948 -0.222711
100.45 1 -0.00586947 43.4296 -86.2239 407.794 0.12
100.55 0 0.0 0.0 0.0 0.0 0.0
100.55 1 0.0 0.0 0.0 0.0 0.0
Stations: 2 3 0.1
-0.65 0 0.0 0.0 0.0 0.0 0.0
-0.65 1 0.0 0.0 0.0 0.0 0.0
-0.55 0 7.2738e-05 -69.0208 -129.347 -450.141 -0.062677
-0.55 1 0.0001805 67.1853 725.791 -5563.3 0.120406
-0.45 0 0.0153022 -80.9229 -309.833 -1544.89 -0.105815
-0.45 1 0.00953018 80.757 559.766 -4502.4 0.115
-0.35 0 -0.00219922 -104.854 -163.704 1335.49 -0.125996
-0.35 1 0.00550592 102.067 600.67 -6991.06 0.104051
-0.25 0 0.00456313 -112.95 130.084 3333.83 -0.10827
-0.25 1 0.0223931 108.777 103.115 -1585.56 0.105
-0.15 0 0.00309514 -111.828 -93.3812 827.553 -0.090958
-0.15 1 0.0267137 104.386 466.928 -4691.51 0.1
-0.05 0 0.00546826 -113.388 -266.175 -79.4702 -0.115488
-0.05 1 0.0107009 110.85 334.343 -4441.04 0.1
0.05 0 0.0134425 -114.483 195.479 3851.75 -0.101995
0.05 1 -0.00649275 120.324 -162.158 -1543.73 0.125
0.15 0 0.0240155 -102.489 581.759 5658.75 -0.0910453
0.15 1 0.0207619 104.353 23.4144 -2124.02 0.125
0.25 0 0.00772022 -104.716 265.308 2789.12 -0.0958261
0.25 1 0.00618954 105.347 64.989 -1928.31 0.105
0.35 0 0.0107711 -112.142 111.495 2632.19 -0.0999621
0.35 1 0.00198452 114.883 -227.465 -487.198 0.13
0.45 0 0.0144124 -82.2709 717.556 6634.36 -0.10282
0.45 1 -0.0100418 93.1192 -532.012 2342.43 0.13
0.55 0 0.0110703 -63.3817 911.206 6804.12 -0.114444
0.55 1 -0.00295197 70.3731 -216.146 1331.71 0.09
0.65 0 0.035169 -25.1785 12905.8 1.43877e+06 -0.0052
0.65 1 0.000642294 62.4784 -80.5604 -407.497 0.042
Stations: 2 4 0.1
-0.65 0 0.0 0.0 0.0 0.0 0.0
-0.65 1 0.0 0.0 0.0 0.0 0.0
-0.55 0 -0.000865138 -38.5776 -59.8021 -116.933 -0.121902
-0.55 1 0.00104557 37.1428 250.712 -1105 0.205724
-0.45 0 -0.00552955 -41.7044 -49.2832 -12.1325 -0.218681
-0.45 1 0.00672516 38.7534 178.431 -717.272 0.23
-0.35 0 0.0197028 -45.1973 -44.3744 14.0258 -0.3
-0.35 1 -0.00687842 48.1174 130.592 -695.401 0.226863
-0.25 0 -0.0141967 -57.8361 -121.921 -137.668 -0.3
-0.25 1 0.00583853 55.0339 4.60874 -124.596 0.21
-0.15 0 0.00820185 -53.5125 46.4509 504.275 -0.199641
-0.15 1 0.021876 51.0793 119.349 -558.747 0.21
-0.05 0 0.0147835 -53.6205 -33.1197 30.1839 -0.222999
-0.05 1 -0.00273648 55.7696 36.445 -428.595 0.238529
0.05 0 -0.0110485 -58.6402 -35.6392 172.035 -0.217752
0.05 1 -0.00459817 57.9434 -89.6471 113.144 0.25
0.15 0 0.0129032 -51.1784 112.007 609.455 -0.204436
0.15 1 0.0140176 51.0801 27.5206 -330.63 0.256367
0.25 0 0.0127171 -51.8809 60.5626 296.139 -0.191179
0.25 1 -0.0339413 58.5295 -104.336 35.3039 0.3
0.35 0 -0.00407297 -51.7216 61.7533 409.851 -0.203177
0.35 1 0.0148245 49.9946 -88.3266 86.1538 0.3
0.45 0 0.00671878 -37.8543 213.615 922.25 -0.217361
0.45 1 -0.000920204 40.2693 -38.0633 -28.8274 0.27
0.55 0 0.0056988 -36.1121 111.64 390.616 -0.223355
0.55 1 -0.00435934 38.7094 -75.6714 183.866 0.165
0.65 0 0.00524681 -32.8039 150.579 571.427 -0.229671
0.65 1 0.00078981 34.4857 -42.9926 11.6888 0.078
Stations: 2 3 0.1
99.45 0 0.0 0.0 0.0 0.0 0.0
99.45 1 0.0 0.0 0.0 0.0 0.0
99.55 0 -0.00187794 -99.0425 -392.757 -3870.62 -0.0587433
99.55 1 -0.00589737 102.436 -18.2145 -1382.32 0.12
99.65 0 -0.000381608 -96.3352 -120.596 -449.718 -0.0849749
99.65 1 0.00482769 92.8622 322.528 -3265.3 0.11
99.75 0 0.0136941 -90.042 -156.654 -2.64929 -0.134202
99.75 1 0.0100971 88.6166 632.34 -5577.33 0.11
99.85 0 -0.0122362 -110.681 -228.306 576.207 -0.146812
99.85 1 0.00398317 106.105 156.487 -2969.55 0.125
99.95 0 0.00652503 -111.414 258.673 4109.61 -0.11267
99.95 1 0.0026621 113.242 -179.705 -329.993 0.125
100.05 0 0.00252471 -109.431 11.4901 1277.93 -0.100964
100.05 1 0.00340355 108.799 108.247 -1807.18 0.1
100.15 0 0.00270186 -111.121 -106.839 948.424 -0.118786
100.15 1 0.00736351 109.764 -37.0765 -2078.99 0.126849
100.25 0 0.00255534 -97.5777 384.302 3925.04 -0.106421
100.25 1 -0.00524526 100.69 -376.14 943.555 0.155
100.35 0 0.0178653 -80.4342 540.347 3911.37 -0.10437
100.35 1 0.0144154 84.7183 -58.296 -734.795 0.115
100.45 0 0.00480569 -92.1506 50.8642 1263.38 -0.106772
100.45 1 -0.00616422 96.8248 -254.929 1070.14 0.078
100.55 0 0.192849 302.16 263544 5.86114e+07 -0.00205
100.55 1 -0.00035922 90.3953 -302.507 1912.04 0.04
Stations: 2 4 0.1
99.45 0 0.0 0.0 0.0 0.0 0.0
99.45 1 0.0 0.0 0.0 0.0 0.0
99.55 0 0.00844032 -42.6749 -93.1621 -293.78 -0.148842
99.55 1 -0.0127676 47.9632 26.9701 -214.354 0.22
99.65 0 -0.0223357 -53.1602 -151.465 -275.525 -0.231513
99.65 1 0.00282699 48.9697 60.5468 -345.243 0.21
99.75 0 -0.0102706 -48.1412 -26.325 136.747 -0.28435
99.75 1 0.0134979 44.3197 162.393 -748.828 0.230256
99.85 0 0.017001 -50.8084 -46.3417 39.2314 -0.3
99.85 1 -0.0158864 55.2966 -29.4223 -98.6527 0.25
99.95 0 -0.0271955 -60.185 -72.5761 67.76 -0.253809
99.95 1 0.00848818 55.0494 -28.696 -45.4783 0.24
100.05 0 0.0174696 -51.874 68.1434 438.405 -0.237696
100.05 1 -0.00724581 55.6358 8.0959 -339.482 0.241811
100.15 0 -0.000624845 -54.6739 -30.8993 47.7375 -0.21588
100.15 1 -0.00636158 55.6163 -105.089 115.2 0.3
100.25 0 -0.000574906 -47.9949 94.3523 524.661 -0.235781
100.25 1 0.0147158 45.6991 -11.2261 -166.23 0.281043
100.35 0 0.015146 -43.2172 116.502 466.822 -0.211735
100.35 1 -0.0153883 48.477 -66.881 -54.0309 0.26
100.45 0 -0.0150319 -47.732 17.5019 205.36 -0.207946
100.45 1 0.00477399 43.9832 -110.303 255.434 0.2
100.55 0 0.258274 195.64 70409 7.01846e+06 -0.00415
100.55 1 -0.000767773 38.7509 -76.9122 181.153 0.098
Stations: 3 4 0.1
-0.65 0 0.0 0.0 0.0 0.0 0.0
-0.65 1 0.0 0.0 0.0 0.0 0.0
-0.55 0 0.0075917 -85.0785 -223.143 -191.534 -0.117508
-0.55 1 -0.0145974 94.974 -396.786 3738.02 0.09
-0.45 0 -0.0020462 -82.1265 -96.4341 441.952 -0.186559
-0.45 1 0.01956 72.8072 672.507 -6346.5 0.1
-0.35 0 0.0187021 -84.1896 -207.051 -235.53 -0.187656
-0.35 1 0.00055505 86.5546 554.096 -5110.06 0.119525
-0.25 0 -0.0106875 -111.014 -242.36 1193.12 -0.120968
-0.25 1 0.0142226 104.612 281.854 -4225.3 0.115762
-0.15 0 0.00690787 -105.541 101.465 2163.89 -0.108863
-0.15 1 0.0118189 103.347 201.608 -2343.63 0.105
-0.05 0 -0.00248378 -109.093 -273.548 -60.7765 -0.125771
-0.05 1 0.0156231 102.88 419.029 -4985.1 0.115564
0.05 0 0.00724545 -107.677 114.353 2866.2 -0.117978
0.05 1 -0.00567753 111.133 -272.178 -101.107 0.145
0.15 0 0.0178543 -98.1706 450.426 4209.71 -0.100888
0.15 1 0.00207897 104.138 -145.668 -265.616 0.125
0.25 0 0.0216422 -103.163 201.004 2825.17 -0.102571
0.25 1 -0.00972212 111.673 -98.6238 -1595.58 0.13
0.35 0 0.0106983 -88.6374 480.835 4963.06 -0.115937
0.35 1 -0.00369677 93.407 -401.901 1050.52 0.185
0.45 0 0.00724462 -71.5248 433.449 3002.71 -0.110912
0.45 1 0.0138221 72.1648 -81.1089 -239.444 0.223555
0.55 0 0.00409151 -80.1012 311.359 3399.33 -0.089614
0.55 1 -0.00578664 84.5758 -234.516 120.529 0.145
0.65 0 0.00799724 -67.9674 3343.35 349657 -0.0058
0.65 1 0.00147173 76.7412 -234.694 544.575 0.074
Stations: 3 5 0.1
-0.65 0 0.0 0.0 0.0 0.0 0.0
-0.65 1 0.0 0.0 0.0 0.0 0.0
-0.55 0 -0.0142676 -23.6074 -38.0132 -29.3666 -0.3
-0.55 1 0.0101694 24.2786 12.1412 18.2223 0.27
-0.45 0 -0.014085 -26.0715 -37.2276 -13.6006 -0.3
-0.45 1 0.0216836 24.6871 81.5941 -276.246 0.27
-0.35 0 -0.0105794 -27.82 -29.2269 6.299 -0.3
-0.35 1 0.0124145 28.177 33.3985 -103.606 0.3
-0.25 0 -0.0146477 -31.1338 -30.3204 15.1587 -0.3
-0.25 1 0.0191424 30.387 38.9785 -145.738 0.3
-0.15 0 -0.0187355 -33.9419 -27.5867 33.0397 -0.3
-0.15 1 0.0158523 33.3475 14.3519 -100.353 0.3
-0.05 0 -0.0162217 -33.9421 -17.8289 44.8084 -0.3
-0.05 1 0.0125228 33.6459 -4.21495 -59.7538 0.3
0.05 0 -0.0133632 -33.3956 -5.45315 60.2275 -0.3
0.05 1 0.00902008 33.2842 -14.193 -51.331 0.3
0.15 0 -0.0108648 -33.0313 11.6594 91.7533 -0.3
0.15 1 0.0111341 33.205 -23.5772 -36.4704 0.3
0.25 0 -0.00956431 -31.3062 27.4748 114.105 -0.3
0.25 1 0.0121266 31.6161 -31.8179 -13.3655 0.3
0.35 0 -0.00886371 -27.5687 38.0391 122.201 -0.3
0.35 1 0.0119375 28.0707 -34.1235 1.81163 0.3
0.45 0 -0.00820552 -24.7787 36.9172 91.046 -0.3
0.45 1 0.0208593 24.908 -26.8023 -6.99938 0.3
0.55 0 -0.0140579 -23.0652 40.3013 85.9616 -0.256919
0.55 1 0.021307 22.9965 -32.4365 12.8043 0.3
0.65 0 0.0566901 -7.1538 614.736 2740.83 -0.155134
0.65 1 0.022122 20.9626 -31.5794 19.146 0.3
Stations: 3 4 0.1
99.45 0 0.000479517 -67.1285 -140.827 -118.461 -0.0508351
99.45 1 0.0 0.0 0.0 0.0 0.0
99.55 0 0.0205767 -74.504 -224.41 -497.901 -0.141907
99.55 1 -0.0214519 92.1331 -821.747 10543.2 0.085
99.65 0 -0.0404075 -112.474 -475.419 -692.083 -0.203519
99.65 1 0.0135736 100.198 222.735 -3661.92 0.11
99.75 0 -0.000996948 -96.5724 -64.4961 1014.9 -0.141789
99.75 1 0.0351047 86.8592 570.651 -4759.49 0.11
99.85 0 -0.00502104 -105.064 -378.726 -752.736 -0.153673
99.85 1 0.0070697 100.956 288.401 -3931.56 0.120146
99.95 0 0.00101274 -110.907 98.6677 3171.95 -0.118824
99.95 1 -0.000335337 111.299 -204.919 -424.012 0.14
100.05 0 0.00986484 -106.485 26.007 1210.77 -0.106965
100.05 1 0.00285263 109.308 48.0264 -1636.34 0.115
100.15 0 -0.00320671 -106.815 -96.1801 1075.4 -0.12691
100.15 1 -0.0210488 110.845 -386.137 386.051 0.175
100.25 0 0.0142636 -89.0845 585.47 5401.28 -0.109775
100.25 1 0.014359 90.9939 -192.292 -18.9042 0.21
100.35 0 0.00875961 -96.4564 100.188 1648.06 -0.101905
100.35 1 -0.0482596 108.344 -357.773 242.458 0.186937
100.45 0 -0.00972464 -96.2197 -1436.24 -17626.8 -0.0799163
100.45 1 0.00643632 84.3364 -395.644 1117.53 0.195
100.55 0 0.00595305 -64.9083 286.179 758.484 -0.0844469
100.55 1 0.00204558 64.6659 -139.224 126.434 0.1
Stations: 3 5 0.1
99.45 0 0.0138481 -22.3394 -28.6243 -8.99008 -0.160447
99.45 1 0.0 0.0 0.0 0.0 0.0
99.55 0 0.0128733 -24.6195 -36.9738 -24.7079 -0.3
99.55 1 -0.0198356 25.4952 16.0725 -39.0931 0.29
99.65 0 0.0159615 -28.0043 -34.3025 -2.72965 -0.3
99.65 1 -0.00832191 27.0733 56.52 -195.411 0.3
99.75 0 0.0110391 -30.593 -34.4254 6.33718 -0.3
99.75 1 -0.0103501 30.0069 21.8732 -96.757 0.3
99.85 0 0.0102539 -31.3443 -24.9635 30.6599 -0.3
99.85 1 -0.0124482 31.02 9.99872 -83.1529 0.3
99.95 0 0.00919623 -33.0762 -21.6163 35.6972 -0.3
99.95 1 -0.0149982 32.9061 -4.38221 -66.655 0.3
100.05 0 0.00935815 -33.5247 -5.68969 68.3502 -0.3
100.05 1 -0.0137623 33.59 -17.1915 -52.7883 0.3
100.15 0 0.0101212 -31.0895 9.26251 82.1479 -0.3
100.15 1 -0.0117844 31.4845 -24.4656 -33.3013 0.3
100.25 0 0.00732752 -29.7671 20.9299 96.6335 -0.3
100.25 1 -0.00715315 30.1563 -31.9265 -8.35185 0.3
100.35 0 0.0112594 -27.0254 69.5409 253.56 -0.276841
100.35 1 -0.000261799 28.7866 -39.9434 12.197 0.3
100.45 0 0.00468349 -23.8503 45.8167 119.998 -0.262892
100.45 1 0.014746 24.6691 -33.6331 9.52202 0.3
100.55 0 0.00738206 -20.4578 73.8606 210.136 -0.251105
100.55 1 0.0231528 21.6582 -26.2868 3.34572 0.3
Stations: 4 5 0.1
-0.65 0 -0.0172638 -29.9725 -65.064 -64.1141 -0.3
-0.65 1 0.00744447 30.4989 15.7464 239.338 0.115
-0.55 0 -0.0175789 -32.1883 -63.093 -48.021 -0.3
-0.55 1 0.0144827 33.8113 3.13667 119.511 0.16
-0.45 0 -0.0151413 -37.8648 -65.997 -28.4924 -0.3
-0.45 1 0.0246249 38.4479 11.8815 72.7407 0.185
-0.35 0 -0.0288592 -42.2133 -78.9435 -44.9796 -0.3
-0.35 1 0.0209462 41.2861 66.8618 -344.097 0.27
-0.25 0 -0.0286194 -44.3478 -66.2521 -0.59255 -0.3
-0.25 1 0.0229454 42.9924 61.0876 -346.678 0.27
-0.15 0 -0.0281921 -49.7297 -63.3437 36.1111 -0.3
-0.15 1 0.0217915 48.6714 23.0493 -262.87 0.279372
-0.05 0 -0.0275008 -49.9838 -52.4006 46.8168 -0.3
-0.05 1 0.0152236 49.3064 -18.0401 -137.649 0.3
0.05 0 -0.0203597 -48.2494 -20.3399 114.154 -0.3
0.05 1 0.00946572 48.2639 -41.3757 -69.8261 0.3
0.15 0 -0.0168518 -48.5126 21.8363 259.562 -0.279214
0.15 1 0.0100744 49.5605 -66.8079 -24.9334 0.3
0.25 0 -0.00903515 -43.254 72.6186 406.594 -0.228202
0.25 1 0.00473354 45.7959 -82.9861 40.8894 0.3
0.35 0 -0.0126445 -39.4268 82.9728 392.697 -0.250819
0.35 1 0.0178395 40.4693 -67.3119 27.3815 0.3
0.45 0 -0.00422097 -35.6852 126.239 548.979 -0.169803
0.45 1 0.0209859 38.4475 -71.7559 33.5663 0.3
0.55 0 -0.00280599 -29.649 119.558 412.755 -0.170778
0.55 1 0.0246928 32.6728 -70.8484 68.6103 0.3
0.65 0 -0.00545622 -26.4792 84.7877 195.548 -0.154936
0.65 1 0.0322991 28.6449 -59.2673 51.5995 0.3
Stations: 4 6 0.1
-0.65 0 0.00165312 -10.5838 -16.663 -15.8758 -0.205837
-0.65 1 -0.00885648 10.1518 11.8663 -6.60703 0.3
-0.55 0 -0.000776883 -11.4727 -19.6004 -25.0928 -0.299792
-0.55 1 -0.013608 11.7848 5.03294 0.877397 0.3
-0.45 0 0.00653496 -12.6325 -14.8027 -4.19821 -0.3
-0.45 1 0.00642712 11.7863 27.6321 -67.243 0.3
-0.35 0 0.00390835 -13.9154 -14.8553 -2.4251 -0.3
-0.35 1 -0.000918139 13.5317 18.7329 -36.9292 0.2
-0.25 0 0.00162035 -15.0674 -14.8826 -3.51852 -0.3
-0.25 1 0.00011712 14.577 13.4565 -42.6886 0.3
-0.15 0 0.00189223 -16.2044 -11.0651 9.10713 -0.3
-0.15 1 -0.00416441 16.1282 3.30771 -25.875 0.3
-0.05 0 0.00156148 -16.3899 -6.2435 17.5009 -0.3
-0.05 1 -0.00287012 16.2806 -0.41381 -24.9171 0.3
0.05 0 0.000919248 -16.1991 -1.06112 24.0542 -0.3
0.05 1 -0.00419871 16.2268 -5.94543 -17.2517 0.3
0.15 0 0.00276359 -15.9746 4.2725 28.4762 -0.3
0.15 1 -0.00311582 16.1238 -9.73577 -13.6581 0.3
0.25 0 0.00322909 -14.8612 10.1786 33.003 -0.3
0.25 1 -0.000259067 15.0789 -13.2089 -2.55854 0.3
0.35 0 0.000515336 -13.6445 13.4229 26.2327 -0.225725
0.35 1 0.00148263 13.845 -14.4852 0.80675 0.3
0.45 0 -0.0127504 -14.0273 -31.752 -372.133 -0.126965
0.45 1 0.00365216 12.7435 -15.6853 5.90208 0.3
0.55 0 -0.00603413 -11.28 7.07895 -15.4807 -0.173851
0.55 1 0.00360092 11.3012 -17.0039 14.4774 0.3
0.65 0 0.00614663 -9.34537 15.9065 15.2671 -0.3
0.65 1 0.00220471 10.3292 -17.7504 22.3731 0.27
Stations: 4 5 0.1
99.35 0 0.0 0.0 0.0 0.0 0.0
99.35 1 0.0 0.0 0.0 0.0 0.0
99.45 0 0.0204458 -33.4643 -68.2207 -51.9935 -0.3
99.45 1 -0.019504 33.3919 64.4196 -190.637 0.135
99.55 0 0.0214457 -35.7277 -69.6574 -49.1328 -0.3
99.55 1 -0.0215951 35.4438 101.679 -500.758 0.195
99.65 0 0.0152239 -38.6861 -70.55 -38.1973 -0.3
99.65 1 -0.0162123 37.2499 94.2433 -474.544 0.2
99.75 0 0.011514 -45.067 -78.7564 -24.5661 -0.3
99.75 1 -0.0206722 43.8583 51.8036 -346.947 0.260992
99.85 0 0.00949486 -45.6741 -65.4247 8.853 -0.3
99.85 1 -0.0229775 45.0327 7.52071 -182.565 0.3
99.95 0 0.0105712 -47.2744 -49.6276 47.2627 -0.3
99.95 1 -0.0228814 46.9208 -17.5099 -130.276 0.3
100.05 0 0.0091294 -48.8434 -27.4451 114.254 -0.3
100.05 1 -0.0211699 48.4896 -41.9119 -82.0358 0.3
100.15 0 0.0109472 -44.5688 7.52665 179.982 -0.3
100.15 1 -0.0221647 45.5317 -63.9762 -10.5982 0.3
100.25 0 0.0132861 -43.3028 46.0537 320.975 -0.255506
100.25 1 -0.0175825 45.0324 -77.7323 18.9404 0.3
100.35 0 0.0222086 -37.3564 109.312 519.446 -0.182976
100.35 1 -0.00304823 40.7132 -74.2987 31.3085 0.3
100.45 0 0.00649862 -32.8692 144.707 663.458 -0.188766
100.45 1 0.0154749 35.1826 -61.2756 24.6275 0.3
100.55 0 0.0159684 -27.3643 176.59 787.757 -0.129939
100.55 1 0.0256599 33.1589 -69.084 47.9946 0.3
100.65 0 0.0 0.0 0.0 0.0 0.0
100.65 1 0.0282348 30.5137 -50.4359 -37.9993 0.16
Stations: 4 6 0.1
99.35 0 0.0 0.0 0.0 0.0 0.0
99.35 1 0.0 0.0 0.0 0.0 0.0
99.45 0 -0.00681179 -13.8161 -19.3818 -10.2473 -0.3
99.45 1 0.00759775 13.5526 20.3129 -37.2091 0.3
99.55 0 -0.00800437 -15.046 -20.9212 -10.4519 -0.3
99.55 1 0.00493583 14.7753 23.4848 -56.2864 0.3
99.65 0 -0.00454215 -16.1335 -17.1894 1.51608 -0.3
99.65 1 0.00738712 15.9301 17.4858 -21.7971 0.135
99.75 0 -0.00618185 -18.0849 -17.5307 3.39459 -0.3
99.75 1 0.00789053 17.7344 15.203 -55.4824 0.3
99.85 0 -0.00672283 -18.8092 -13.7778 11.84 -0.3
99.85 1 0.00587817 18.5648 6.43704 -43.093 0.3
99.95 0 -0.00720603 -19.4085 -9.5026 19.0532 -0.3
99.95 1 0.00454771 19.1923 -0.868079 -33.7774 0.3
100.05 0 -0.00635301 -19.5892 -2.55725 31.05 -0.3
100.05 1 0.00222303 19.5765 -8.82818 -22.0699 0.3
100.15 0 -0.0024174 -18.4804 5.91477 40.5098 -0.3
100.15 1 0.002235 18.7548 -13.2156 -15.408 0.3
100.25 0 -0.00322152 -17.855 11.449 44.4882 -0.280435
100.25 1 0.00355139 17.9968 -16.7679 -6.31494 0.3
100.35 0 -0.0055376 -16.7792 4.61695 -8.5944 -0.270308
100.35 1 0.00639885 16.4235 -17.5802 -0.995749 0.3
100.45 0 -0.00466222 -14.6309 19.3271 41.1159 -0.201208
100.45 1 0.00602521 14.8325 -19.6163 9.56934 0.3
100.55 0 -0.00348541 -13.26 16.8676 25.2709 -0.3
100.55 1 0.0077381 13.5302 -19.6091 11.6925 0.3
100.65 0 0.0 0.0 0.0 0.0 0.0
100.65 1 0.00985087 12.4577 -16.2697 5.89557 0.2
Stations: 5 6 0.1
-1.25 0 0.0 0.0 0.0 0.0 0.0
-1.25 1 0.0 0.0 0.0 0.0 0.0
-1.15 0 0.0 0.0 0.0 0.0 0.0
-1.15 1 0.0 0.0 0.0 0.0 0.0
-1.05 0 0.0 0.0 0.0 0.0 0.0
-1.05 1 0.0 0.0 0.0 0.0 0.0
-0.95 0 0.0 0.0 0.0 0.0 0.0
-0.95 1 0.0 0.0 0.0 0.0 0.0
-0.85 0 0.0 0.0 0.0 0.0 0.0
-0.85 1 0.0 0.0 0.0 0.0 0.0
-0.75 0 0.0 0.0 0.0 0.0 0.0
-0.75 1 3.46184 -61.4565 554.222 -1274.97 0.08
-0.65 0 0.0118322 -16.4504 -47.8683 -101.6 -0.204228
-0.65 1 -0.0140707 16.0212 9.85645 15.7354 0.21
-0.55 0 0.0189448 -16.767 -31.6618 -33.3593 -0.297145
-0.55 1 -0.0124055 16.7164 28.6076 -61.959 0.24
-0.45 0 0.0192449 -18.8659 -31.0568 -16.5565 -0.3
-0.45 1 -0.0159209 18.819 29.3073 -88.0946 0.28
-0.35 0 0.0177308 -20.9554 -32.1984 -14.6162 -0.3
-0.35 1 -0.0104257 20.3019 35.272 -138.889 0.21
-0.25 0 0.0139033 -22.9363 -31.7677 -6.88647 -0.3
-0.25 1 -0.0125007 22.3635 21.3963 -105.881 0.3
-0.15 0 0.0125658 -24.353 -27.9426 8.40918 -0.3
-0.15 1 -0.0135699 23.8727 8.67188 -89.0278 0.3
-0.05 0 0.00932137 -24.8786 -19.8884 24.4406 -0.3
-0.05 1 -0.014154 24.528 -3.54285 -60.3587 0.3
0.05 0 0.0105277 -24.4671 -3.18853 65.2881 -0.3
0.05 1 -0.0164142 24.8531 -18.7906 -25.552 0.3
0.15 0 0.0130498 -23.8816 5.81087 75.0675 -0.270224
0.15 1 -0.0154602 24.478 -28.8568 -5.11288 0.3
0.25 0 0.0109773 -22.7132 13.2196 67.1288 -0.3
0.25 1 -0.0116684 23.0345 -29.9506 -3.69694 0.3
0.35 0 0.0139263 -20.419 33.9031 136.928 -0.193677
0.35 1 -0.00557873 21.093 -31.9385 10.088 0.3
0.45 0 0.00789258 -18.8781 29.3465 91.0817 -0.276085
0.45 1 -0.00224068 18.9634 -31.3006 15.6668 0.3
0.55 0 0.00683841 -16.9326 25.0729 41.6225 -0.222939
0.55 1 -0.000899405 16.8315 -29.0001 18.6771 0.3
0.65 0 0.0113228 -15.0723 23.1181 27.837 -0.221143
0.65 1 -0.00269546 15.4448 -35.5669 51.6843 0.25
0.75 0 0.16537 -12.2046 8.71652 -69.1238 -0.2
0.75 1 1.25401 -17.2465 229.95 -678.873 0.165
0.85 0 13.4471 275.043 2053.6 4788.75 -0.104
0.85 1 0.0 0.0 0.0 0.0 0.0
0.95 0 0.0 0.0 0.0 0.0 0.0
0.95 1 0.0 0.0 0.0 0.0 0.0
1.05 0 0.0 0.0 0.0 0.0 0.0
1.05 1 0.0 0.0 0.0 0.0 0.0
1.15 0 0.0 0.0 0.0 0.0 0.0
1.15 1 0.0 0.0 0.0 0.0 0.0
1.25 0 0.0 0.0 0.0 0.0 0.0
1.25 1 0.0 0.0 0.0 0.0 0.0
Stations: 5 7 0.1
-1.25 0 0.0 0.0 0.0 0.0 0.0
-1.25 1 0.0 0.0 0.0 0.0 0.0
-1.15 0 0.0 0.0 0.0 0.0 0.0
-1.15 1 0.0 0.0 0.0 0.0 0.0
-1.05 0 0.0 0.0 0.0 0.0 0.0
-1.05 1 0.0 0.0 0.0 0.0 0.0
-0.95 0 0.0 0.0 0.0 0.0 0.0
-0.95 1 0.0 0.0 0.0 0.0 0.0
-0.85 0 0.0 0.0 0.0 0.0 0.0
-0.85 1 0.0 0.0 0.0 0.0 0.0
-0.75 0 0.0 0.0 0.0 0.0 0.0
-0.75 1 1.94954 -17.7539 121.353 -168.72 0.3
-0.65 0 0.128191 12.5271 1158.41 20429.9 -0.029
-0.65 1 -0.00918818 9.4953 3.8508 4.75428 0.3
-0.55 0 -0.00242071 -9.97687 -18.0691 -52.4323 -0.128743
-0.55 1 -0.00214272 9.74355 10.8777 -13.7671 0.3
-0.45 0 -0.00226377 -11.3172 -23.1176 -47.3582 -0.223733
-0.45 1 -0.000309436 10.5689 14.8436 -31.6906 0.3
-0.35 0 0.000300514 -12.155 -17.3783 -14.4454 -0.3
-0.35 1 4.80554e-05 11.6412 13.3287 -34.2235 0.3
-0.25 0 0.00377029 -12.9067 -12.7983 1.22003 -0.3
-0.25 1 -0.00183092 12.7536 8.54754 -30.6561 0.3
-0.15 0 0.00289298 -13.735 -11.147 6.12477 -0.3
-0.15 1 -0.00407129 13.6639 2.19923 -23.5833 0.3
-0.05 0 0.00167486 -13.9783 -6.70412 14.7098 -0.3
-0.05 1 -0.00360787 13.893 -1.14251 -22.5756 0.3
0.05 0 0.000978948 -13.9249 -1.6747 21.317 -0.3
0.05 1 -0.00442822 13.9219 -6.10486 -15.8433 0.3
0.15 0 0.00333979 -13.5979 2.35422 24.1792 -0.3
0.15 1 -0.00478657 13.7532 -11.0841 -7.21169 0.3
0.25 0 0.00369967 -12.847 7.30896 27.7915 -0.3
0.25 1 -0.0011303 12.8712 -12.1008 -2.69083 0.3
0.35 0 0.00598257 -11.6863 13.1174 34.6889 -0.3
0.35 1 -0.00240542 11.9453 -14.2149 3.5997 0.3
0.45 0 0.00551169 -10.5997 14.7268 32.1131 -0.3
0.45 1 -0.00677394 11.1613 -19.6616 27.1107 0.3
0.55 0 0.00205327 -9.70813 11.5383 15.6485 -0.3
0.55 1 -0.00180156 9.64331 -14.8494 30.3515 0.195
0.65 0 0.00537112 -8.77023 9.56219 6.38319 -0.3
0.65 1 0.0253708 5.92735 61.0079 -490.474 0.09
0.75 0 0.182566 -6.23048 11.7615 1.1922 -0.3
0.75 1 0.0 0.0 0.0 0.0 0.0
0.85 0 0.0 0.0 0.0 0.0 0.0
0.85 1 0.0 0.0 0.0 0.0 0.0
0.95 0 0.0 0.0 0.0 0.0 0.0
0.95 1 0.0 0.0 0.0 0.0 0.0
1.05 0 0.0 0.0 0.0 0.0 0.0
1.05 1 0.0 0.0 0.0 0.0 0.0
1.15 0 0.0 0.0 0.0 0.0 0.0
1.15 1 0.0 0.0 0.0 0.0 0.0
1.25 0 0.0 0.0 0.0 0.0 0.0
1.25 1 0.0 0.0 0.0 0.0 0.0
Stations: 5 6 0.1
98.75 0 0.0 0.0 0.0 0.0 0.0
98.75 1 0.0 0.0 0.0 0.0 0.0
98.85 0 0.0 0.0 0.0 0.0 0.0
98.85 1 0.0 0.0 0.0 0.0 0.0
98.95 0 0.0 0.0 0.0 0.0 0.0
98.95 1 0.0 0.0 0.0 0.0 0.0
99.05 0 0.0 0.0 0.0 0.0 0.0
99.05 1 0.0 0.0 0.0 0.0 0.0
99.15 0 0.0 0.0 0.0 0.0 0.0
99.15 1 0.0 0.0 0.0 0.0 0.0
99.25 0 0.0 0.0 0.0 0.0 0.0
99.25 1 -1.85371 86.9208 -757.257 2866.59 0.14
99.35 0 -0.0643951 -24.3395 -79.2764 -128.247 -0.245
99.35 1 0.153207 16.546 76.9942 -208.214 0.175
99.45 0 -0.0237051 -23.3231 -56.0796 -63.5793 -0.3
99.45 1 0.036321 22.1482 52.5933 -172.425 0.185
99.55 0 -0.0248712 -25.6193 -51.7665 -35.3776 -0.3
99.55 1 0.02516 25.3414 48.1069 -209.254 0.18
99.65 0 -0.0237542 -28.2646 -51.0055 -21.242 -0.3
99.65 1 0.0271042 27.6036 50.9914 -273.918 0.2
99.75 0 -0.0294237 -31.1316 -54.846 -19.4719 -0.3
99.75 1 0.0233136 30.4539 24.3739 -172.215 0.29
99.85 0 -0.0293082 -33.0881 -52.26 -10.5431 -0.3
99.85 1 0.0203191 32.4214 3.57638 -126.85 0.3
99.95 0 -0.0287349 -33.7299 -37.9491 26.3292 -0.3
99.95 1 0.0157326 33.4635 -18.7913 -70.3506 0.3
100.05 0 -0.0248221 -33.4558 -17.3107 78.6248 -0.3
100.05 1 0.0122444 33.4277 -35.1281 -34.7431 0.3
100.15 0 -0.0165204 -32.2435 4.53789 127.231 -0.3
100.15 1 0.0125268 32.801 -50.6719 6.86824 0.3
100.25 0 -0.00855401 -30.0794 27.4088 172.68 -0.299613
100.25 1 0.00610439 31.2236 -59.0129 31.1702 0.3
100.35 0 0.000780781 -27.1397 54.9276 278.31 -0.15052
100.35 1 0.00762168 28.2648 -53.4431 27.7547 0.3
100.45 0 0.00478298 -24.813 51.9051 208.002 -0.174951
100.45 1 0.00763379 25.272 -51.5794 39.9749 0.3
100.55 0 0.01451 -21.6867 57.0079 180.203 -0.172439
100.55 1 0.00497378 22.4564 -49.1599 48.8445 0.3
100.65 0 0.0918035 -16.4413 85.5386 254.659 -0.158466
100.65 1 0.00330735 21.3063 -57.381 76.4799 0.3
100.75 0 0.316754 -11.1958 69.5564 31.2002 -0.16
100.75 1 0.0 0.0 0.0 0.0 0.0
100.85 0 0.0 0.0 0.0 0.0 0.0
100.85 1 0.0 0.0 0.0 0.0 0.0
100.95 0 0.0 0.0 0.0 0.0 0.0
100.95 1 0.0 0.0 0.0 0.0 0.0
101.05 0 0.0 0.0 0.0 0.0 0.0
101.05 1 0.0 0.0 0.0 0.0 0.0
101.15 0 0.0 0.0 0.0 0.0 0.0
101.15 1 0.0 0.0 0.0 0.0 0.0
101.25 0 0.0 0.0 0.0 0.0 0.0
101.25 1 0.0 0.0 0.0 0.0 0.0
Stations: 5 7 0.1
98.75 0 0.0 0.0 0.0 0.0 0.0
98.75 1 0.0 0.0 0.0 0.0 0.0
98.85 0 0.0 0.0 0.0 0.0 0.0
98.85 1 0.0 0.0 0.0 0.0 0.0
98.95 0 0.0 0.0 0.0 0.0 0.0
98.95 1 0.0 0.0 0.0 0.0 0.0
99.05 0 0.0 0.0 0.0 0.0 0.0
99.05 1 0.0 0.0 0.0 0.0 0.0
99.15 0 0.0 0.0 0.0 0.0 0.0
99.15 1 0.0 0.0 0.0 0.0 0.0
99.25 0 0.0 0.0 0.0 0.0 0.0
99.25 1 -1.95282 39.6379 -153.612 264.318 0.3
99.35 0 0.0 0.0 0.0 0.0 0.0
99.35 1 0.0622985 8.36739 10.8756 -8.02026 0.3
99.45 0 -0.00215973 -9.90302 -13.7628 -35.5212 -0.115
99.45 1 0.0122203 9.49889 13.7122 -21.4369 0.3
99.55 0 -0.00499441 -11.1274 -20.6477 -43.8457 -0.20377
99.55 1 0.00464403 10.6534 14.5046 -32.3532 0.3
99.65 0 -0.00758828 -12.3103 -19.5858 -22.6984 -0.3
99.65 1 0.00589322 11.6635 13.5279 -36.757 0.3
99.75 0 -0.00416879 -12.9906 -13.6816 -0.508001 -0.3
99.75 1 0.00315115 12.8462 7.70453 -29.9778 0.3
99.85 0 -0.00469613 -13.7482 -11.3774 5.93112 -0.3
99.85 1 0.00346192 13.5975 2.78787 -26.0353 0.3
99.95 0 -0.00562714 -14.0224 -7.25962 13.683 -0.3
99.95 1 0.00307092 13.8804 -1.16555 -23.3037 0.3
100.05 0 -0.0046912 -13.9409 -1.99518 20.8928 -0.3
100.05 1 0.001197 13.9291 -6.59882 -14.9609 0.3
100.15 0 -0.00140865 -13.5389 2.82783 25.6139 -0.3
100.15 1 0.00121159 13.7125 -10.8486 -8.12442 0.3
100.25 0 -0.000542074 -12.8169 7.45312 29.2902 -0.3
100.25 1 0.000653296 12.9663 -12.9876 -2.29011 0.3
100.35 0 0.00396774 -11.6292 13.3602 35.8289 -0.3
100.35 1 -0.000637229 12.0155 -15.0554 6.25205 0.3
100.45 0 0.00488832 -10.6328 14.2269 31.3149 -0.3
100.45 1 -0.00468094 11.1697 -20.0537 30.1576 0.27
100.55 0 0.0105641 -9.41011 14.5051 23.3327 -0.3
100.55 1 -0.000390938 9.54667 -12.007 20.9084 0.17
100.65 0 0.0965105 -6.62838 25.7894 42.5784 -0.3
100.65 1 0.046422 4.66007 104.017 -956.959 0.058
100.75 0 0.230222 -5.92114 12.2021 -2.33119 -0.3
100.75 1 0.0 0.0 0.0 0.0 0.0
100.85 0 0.0 0.0 0.0 0.0 0.0
100.85 1 0.0 0.0 0.0 0.0 0.0
100.95 0 0.0 0.0 0.0 0.0 0.0
100.95 1 0.0 0.0 0.0 0.0 0.0
101.05 0 0.0 0.0 0.0 0.0 0.0
101.05 1 0.0 0.0 0.0 0.0 0.0
101.15 0 0.0 0.0 0.0 0.0 0.0
101.15 1 0.0 0.0 0.0 0.0 0.0
101.25 0 0.0 0.0 0.0 0.0 0.0
101.25 1 0.0 0.0 0.0 0.0 0.0
Stations: 6 7 0.1
-0.85 0 0.0 0.0 0.0 0.0 0.0
-0.85 1 0.0 0.0 0.0 0.0 0.0
-0.75 0 0.0 0.0 0.0 0.0 0.0
-0.75 1 0.0 0.0 0.0 0.0 0.0
-0.65 0 -0.00626609 -18.1628 118.372 2378.33 -0.033
-0.65 1 0.0304114 19.0224 119.493 -722.048 0.12
-0.55 0 -0.015372 -22.2385 -53.8253 -79.4226 -0.123841
-0.55 1 0.0145511 23.277 43.613 -177.307 0.145
-0.45 0 -0.0178531 -25.4821 -75.8841 -118.535 -0.223698
-0.45 1 0.015148 25.1592 51.0944 -261.402 0.15
-0.35 0 -0.0168424 -27.9695 -72.8979 -70.5832 -0.292567
-0.35 1 0.0150327 27.2415 53.4414 -349.81 0.18
-0.25 0 -0.0222042 -30.8107 -79.141 -72.07 -0.3
-0.25 1 0.0153645 29.3012 44.5433 -387.388 0.17
-0.15 0 -0.0201771 -32.6035 -75.1761 -57.8013 -0.3
-0.15 1 0.00831049 31.9245 -2.96071 -167.901 0.245944
-0.05 0 -0.0200358 -33.2605 -53.8971 22.4954 -0.264692
-0.05 1 0.0101939 32.3182 -13.5509 -182.307 0.155
0.05 0 -0.00883875 -32.1671 -11.3946 191.93 -0.147717
0.05 1 0.00364786 32.7294 -44.9525 -64.9495 0.239612
0.15 0 -0.0057293 -31.2474 14.3548 277.511 -0.175859
0.15 1 0.00382219 32.3228 -71.7847 48.0139 0.3
0.25 0 -0.00652491 -29.7651 30.2118 293.475 -0.209976
0.25 1 -0.000628334 30.6859 -80.2729 77.5309 0.3
0.35 0 -0.00199575 -27.3326 48.7029 322.975 -0.167368
0.35 1 -0.000382916 27.8909 -73.0236 68.1115 0.3
0.45 0 0.00429656 -24.6602 57.1545 279.249 -0.152718
0.45 1 0.00289927 24.9945 -69.4097 85.4304 0.3
0.55 0 0.00786892 -21.5942 73.4387 307.177 -0.12567
0.55 1 0.00380546 22.49 -69.8462 142.214 0.195
0.65 0 0.00199403 -20.7757 46.5139 147.904 -0.104473
0.65 1 0.00624177 19.7662 -42.937 55.0094 0.085
0.75 0 0.0 0.0 0.0 0.0 0.0
0.75 1 0.0 0.0 0.0 0.0 0.0
0.85 0 0.0 0.0 0.0 0.0 0.0
0.85 1 0.0 0.0 0.0 0.0 0.0
Stations: 6 8 0.1
-0.85 0 0.0 0.0 0.0 0.0 0.0
-0.85 1 0.0 0.0 0.0 0.0 0.0
-0.75 0 0.0 0.0 0.0 0.0 0.0
-0.75 1 0.0 0.0 0.0 0.0 0.0
-0.65 0 0.0 0.0 0.0 0.0 0.0
-0.65 1 -1.20822 32.0529 -121.854 229.433 0.245
-0.55 0 0.0 0.0 0.0 0.0 0.0
-0.55 1 0.0364754 9.10428 19.4739 -42.4581 0.3
-0.45 0 0.00650326 -9.84177 23.8559 327.994 -0.085
-0.45 1 -0.000110579 10.7934 13.1735 -34.9671 0.3
-0.35 0 -0.00398207 -12.0574 -22.8446 -48.1613 -0.178589
-0.35 1 0.00515657 11.4101 15.6108 -51.544 0.3
-0.25 0 -0.00534309 -12.9846 -20.1268 -18.076 -0.278667
-0.25 1 0.00303073 12.4928 9.95737 -45.3598 0.3
-0.15 0 -0.00269173 -13.5112 -14.4641 5.1378 -0.3
-0.15 1 0.000288035 13.4253 1.66702 -31.5417 0.3
-0.05 0 -0.00718381 -13.9416 -10.9738 11.4475 -0.3
-0.05 1 -0.000579178 13.7913 -4.6579 -21.2556 0.3
0.05 0 -0.00311716 -13.748 -4.39843 22.3476 -0.3
0.05 1 -0.00260258 13.8165 -10.2926 -11.7546 0.3
0.15 0 -0.000414498 -13.3763 1.62139 31.4417 -0.3
0.15 1 -0.000253246 13.5371 -14.2607 -6.1738 0.3
0.25 0 0.00104545 -12.5326 9.41958 44.5828 -0.3
0.25 1 -0.00336169 12.9719 -18.6898 8.34395 0.3
0.35 0 0.00331153 -11.4915 14.6042 49.5087 -0.3
0.35 1 -0.00418424 12.1373 -23.3571 36.9936 0.25
0.45 0 0.00314172 -10.6922 13.5851 35.0621 -0.3
0.45 1 -0.0020966 10.7976 -15.8665 20.9716 0.145
0.55 0 0.0160265 -9.27398 18.2309 38.1281 -0.296345
0.55 1 0.127502 -10.1574 972.621 -15129.7 0.036
0.65 0 0.033938 -9.04777 8.99276 4.62653 -0.25
0.65 1 0.0 0.0 0.0 0.0 0.0
0.75 0 0.0 0.0 0.0 0.0 0.0
0.75 1 0.0 0.0 0.0 0.0 0.0
0.85 0 0.0 0.0 0.0 0.0 0.0
0.85 1 0.0 0.0 0.0 0.0 0.0
Stations: 6 7 0.1
99.15 0 0.0 0.0 0.0 0.0 0.0
99.15 1 0.0 0.0 0.0 0.0 0.0
99.25 0 0.0 0.0 0.0 0.0 0.0
99.25 1 0.0 0.0 0.0 0.0 0.0
99.35 0 0.0 0.0 0.0 0.0 0.0
99.35 1 -0.0789263 18.8448 -5.37841 31.2664 0.165
99.45 0 0.0170218 -16.8204 -30.1731 -38.4485 -0.104423
99.45 1 -0.00845194 17.1073 27.1371 -61.8621 0.19
99.55 0 0.0126539 -19.0246 -47.3525 -87.1138 -0.201248
99.55 1 -0.013458 18.8021 31.0434 -120.066 0.21
99.65 0 0.00739365 -21.0427 -45.0165 -41.5099 -0.3
99.65 1 -0.0116251 20.4131 31.2989 -156.292 0.25
99.75 0 0.00617779 -22.7509 -42.4877 -20.8847 -0.3
99.75 1 -0.0107582 22.1051 21.8673 -149.103 0.25
99.85 0 0.00458558 -24.1419 -40.1555 -12.6783 -0.3
99.85 1 -0.0110192 23.5325 6.34993 -114.335 0.23
99.95 0 0.00105691 -24.8259 -31.0452 10.6169 -0.3
99.95 1 -0.0115338 24.2463 -8.8878 -76.6015 0.288439
100.05 0 0.0058038 -24.2819 -10.397 71.0191 -0.292302
100.05 1 -0.0148821 24.6171 -27.8052 -20.1451 0.3
100.15 0 0.00813272 -23.5103 4.76571 107.883 -0.224715
100.15 1 -0.0139525 24.2548 -40.8929 14.305 0.3
100.25 0 0.00687806 -22.1896 19.7132 139.031 -0.265031
100.25 1 -0.0144261 23.0125 -44.7803 26.09 0.3
100.35 0 0.00608385 -20.511 29.0614 144.876 -0.236596
100.35 1 -0.0101178 21.1082 -44.2404 33.952 0.3
100.45 0 0.00663974 -18.7025 33.4107 130.229 -0.198885
100.45 1 -0.00452202 19.0254 -43.4639 52.6381 0.27
100.55 0 0.0118327 -16.4603 38.7096 111.912 -0.182798
100.55 1 -0.00149815 16.8867 -40.0197 86.9479 0.17
100.65 0 0.0283757 -15.5544 19.5449 -2.97835 -0.17
100.65 1 0.011091 13.9058 29.124 -572.051 0.06
100.75 0 0.0 0.0 0.0 0.0 0.0
100.75 1 0.0 0.0 0.0 0.0 0.0
100.85 0 0.0 0.0 0.0 0.0 0.0
100.85 1 0.0 0.0 0.0 0.0 0.0
Stations: 6 8 0.1
99.15 0 0.0 0.0 0.0 0.0 0.0
99.15 1 0.0 0.0 0.0 0.0 0.0
99.25 0 0.0 0.0 0.0 0.0 0.0
99.25 1 0.0 0.0 0.0 0.0 0.0
99.35 0 0.0 0.0 0.0 0.0 0.0
99.35 1 0.15544 6.62892 28.6805 -56.3998 0.255
99.45 0 0.0 0.0 0.0 0.0 0.0
99.45 1 0.0128914 9.69031 13.9263 -25.0515 0.3
99.55 0 0.000957548 -10.7359 -4.97223 60.7009 -0.1
99.55 1 -0.00186026 10.8579 13.0841 -33.6656 0.3
99.65 0 -0.00114064 -12.1057 -22.0506 -43.8698 -0.191296
99.65 1 0.000670233 11.6067 14.6066 -48.3142 0.3
99.75 0 -0.00343646 -13.1158 -19.567 -15.2465 -0.289407
99.75 1 -0.000841325 12.6598 9.15632 -42.0504 0.3
99.85 0 -0.000644432 -13.6272 -13.8759 5.79282 -0.3
99.85 1 -0.00275487 13.5213 2.2478 -32.3067 0.3
99.95 0 -0.0035174 -14.0294 -10.0885 12.4999 -0.3
99.95 1 -0.00395083 13.9444 -4.44667 -21.1605 0.3
100.05 0 -0.00100848 -13.8838 -3.70937 23.216 -0.3
100.05 1 -0.00456993 13.9648 -9.91593 -12.0072 0.3
100.15 0 0.00138804 -13.4453 2.56423 33.0532 -0.3
100.15 1 -0.00357892 13.6799 -14.4248 -4.5536 0.3
100.25 0 0.00221413 -12.6352 9.3917 42.8261 -0.3
100.25 1 -0.0053341 13.0254 -17.6411 6.36635 0.3
100.35 0 0.00280811 -11.6238 14.2917 47.1436 -0.3
100.35 1 -0.00480842 12.1738 -21.5535 28.4649 0.27
100.45 0 0.00176706 -10.7504 14.4581 37.7019 -0.3
100.45 1 -0.00212557 10.9469 -18.7629 40.4043 0.165
100.55 0 0.00854829 -9.43508 17.317 34.8656 -0.3
100.55 1 0.0162521 8.08807 43.2651 -365.698 0.058
100.65 0 0.029285 -8.76478 12.5636 14.0808 -0.26
100.65 1 0.0 0.0 0.0 0.0 0.0
100.75 0 0.0 0.0 0.0 0.0 0.0
100.75 1 0.0 0.0 0.0 0.0 0.0
100.85 0 0.0 0.0 0.0 0.0 0.0
100.85 1 0.0 0.0 0.0 0.0 0.0
Stations: 7 8 0.1
-0.55 0 0.0 0.0 0.0 0.0 0.0
-0.55 1 -0.0124666 17.8814 33.7055 -141.767 0.14
-0.45 0 0.0066802 -19.5294 -61.818 -238.589 -0.0799762
-0.45 1 -0.0105177 18.7096 38.5519 -188.445 0.185
-0.35 0 0.00923982 -20.4843 -52.1093 -79.1241 -0.174528
-0.35 1 -0.00618582 19.9959 38.6007 -234.706 0.21
-0.25 0 0.00106 -22.5984 -56.9747 -56.9742 -0.261775
-0.25 1 -0.00873466 21.9632 18.6154 -175.724 0.24
-0.15 0 0.00102585 -23.7439 -49.517 -26.8743 -0.3
-0.15 1 -0.0139861 23.8266 -8.37634 -91.2599 0.265993
-0.05 0 -0.00547537 -24.6909 -43.52 -9.07945 -0.3
-0.05 1 -0.0142306 24.496 -25.795 -41.6373 0.282116
0.05 0 -0.00208325 -24.3351 -24.9679 43.6309 -0.280738
0.05 1 -0.014609 24.4656 -39.3363 -3.69689 0.298425
0.15 0 -0.00192985 -23.8805 -10.9445 82.3726 -0.269714
0.15 1 -0.0111199 23.9453 -51.7003 33.4175 0.3
0.25 0 -0.000703199 -22.3931 10.1812 140.77 -0.255639
0.25 1 -0.0120894 22.8688 -59.0768 61.066 0.3
0.35 0 0.00466048 -20.2195 32.775 200.446 -0.184499
0.35 1 -0.00588805 20.7924 -53.9091 60.8914 0.25
0.45 0 0.00478046 -18.7591 35.2037 164.924 -0.15055
0.45 1 -0.00296922 18.8053 -49.3432 100.865 0.15
0.55 0 0.00698471 -17.405 31.9938 91.2682 -0.121745
0.55 1 0.05309 6.0807 613.258 -10497.3 0.04
Stations: 7 9 0.1
-0.55 0 0.0 0.0 0.0 0.0 0.0
-0.55 1 0.233795 6.16982 40.493 -91.1849 0.245
-0.45 0 0.0 0.0 0.0 0.0 0.0
-0.45 1 0.00866028 10.7666 16.2807 -53.491 0.3
-0.35 0 -0.00505158 -12.2526 -25.5553 -71.9903 -0.100844
-0.35 1 0.000570917 11.6064 13.8157 -55.0704 0.3
-0.25 0 -0.00199786 -12.8531 -23.1541 -33.162 -0.196922
-0.25 1 -0.000374064 12.4812 9.15861 -52.4755 0.3
-0.15 0 -0.00368448 -13.5855 -19.7109 -7.9333 -0.291563
-0.15 1 -0.00310055 13.3868 0.121142 -35.1945 0.3
-0.05 0 -0.00732775 -13.9735 -14.5765 8.04877 -0.3
-0.05 1 -0.00391057 13.7519 -6.68767 -23.2182 0.3
0.05 0 -0.00202748 -13.6869 -6.45774 22.9412 -0.3
0.05 1 -0.00615123 13.804 -13.3253 -9.32349 0.3
0.15 0 -0.000445829 -13.3552 0.070622 35.0256 -0.3
0.15 1 -0.00509951 13.604 -19.2657 3.56859 0.3
0.25 0 0.000910448 -12.5171 9.04726 53.3103 -0.3
0.25 1 -0.00573557 13.0109 -23.5626 22.833 0.29
0.35 0 -0.000691003 -11.7437 11.9872 49.5071 -0.3
0.35 1 -0.00233289 11.9632 -23.2964 44.0718 0.185
0.45 0 0.000703099 -10.8642 14.7217 46.0747 -0.274625
0.45 1 0.0169256 8.78157 61.1752 -718.149 0.076
0.55 0 0.027566 -9.63229 18.6364 43.8695 -0.23
0.55 1 0.0 0.0 0.0 0.0 0.0
Stations: 7 8 0.1
99.45 0 0.0 0.0 0.0 0.0 0.0
99.45 1 0.0309586 23.1344 90.0235 -529.762 0.1
99.55 0 -0.0177895 -26.0162 -82.129 -167.954 -0.0929326
99.55 1 0.0142673 25.9557 49.6085 -273.544 0.12
99.65 0 -0.0161257 -28.2733 -92.6798 -140.758 -0.185236
99.65 1 0.0133996 27.5957 60.7354 -521.589 0.135
99.75 0 -0.0221234 -31.1231 -101.795 -135.24 -0.2706
99.75 1 0.0107338 29.8717 35.3889 -453.8 0.176386
99.85 0 -0.0199053 -32.6518 -90.2348 -82.6596 -0.3
99.85 1 0.00096285 32.7818 -24.4641 -169.78 0.210171
99.95 0 -0.0248949 -33.9592 -79.79 -37.4521 -0.26063
99.95 1 5.58211e-05 33.5352 -49.1646 -84.2656 0.21841
100.05 0 -0.0196611 -33.629 -51.5273 65.0782 -0.227914
100.05 1 -0.00491533 33.8026 -80.112 40.5848 0.263888
100.15 0 -0.0143739 -32.3698 -14.9305 212.644 -0.203068
100.15 1 0.000945379 32.459 -90.095 82.7803 0.3
100.25 0 -0.00743342 -29.8294 33.4727 422.25 -0.16045
100.25 1 0.000666035 30.668 -97.0194 117.458 0.3
100.35 0 -0.00384954 -27.4291 60.0786 485.067 -0.133152
100.35 1 0.000352797 28.3576 -95.77 133.843 0.25
100.45 0 -0.00176954 -25.1948 65.0813 366.167 -0.110876
100.45 1 0.0095216 25.0578 -77.7741 122.198 0.165
100.55 0 -0.000385237 -23.1614 63.3546 209.379 -0.0937496
100.55 1 0.0124741 22.3714 -14.2357 -596.976 0.06
Stations: 7 9 0.1
99.45 0 0.0 0.0 0.0 0.0 0.0
99.45 1 0.061699 6.63392 62.546 -193.108 0.2
99.55 0 0.0 0.0 0.0 0.0 0.0
99.55 1 0.0055775 11.1797 14.001 -45.3767 0.28
99.65 0 -0.00365646 -12.1567 -17.7932 -12.3718 -0.0917929
99.65 1 -0.0010441 11.8908 13.258 -55.7114 0.3
99.75 0 -0.00260049 -12.9146 -21.7151 -27.1116 -0.187118
99.75 1 -0.000127524 12.6772 9.22681 -55.3789 0.3
99.85 0 -0.00544971 -13.7312 -19.9732 -7.86105 -0.284239
99.85 1 -0.00160776 13.5039 0.897675 -40.2312 0.3
99.95 0 -0.00722236 -14.0847 -14.7222 7.06969 -0.3
99.95 1 -0.00277124 13.8958 -6.5228 -25.2605 0.3
100.05 0 -0.00345352 -13.8512 -6.20476 25.8871 -0.3
100.05 1 -0.00452863 13.9535 -13.4754 -10.5732 0.3
100.15 0 -0.00278858 -13.526 0.00517608 36.4771 -0.3
100.15 1 -0.00470488 13.7421 -19.7682 4.51301 0.3
100.25 0 -0.00070057 -12.6643 9.14261 55.2959 -0.3
100.25 1 -0.00542559 13.1513 -24.3149 25.239 0.27
100.35 0 0.00118786 -11.7657 14.3226 58.3387 -0.3
100.35 1 -0.00139217 11.9859 -21.4007 37.3879 0.17
100.45 0 0.00300431 -10.9733 15.6426 48.8689 -0.258139
100.45 1 0.0336089 6.46436 161.846 -1851.51 0.062
100.55 0 0.0239635 -9.94105 19.0532 46.4101 -0.23
100.55 1 0.0 0.0 0.0 0.0 0.0
Stations: 8 9 0.1
-0.45 0 0.0 0.0 0.0 0.0 0.0
-0.45 1 0.018757 25.841 93.2373 -745.185 0.09
-0.35 0 -0.0127044 -27.7727 -93.9914 -124.728 -0.101942
-0.35 1 0.0128273 27.1911 73.3172 -726.939 0.11
-0.25 0 -0.0141827 -30.2532 -115.928 -189.699 -0.196883
-0.25 1 0.0082592 29.2168 39.5323 -600.595 0.135
-0.15 0 -0.0155665 -32.0191 -109.05 -133.473 -0.242456
-0.15 1 0.00313601 31.4051 -10.9929 -342.48 0.16446
-0.05 0 -0.0200009 -33.2827 -96.1137 -69.5131 -0.231063
-0.05 1 -0.00214069 32.8667 -60.6294 -96.993 0.18707
0.05 0 -0.0160627 -33.0365 -66.4931 50.355 -0.202048
0.05 1 -0.0108108 33.3708 -99.8308 89.2017 0.252775
0.15 0 -0.0104681 -31.7176 -19.1238 287.065 -0.170985
0.15 1 -0.0015244 31.8136 -106.799 126.124 0.3
0.25 0 -0.00609725 -29.5108 30.3418 521.049 -0.13651
0.25 1 -0.00117427 30.2447 -118.488 194.66 0.25
0.35 0 -0.00235142 -27.049 72.3545 687.873 -0.116761
0.35 1 0.00461489 27.7165 -108.538 197.877 0.17
0.45 0 -0.00366114 -25.5313 75.6101 475.688 -0.0864328
0.45 1 0.00564104 26.1163 -106.584 313.291 0.076
Stations: 8 10 0.1
-0.45 0 0.0 0.0 0.0 0.0 0.0
-0.45 1 0.275267 4.50856 75.1696 -221.455 0.21
-0.35 0 0.0782927 3.02805 886.987 17029.5 -0.031
-0.35 1 0.00275113 11.8105 15.4446 -74.8541 0.28
-0.25 0 -0.00160271 -12.7129 -20.5815 -14.2783 -0.128995
-0.25 1 -0.00324418 12.7064 6.57547 -57.4265 0.3
-0.15 0 -0.00268133 -13.4144 -22.0424 -12.9439 -0.223645
-0.15 1 -0.00427764 13.4191 -1.67011 -41.8235 0.3
-0.05 0 -0.0106454 -14.1228 -20.5596 -3.73324 -0.3
-0.05 1 -0.00569787 13.84 -10.6303 -21.1198 0.3
0.05 0 -0.0039934 -13.7311 -10.0039 21.852 -0.3
0.05 1 -0.00810051 13.8406 -17.2222 -5.77675 0.3
0.15 0 -0.00229239 -13.4163 -2.21114 40.1152 -0.3
0.15 1 -0.00612372 13.5968 -23.7237 12.8511 0.3
0.25 0 -0.00237003 -12.7627 5.60967 53.8777 -0.3
0.25 1 -0.00553871 13.0377 -28.4827 42.2287 0.21
0.35 0 0.000899921 -11.8788 13.7682 68.8751 -0.272617
0.35 1 -0.00716608 12.5585 -32.5523 96.4519 0.105
0.45 0 0.00683581 -11.1662 19.068 70.9561 -0.209962
0.45 1 0.0 0.0 0.0 0.0 0.0
Stations: 8 9 0.1
99.55 0 0.0 0.0 0.0 0.0 0.0
99.55 1 -0.0105181 19.9053 38.8967 -231.418 0.13
99.65 0 0.00768396 -20.9871 -55.6455 -84.6941 -0.0903765
99.65 1 -0.00982344 20.5482 41.6869 -299.862 0.155
99.75 0 0.00456016 -22.5284 -63.8045 -84.2411 -0.185416
99.75 1 -0.010481 22.2303 19.3126 -235.01 0.2
99.85 0 -0.000392337 -23.9794 -61.4581 -55.6706 -0.275878
99.85 1 -0.0140049 23.9383 -11.0585 -126.463 0.223728
99.95 0 -0.0048263 -24.8441 -52.5581 -20.2573 -0.282482
99.95 1 -0.0179155 24.9675 -37.5171 -31.555 0.252385
100.05 0 -0.00417604 -24.7481 -35.0884 39.1532 -0.248934
100.05 1 -0.0180912 24.8754 -51.9722 17.2782 0.277799
100.15 0 -0.00282229 -24.0736 -15.2251 105.986 -0.231412
100.15 1 -0.0133131 24.0817 -61.7236 52.4775 0.3
100.25 0 0.0025758 -22.2135 18.6107 231.557 -0.193976
100.25 1 -0.0128793 23.017 -70.3169 93.5686 0.26
100.35 0 0.0058094 -20.5639 39.7249 288.045 -0.149037
100.35 1 -0.00479915 20.838 -59.091 84.0601 0.17
100.45 0 0.0051449 -19.7207 33.6959 156.474 -0.11699
100.45 1 -0.00642031 19.8544 -51.6434 -19.3761 0.062
Stations: 8 10 0.1
99.55 0 0.0 0.0 0.0 0.0 0.0
99.55 1 0.0684777 9.65676 34.3643 -116.587 0.225
99.65 0 0.014183 -9.62451 127.045 2628.73 -0.033
99.65 1 0.000849441 11.9778 14.5489 -68.2183 0.3
99.75 0 -0.000404544 -12.6911 -17.5877 -3.56592 -0.133539
99.75 1 -0.00351725 12.883 6.77472 -56.7897 0.3
99.85 0 -0.00422795 -13.6792 -22.8548 -15.8658 -0.22851
99.85 1 -0.00368345 13.5704 -0.954195 -43.9481 0.3
99.95 0 -0.00886141 -14.2458 -19.7822 -2.91051 -0.3
99.95 1 -0.00507794 13.9931 -9.57819 -24.4121 0.3
100.05 0 -0.0048159 -13.9452 -9.18703 24.6667 -0.3
100.05 1 -0.00660092 14.0293 -17.0313 -5.63294 0.3
100.15 0 -0.00319728 -13.5465 -0.988178 42.8925 -0.3
100.15 1 -0.00650837 13.8175 -24.2849 15.2862 0.3
100.25 0 -0.00282542 -12.8486 6.99142 57.2608 -0.3
100.25 1 -0.0037661 13.0789 -26.4727 32.9106 0.22
100.35 0 -0.000395998 -11.9804 14.526 68.0461 -0.271325
100.35 1 -0.00241827 12.1658 -21.2542 23.3964 0.12
100.45 0 -3.23228e-05 -11.6081 12.9951 44.0814 -0.207773
100.45 1 0.0 0.0 0.0 0.0 0.0
Stations: 9 10 0.1
-0.35 0 0.0387668 -12.7101 575.759 13209.4 -0.031
-0.35 1 -0.00477622 20.4695 54.4908 -424.163 0.125
-0.25 0 0.0072061 -22.0019 -64.4763 -79.9912 -0.126788
-0.25 1 -0.00841416 21.8755 24.8574 -325.251 0.16
-0.15 0 -0.00088492 -23.712 -73.2937 -90.3252 -0.213021
-0.15 1 -0.015428 23.9532 -22.3115 -110.403 0.20987
-0.05 0 -0.00673866 -24.5775 -63.3108 -41.6628 -0.261711
-0.05 1 -0.0154315 24.5474 -42.2823 -44.5075 0.216364
0.05 0 -0.00336046 -24.3268 -41.4607 40.7798 -0.22119
0.05 1 -0.0184979 24.5929 -62.1092 37.662 0.258993
0.15 0 -0.00166459 -23.7931 -20.003 122.099 -0.20604
0.15 1 -0.0122193 23.7594 -71.3382 76.8787 0.29
0.25 0 0.0050198 -21.859 24.5763 327.707 -0.148862
0.25 1 -0.0106336 22.7827 -80.9415 136.532 0.2
0.35 0 0.00739 -20.6441 48.597 396.787 -0.121749
0.35 1 -0.00616048 21.067 -63.7697 60.94 0.11
Stations: 9 11 0.1
-0.35 0 0.0 0.0 0.0 0.0 0.0
-0.35 1 0.012582 11.7587 23.2666 -114.469 0.22
-0.25 0 -0.00203186 -12.836 -15.0687 66.7228 -0.092
-0.25 1 -0.00352537 13.0543 4.73714 -61.0177 0.294176
-0.15 0 -0.00323672 -13.4685 -23.5757 -17.515 -0.174753
-0.15 1 -0.00509098 13.7459 -5.33685 -39.385 0.298893
-0.05 0 -0.0126639 -14.3018 -24.4047 -11.9174 -0.257948
-0.05 1 -0.00554292 14.0837 -13.7669 -19.7862 0.3
0.05 0 -0.00690546 -13.957 -12.6174 21.8793 -0.3
0.05 1 -0.00757017 14.0461 -20.7696 -0.441021 0.3
0.15 0 -0.0060871 -13.7516 -5.70125 37.5951 -0.3
0.15 1 -0.00427949 13.738 -27.3752 22.5139 0.27
0.25 0 -0.00370019 -12.9829 5.94071 66.5104 -0.267407
0.25 1 -0.00293195 13.1613 -29.9268 45.1101 0.17
0.35 0 0.00115291 -12.1087 18.5612 97.1585 -0.21855
0.35 1 0.00696703 11.4057 15.8907 -404.918 0.07
Stations: 9 10 0.1
99.65 0 -0.0143402 -29.2534 -108.165 48.1972 -0.037
99.65 1 0.0148586 28.1593 95.0715 -1020.71 0.085
99.75 0 -0.0123549 -30.3726 -120.716 -199.009 -0.129702
99.75 1 0.010442 29.7678 54.7572 -874.473 0.12
99.85 0 -0.0164436 -32.5027 -126.772 -184.066 -0.199634
99.85 1 0.00444347 32.0898 -18.3296 -424.362 0.145019
99.95 0 -0.0194437 -33.6432 -109.409 -79.2399 -0.195101
99.95 1 -0.00368139 33.9929 -88.9154 -26.5529 0.177103
100.05 0 -0.0179594 -33.6494 -78.378 75.01 -0.172129
100.05 1 -0.00804276 34.0113 -120.074 132.007 0.22543
100.15 0 -0.0103726 -31.8349 -8.4779 499.541 -0.127461
100.15 1 0.000266674 32.2933 -125.016 170.715 0.27
100.25 0 -0.00671629 -29.7446 51.7856 818.069 -0.106948
100.25 1 0.00254452 30.7644 -138.557 268.498 0.2
100.35 0 -0.00658288 -28.1612 85.0566 866.349 -0.0889758
100.35 1 0.00732848 28.3998 -116.495 176.23 0.11
Stations: 9 11 0.1
99.65 0 0.0 0.0 0.0 0.0 0.0
99.65 1 0.029455 11.3426 30.5397 -140.477 0.21
99.75 0 0.00247117 -12.6305 -3.17335 176.543 -0.0807268
99.75 1 -0.00353395 13.1363 7.58309 -74.1096 0.279563
99.85 0 -0.00258599 -13.7236 -24.937 -20.9204 -0.176621
99.85 1 -0.0069258 13.9911 -5.84376 -39.6675 0.297277
99.95 0 -0.00798731 -14.3827 -23.4786 -7.3406 -0.259895
99.95 1 -0.0079169 14.3552 -14.6941 -19.5082 0.3
100.05 0 -0.00578525 -14.2194 -13.3651 22.3089 -0.3
100.05 1 -0.00922674 14.2889 -21.4564 -1.35294 0.3
100.15 0 -0.0054076 -13.9615 -5.74427 39.6879 -0.29757
100.15 1 -0.00656905 13.975 -28.5865 24.3258 0.27
100.25 0 -0.00215214 -13.1218 7.16543 71.4905 -0.263562
100.25 1 -0.00452445 13.3617 -31.4657 53.367 0.165
100.35 0 0.00109292 -12.4691 16.2294 88.7976 -0.216661
100.35 1 0.0144448 10.0512 82.0638 -1190.81 0.064
Stations: 10 11 0.1
-0.35 0 0.0 0.0 0.0 0.0 0.0
-0.35 1 0.000600958 30.9483 61.8883 -839.088 0.066
-0.25 0 -0.0151051 -31.2178 -142.33 -273.14 -0.0797826
-0.25 1 0.0139287 30.0566 77.9497 -1262.35 0.09
-0.15 0 -0.018733 -32.9196 -151.329 -282.922 -0.162159
-0.15 1 0.00717125 32.3182 -21.4309 -544.379 0.128162
-0.05 0 -0.0216934 -33.721 -121.855 -75.0621 -0.162878
-0.05 1 0.00278392 33.724 -87.5123 -140.718 0.143213
0.05 0 -0.0179594 -33.632 -84.6789 135.487 -0.146838
0.05 1 -0.00223908 33.803 -128.484 120.925 0.174567
0.15 0 -0.0114909 -32.0641 -6.3716 696.645 -0.106565
0.15 1 0.00485196 32.3217 -141.054 220.65 0.23
0.25 0 -0.00897507 -30.2974 61.9427 1056.49 -0.0866624
0.25 1 0.00766186 31.0681 -159.29 374.065 0.165
0.35 0 -0.00855952 -29.1746 108.825 1056.9 -0.0677679
0.35 1 0.0106418 29.6013 -143.365 272.076 0.07
Stations: 10 11 0.1
99.65 0 0.0 0.0 0.0 0.0 0.0
99.65 1 -0.0286798 23.3703 24.6485 -272.115 0.095
99.75 0 0.00592056 -23.3749 -85.4383 -189.089 -0.0795194
99.75 1 -0.0083087 22.5225 40.1171 -502.716 0.125
99.85 0 0.00174728 -24.4352 -84.9428 -128.89 -0.16196
99.85 1 -0.0112974 24.1068 -7.7096 -258.103 0.16677
99.95 0 -0.00375059 -25.2898 -71.9391 -42.3493 -0.217573
99.95 1 -0.016918 25.4564 -52.376 -41.8839 0.196636
100.05 0 -0.000946605 -25.0721 -46.0948 74.2789 -0.18723
100.05 1 -0.0222194 25.7104 -77.8076 68.5751 0.243789
100.15 0 0.00198977 -24.2432 -12.7373 229.884 -0.162777
100.15 1 -0.0119117 24.3737 -80.9325 92.6717 0.23
100.25 0 0.00629877 -22.7257 30.9826 423.753 -0.129937
100.25 1 -0.00947754 23.4416 -91.8622 181.446 0.165
100.35 0 0.00966992 -21.8445 64.0815 583.917 -0.0963681
100.35 1 -0.0117823 22.8646 -98.2371 299.268 0.064
