* --------------------------------------------------
Run 7549 (added 25.05.2025)
Station 5 upper 8 3 X-correction
+0.000, +0.000, +0.000, +0.000, +0.000, -0.299, +0.122, +0.031, +0.000, -0.066, +0.059, +0.021, +0.026, +0.005, +0.069, +0.818, +0.032, -0.016, +0.017, +0.000, +0.000, +0.000, +0.000, +0.000
Station 6 upper 8 3 X-correction
+0.000, -0.004, -0.284, -0.152, -0.190, -0.093, -0.065, -0.093, +0.086, +0.018, -0.025, -0.021, +0.007, -0.043, +0.004, +0.154, -0.078, -0.098, -0.025, +0.065, +0.028, +0.028, +0.309, +0.000
Station 7 upper 8 3 X-correction
+0.179, +0.099, +0.085, +0.031, +0.068, +0.095, +0.109, +0.063, +0.090, +0.017, +0.017, +0.030, +0.032, +0.041, +0.068, +0.042, +0.082, +0.050, +0.031, +0.052, +0.013, -0.074, -0.042, +0.105
Station 8 upper 8 3 X-correction
-0.181, -0.128, -0.071, -0.028, +0.002, -0.047, -0.037, -0.037, +0.152, +0.049, +0.012, -0.016, +0.000, -0.017, -0.023, -0.060, -0.029, -0.040, +0.004, +0.045, +0.020, +0.044, +0.107, +0.274
Station 9 upper 8 3 X-correction
-0.121, +0.009, +0.029, +0.033, -0.046, +0.035, +0.070, +0.058, -0.030, -0.009, +0.042, +0.000, +0.012, +0.014, +0.029, +0.015, +0.040, +0.029, +0.041, +0.027, +0.026, +0.015, +0.042, +0.087
Station 10 upper 8 3 X-correction
-0.068, -0.077, +0.006, +0.043, -0.070, -0.024, -0.005, +0.001, -0.049, -0.035, +0.050, -0.016, +0.044, +0.011, +0.056, +0.126, +0.002, +0.000, +0.041, +0.122, +0.029, +0.028, +0.058, +0.159
Station 11 upper 8 3 X-correction
-0.129, -0.075, -0.015, +0.037, -0.168, -0.074, -0.055, -0.068, -0.233, -0.147, +0.174, +0.234, +0.223, -0.065, +0.026, +0.129, -0.030, -0.004, +0.016, +0.071, +0.048, -0.009, +0.041, +0.079
Station 5 lower 8 3 X-correction
+0.000, +0.000, +0.000, +0.000, +0.000, -0.099, -0.148, -0.112, +0.000, -0.177, -0.023, +0.022, -0.015, -0.120, -0.083, +0.000, -0.048, -0.200, +0.014, +0.000, +0.000, +0.000, +0.000, +0.000
Station 6 lower 8 3 X-correction
+0.000, -0.241, -0.257, +0.035, -0.083, +0.010, +0.083, +0.086, -0.030, -0.032, +0.074, +0.067, +0.062, +0.007, -0.075, -0.115, +0.103, +0.087, +0.025, -0.458, +0.114, +0.237, +0.528, +0.000
Station 7 lower 8 3 X-correction
-0.070, -0.196, -0.061, +0.105, -0.105, -0.073, -0.026, -0.034, -0.128, -0.050, +0.047, +0.025, +0.026, -0.010, +0.032, +0.297, -0.061, -0.082, -0.057, +0.093, +0.112, +0.186, +0.386, +0.568
Station 8 lower 8 3 X-correction
+0.134, +0.044, +0.055, +0.074, -0.038, +0.062, +0.084, +0.060, -0.004, +0.069, +0.081, +0.053, +0.037, +0.045, +0.021, +0.066, +0.041, +0.054, +0.055, +0.072, +0.104, +0.165, +0.224, +0.216
Station 9 lower 8 3 X-correction
+0.002, -0.059, -0.038, -0.017, -0.127, -0.116, -0.079, -0.095, -0.091, -0.050, -0.020, -0.048, -0.032, -0.043, -0.049, +0.055, -0.101, -0.115, -0.115, +0.078, -0.036, +0.011, +0.024, +0.209
Station 10 lower 8 3 X-correction
-0.129, +0.006, +0.051, +0.023, -0.157, +0.016, +0.065, +0.058, -0.197, -0.045, +0.003, +0.001, +0.001, +0.013, +0.019, -0.029, +0.045, +0.057, +0.074, +0.030, -0.002, -0.005, +0.033, +0.088
Station 11 lower 8 3 X-correction
-0.152, +0.019, +0.110, +0.096, -0.106, -0.038, +0.018, +0.049, -0.097, +0.046, +0.058, +0.077, +0.075, +0.068, +0.088, +0.106, +0.061, +0.029, +0.038, +0.102, +0.084, +0.113, +0.143, +0.259
* --- Y-corrections ---
Station 5 upper 8 3 Y-correction
+0.000, +0.000, +0.000, +0.000, +0.000, +0.132, -0.078, +0.025, +0.000, +0.029, -0.104, -0.034, -0.002, -0.084, -0.071, +0.000, +0.053, -0.018, +0.168, +0.000, +0.000, +0.000, +0.000, +0.000
Station 6 upper 8 3 Y-correction
+0.000, -0.313, -0.380, +0.030, -0.353, -0.165, -0.035, -0.008, -0.234, -0.082, -0.143, -0.089, -0.057, -0.077, -0.051, -0.022, -0.024, +0.003, -0.025, -0.208, +0.186, +0.165, +0.073, +0.000
Station 7 upper 8 3 Y-correction
-0.477, -0.232, -0.118, -0.051, -0.374, -0.130, -0.032, +0.011, -0.296, -0.127, -0.029, -0.020, +0.047, -0.061, -0.070, -0.004, -0.002, -0.014, -0.044, -0.101, -0.027, -0.041, -0.012, -0.215
Station 8 upper 8 3 Y-correction
-0.268, -0.122, -0.009, +0.078, -0.371, -0.216, -0.054, +0.023, -0.404, -0.242, -0.098, -0.052, -0.023, -0.036, -0.029, +0.015, -0.048, -0.032, -0.022, -0.032, +0.089, +0.107, +0.135, -0.058
Station 9 upper 8 3 Y-correction
-0.151, -0.025, +0.081, +0.102, -0.277, -0.047, +0.085, +0.118, -0.226, -0.035, +0.047, +0.036, +0.006, +0.048, +0.091, +0.208, +0.001, +0.050, +0.111, +0.219, +0.019, +0.094, +0.174, +0.271
Station 10 upper 8 3 Y-correction
+0.071, +0.125, +0.122, +0.067, -0.063, +0.084, +0.119, +0.070, -0.078, +0.031, +0.094, +0.026, -0.013, -0.005, -0.036, -0.009, -0.002, +0.038, +0.004, -0.015, +0.052, +0.116, +0.058, +0.008
Station 11 upper 8 3 Y-correction
+0.025, +0.172, +0.273, +0.290, -0.031, +0.129, +0.230, +0.184, -0.062, +0.071, +0.227, +0.175, +0.103, +0.044, +0.013, +0.064, +0.161, +0.164, +0.113, +0.141, +0.225, +0.223, +0.190, +0.193
Station 5 lower 8 3 Y-correction
+0.000, +0.000, +0.000, +0.000, +0.000, -0.237, -0.121, -0.120, +0.000, -0.278, -0.052, -0.025, -0.041, -0.102, -0.257, +0.000, -0.007, -0.029, -0.089, +0.000, +0.000, +0.000, +0.000, +0.000
Station 6 lower 8 3 Y-correction
+0.000, -0.024, -0.098, -0.062, -0.222, -0.125, -0.074, +0.041, -0.258, -0.169, -0.057, -0.005, +0.001, +0.011, +0.090, +0.172, +0.015, +0.083, +0.148, +0.362, +0.008, +0.162, +0.532, +0.000
Station 7 lower 8 3 Y-correction
-0.019, -0.158, -0.065, +0.027, -0.262, -0.171, -0.084, -0.054, -0.245, -0.142, -0.039, -0.048, -0.012, -0.075, -0.061, +0.015, -0.029, -0.032, +0.010, +0.195, +0.055, +0.102, +0.121, +0.294
Station 8 lower 8 3 Y-correction
+0.066, -0.015, +0.024, +0.045, -0.074, -0.067, -0.012, +0.017, -0.188, -0.075, +0.022, +0.008, +0.012, +0.037, +0.102, +0.136, -0.035, +0.033, +0.122, +0.224, +0.050, +0.139, +0.204, +0.356
Station 9 lower 8 3 Y-correction
-0.069, -0.074, +0.009, +0.039, -0.204, -0.132, +0.004, +0.006, -0.216, -0.075, +0.022, -0.013, -0.001, +0.008, +0.043, +0.069, -0.006, +0.026, +0.092, +0.201, +0.025, +0.063, +0.124, +0.281
Station 10 lower 8 3 Y-correction
-0.058, -0.064, +0.038, +0.063, -0.197, -0.058, +0.053, +0.098, -0.219, -0.018, +0.073, +0.074, +0.052, +0.063, +0.064, +0.097, +0.055, +0.056, +0.098, +0.117, +0.086, +0.111, +0.104, +0.179
Station 11 lower 8 3 Y-correction
-0.185, -0.022, +0.065, +0.062, -0.129, +0.011, +0.091, +0.084, -0.118, +0.011, +0.112, +0.068, +0.030, -0.003, +0.004, +0.072, +0.091, +0.114, +0.147, +0.155, +0.081, +0.081, +0.095, +0.169
* --------------------------------------------------
Run 7566 (current 430 uA, from run 7751)
Station 5 upper 8 3 X-correction
+0.000, +0.000, +0.000, +0.000, +0.000, -0.310, +0.125, +0.027, +0.000, -0.080, +0.055, +0.017, +0.022, -0.003, +0.072, +0.818, +0.028, -0.018, +0.028, +0.000, +0.000, +0.000, +0.000, +0.000
Station 6 upper 8 3 X-correction
+0.000, +0.000, -0.288, -0.150, -0.092, -0.088, -0.067, -0.095, +0.092, +0.019, -0.019, -0.014, +0.013, -0.047, +0.009, +0.122, -0.075, -0.092, -0.025, +0.044, +0.040, +0.040, +0.294, +0.000
Station 7 upper 8 3 X-correction
+0.188, +0.092, +0.081, +0.024, +0.061, +0.096, +0.107, +0.061, +0.082, +0.014, +0.016, +0.033, +0.028, +0.039, +0.061, +0.033, +0.082, +0.048, +0.026, +0.057, +0.004, -0.079, -0.040, +0.106
Station 8 upper 8 3 X-correction
-0.164, -0.118, -0.066, -0.022, +0.014, -0.045, -0.033, -0.035, +0.152, +0.057, +0.017, -0.013, +0.003, -0.018, -0.024, -0.055, -0.031, -0.042, +0.005, +0.043, +0.023, +0.048, +0.106, +0.254
Station 9 upper 8 3 X-correction
-0.168, -0.009, +0.025, +0.029, -0.062, +0.030, +0.072, +0.058, -0.036, -0.008, +0.039, -0.004, +0.007, +0.011, +0.024, +0.013, +0.040, +0.030, +0.039, +0.028, +0.022, +0.011, +0.038, +0.089
Station 10 upper 8 3 X-correction
+0.025, -0.058, +0.012, +0.043, -0.052, -0.018, -0.001, +0.006, -0.047, -0.031, +0.054, -0.014, +0.047, +0.016, +0.059, +0.138, +0.006, -0.001, +0.042, +0.130, +0.027, +0.030, +0.059, +0.156
Station 11 upper 8 3 X-correction
-0.175, -0.088, -0.016, +0.041, -0.188, -0.083, -0.065, -0.081, -0.243, -0.164, +0.169, +0.231, +0.210, -0.074, +0.031, +0.122, -0.038, -0.004, +0.016, +0.065, +0.050, -0.008, +0.039, +0.074
Station 5 lower 8 3 X-correction
+0.000, +0.000, +0.000, +0.000, +0.000, -0.062, -0.155, -0.108, +0.000, -0.194, -0.024, +0.027, -0.013, -0.120, -0.100, +0.000, -0.041, -0.200, -0.018, +0.000, +0.000, +0.000, +0.000, +0.000
Station 6 lower 8 3 X-correction
+0.000, -0.160, -0.249, +0.042, +0.026, +0.011, +0.083, +0.087, -0.006, -0.033, +0.074, +0.068, +0.062, +0.006, -0.076, -0.028, +0.105, +0.081, +0.029, -0.458, +0.132, +0.224, +0.598, +0.000
Station 7 lower 8 3 X-correction
-0.010, -0.157, -0.025, +0.135, -0.106, -0.075, -0.026, -0.034, -0.119, -0.045, +0.051, +0.029, +0.033, -0.005, +0.039, +0.331, -0.062, -0.079, -0.052, +0.114, +0.143, +0.230, +0.418, +0.566
Station 8 lower 8 3 X-correction
+0.146, +0.050, +0.050, +0.061, -0.051, +0.066, +0.084, +0.057, -0.012, +0.075, +0.076, +0.050, +0.034, +0.040, +0.019, +0.078, +0.036, +0.051, +0.052, +0.077, +0.093, +0.160, +0.211, +0.180
Station 9 lower 8 3 X-correction
+0.023, -0.055, -0.042, -0.018, -0.117, -0.120, -0.084, -0.102, -0.099, -0.051, -0.022, -0.050, -0.030, -0.045, -0.047, +0.049, -0.107, -0.120, -0.113, +0.081, -0.036, +0.013, +0.021, +0.194
Station 10 lower 8 3 X-correction
-0.120, +0.004, +0.046, +0.022, -0.162, +0.019, +0.065, +0.058, -0.207, -0.046, +0.002, -0.001, -0.004, +0.009, +0.019, -0.037, +0.046, +0.060, +0.077, +0.033, -0.003, -0.007, +0.029, +0.085
Station 11 lower 8 3 X-correction
-0.126, +0.044, +0.123, +0.104, -0.088, -0.025, +0.023, +0.060, -0.097, +0.055, +0.063, +0.084, +0.081, +0.075, +0.101, +0.111, +0.071, +0.034, +0.042, +0.096, +0.097, +0.126, +0.153, +0.262
* --- Y-corrections ---
Station 5 upper 8 3 Y-correction
+0.000, +0.000, +0.000, +0.000, +0.000, +0.178, -0.080, +0.019, +0.000, +0.048, -0.120, -0.045, -0.009, -0.093, -0.088, +0.000, +0.048, -0.026, +0.206, +0.000, +0.000, +0.000, +0.000, +0.000
Station 6 upper 8 3 Y-correction
+0.000, -0.294, -0.467, +0.026, -0.282, -0.159, -0.048, -0.025, -0.244, -0.070, -0.154, -0.098, -0.063, -0.083, -0.054, +0.008, -0.031, -0.005, -0.032, -0.190, +0.171, +0.129, -0.048, +0.000
Station 7 upper 8 3 Y-correction
-0.462, -0.220, -0.111, -0.065, -0.348, -0.129, -0.039, -0.002, -0.259, -0.106, -0.035, -0.025, +0.045, -0.068, -0.072, -0.001, -0.005, -0.017, -0.045, -0.088, -0.040, -0.053, -0.013, -0.194
Station 8 upper 8 3 Y-correction
-0.228, -0.115, -0.012, +0.087, -0.356, -0.233, -0.075, +0.009, -0.376, -0.240, -0.111, -0.061, -0.032, -0.044, -0.032, +0.012, -0.058, -0.042, -0.030, -0.049, +0.090, +0.105, +0.127, -0.088
Station 9 upper 8 3 Y-correction
-0.110, -0.025, +0.083, +0.101, -0.260, -0.050, +0.081, +0.117, -0.198, -0.027, +0.047, +0.039, +0.005, +0.053, +0.099, +0.219, -0.003, +0.046, +0.114, +0.209, +0.012, +0.095, +0.168, +0.250
Station 10 upper 8 3 Y-correction
+0.088, +0.146, +0.119, +0.051, -0.045, +0.094, +0.115, +0.060, -0.057, +0.037, +0.087, +0.022, -0.014, -0.006, -0.043, -0.008, -0.009, +0.035, -0.008, -0.013, +0.046, +0.114, +0.055, +0.012
Station 11 upper 8 3 Y-correction
+0.035, +0.184, +0.283, +0.299, -0.009, +0.137, +0.229, +0.173, -0.054, +0.078, +0.227, +0.166, +0.093, +0.036, +0.003, +0.049, +0.163, +0.170, +0.115, +0.134, +0.229, +0.235, +0.178, +0.187
Station 5 lower 8 3 Y-correction
+0.000, +0.000, +0.000, +0.000, +0.000, -0.224, -0.127, -0.125, +0.000, -0.278, -0.051, -0.019, -0.037, -0.108, -0.282, +0.000, -0.025, -0.046, -0.118, +0.000, +0.000, +0.000, +0.000, +0.000
Station 6 lower 8 3 Y-correction
+0.000, +0.082, -0.055, -0.052, -0.226, -0.099, -0.066, +0.036, -0.160, -0.135, -0.055, -0.003, +0.005, +0.006, +0.078, +0.018, +0.006, +0.062, +0.123, +0.362, +0.007, +0.177, +0.556, +0.000
Station 7 lower 8 3 Y-correction
+0.056, -0.093, -0.014, +0.060, -0.208, -0.158, -0.080, -0.062, -0.213, -0.129, -0.037, -0.050, -0.014, -0.085, -0.063, +0.017, -0.033, -0.045, -0.001, +0.177, +0.078, +0.103, +0.115, +0.264
Station 8 lower 8 3 Y-correction
+0.120, +0.020, +0.049, +0.055, -0.043, -0.044, -0.003, +0.020, -0.140, -0.054, +0.028, +0.006, +0.009, +0.040, +0.097, +0.117, -0.031, +0.039, +0.109, +0.181, +0.050, +0.127, +0.177, +0.329
Station 9 lower 8 3 Y-correction
-0.023, -0.047, +0.020, +0.045, -0.178, -0.126, +0.001, -0.004, -0.202, -0.072, +0.022, -0.019, -0.009, -0.001, +0.038, +0.066, -0.019, +0.011, +0.078, +0.192, +0.034, +0.062, +0.109, +0.241
Station 10 lower 8 3 Y-correction
-0.018, -0.041, +0.036, +0.060, -0.157, -0.040, +0.049, +0.099, -0.195, -0.013, +0.063, +0.070, +0.046, +0.059, +0.058, +0.088, +0.047, +0.047, +0.092, +0.087, +0.086, +0.105, +0.101, +0.161
Station 11 lower 8 3 Y-correction
-0.160, +0.010, +0.070, +0.058, -0.115, +0.027, +0.092, +0.087, -0.091, +0.002, +0.097, +0.061, +0.024, -0.004, -0.005, +0.049, +0.096, +0.119, +0.135, +0.123, +0.075, +0.072, +0.071, +0.144
* --------------------------------------------------
Run 7761 (current 435 uA)
Station 5 upper 8 3 X-correction
+0.000, +0.000, +0.000, +0.000, +0.000, -0.310, +0.116, +0.024, +0.000, -0.064, +0.051, +0.017, +0.020, -0.003, +0.073, +0.818, +0.026, -0.020, +0.028, +0.000, +0.000, +0.000, +0.000, +0.000
Station 6 upper 8 3 X-correction
+0.000, +0.000, -0.250, -0.144, -0.092, -0.085, -0.058, -0.087, +0.092, +0.023, -0.016, -0.013, +0.012, -0.043, +0.005, +0.130, -0.069, -0.088, -0.021, +0.044, +0.028, +0.022, +0.294, +0.000
Station 7 upper 8 3 X-correction
+0.170, +0.085, +0.076, +0.023, +0.056, +0.088, +0.100, +0.057, +0.074, +0.009, +0.014, +0.027, +0.026, +0.033, +0.058, +0.036, +0.075, +0.042, +0.024, +0.058, +0.002, -0.073, -0.041, +0.079
Station 8 upper 8 3 X-correction
-0.154, -0.114, -0.063, -0.020, +0.018, -0.043, -0.029, -0.031, +0.163, +0.054, +0.017, -0.010, +0.006, -0.014, -0.018, -0.042, -0.026, -0.034, +0.009, +0.041, +0.024, +0.046, +0.104, +0.261
Station 9 upper 8 3 X-correction
-0.171, -0.013, +0.021, +0.029, -0.065, +0.022, +0.062, +0.051, -0.039, -0.015, +0.036, -0.004, +0.006, +0.009, +0.026, +0.011, +0.035, +0.025, +0.037, +0.030, +0.022, +0.011, +0.039, +0.077
Station 10 upper 8 3 X-correction
-0.182, -0.055, +0.012, +0.046, -0.046, -0.021, -0.001, +0.004, -0.045, -0.031, +0.053, -0.013, +0.049, +0.014, +0.059, +0.132, +0.005, +0.000, +0.042, +0.131, +0.031, +0.031, +0.063, +0.171
Station 11 upper 8 3 X-correction
-0.175, -0.085, -0.015, +0.037, -0.171, -0.067, -0.058, -0.076, -0.226, -0.156, +0.175, +0.229, +0.214, -0.067, +0.029, +0.119, -0.033, -0.005, +0.016, +0.064, +0.048, -0.009, +0.042, +0.075
Station 5 lower 8 3 X-correction
+0.000, +0.000, +0.000, +0.000, +0.000, -0.062, -0.142, -0.105, +0.000, -0.194, -0.017, +0.026, -0.011, -0.110, -0.068, +0.000, -0.042, -0.177, -0.018, +0.000, +0.000, +0.000, +0.000, +0.000
Station 6 lower 8 3 X-correction
+0.000, -0.160, -0.277, +0.028, +0.026, +0.007, +0.074, +0.079, -0.006, -0.035, +0.069, +0.061, +0.055, -0.001, -0.068, -0.028, +0.096, +0.079, +0.030, -0.458, +0.117, +0.223, +0.598, +0.000
Station 7 lower 8 3 X-correction
-0.010, -0.171, -0.054, +0.113, -0.101, -0.066, -0.017, -0.027, -0.113, -0.043, +0.054, +0.031, +0.032, -0.004, +0.035, +0.286, -0.054, -0.070, -0.047, +0.084, +0.120, +0.189, +0.354, +0.566
Station 8 lower 8 3 X-correction
+0.118, +0.038, +0.045, +0.060, -0.058, +0.055, +0.079, +0.054, -0.014, +0.067, +0.075, +0.047, +0.031, +0.038, +0.016, +0.070, +0.035, +0.047, +0.047, +0.060, +0.090, +0.158, +0.214, +0.204
Station 9 lower 8 3 X-correction
+0.014, -0.053, -0.032, -0.012, -0.118, -0.114, -0.074, -0.092, -0.101, -0.050, -0.017, -0.042, -0.026, -0.038, -0.042, +0.061, -0.098, -0.111, -0.104, +0.092, -0.033, +0.014, +0.027, +0.194
Station 10 lower 8 3 X-correction
-0.120, +0.005, +0.045, +0.020, -0.165, +0.012, +0.062, +0.053, -0.197, -0.049, -0.001, -0.002, -0.005, +0.009, +0.018, -0.025, +0.042, +0.054, +0.071, +0.040, -0.005, -0.005, +0.032, +0.093
Station 11 lower 8 3 X-correction
-0.143, +0.030, +0.112, +0.103, -0.096, -0.026, +0.025, +0.059, -0.090, +0.052, +0.064, +0.080, +0.081, +0.075, +0.095, +0.104, +0.069, +0.036, +0.042, +0.093, +0.092, +0.117, +0.144, +0.254
* --- Y-corrections ---
Station 5 upper 8 3 Y-correction
+0.000, +0.000, +0.000, +0.000, +0.000, +0.112, -0.081, +0.024, +0.000, +0.038, -0.111, -0.044, -0.013, -0.093, -0.098, +0.000, +0.054, -0.021, +0.191, +0.000, +0.000, +0.000, +0.000, +0.000
Station 6 upper 8 3 Y-correction
+0.000, -0.294, -0.392, +0.035, -0.282, -0.179, -0.048, -0.017, -0.233, -0.088, -0.148, -0.093, -0.065, -0.083, -0.059, -0.044, -0.025, +0.001, -0.032, -0.158, +0.172, +0.095, -0.048, +0.000
Station 7 upper 8 3 Y-correction
-0.467, -0.229, -0.116, -0.048, -0.375, -0.146, -0.037, +0.005, -0.287, -0.131, -0.039, -0.024, +0.041, -0.063, -0.059, -0.024, -0.003, -0.013, -0.044, -0.124, -0.022, -0.034, -0.017, -0.208
Station 8 upper 8 3 Y-correction
-0.292, -0.144, -0.027, +0.073, -0.388, -0.238, -0.065, +0.016, -0.407, -0.252, -0.104, -0.058, -0.026, -0.041, -0.025, +0.019, -0.051, -0.035, -0.022, -0.047, +0.084, +0.097, +0.123, -0.085
Station 9 upper 8 3 Y-correction
-0.158, -0.040, +0.074, +0.102, -0.283, -0.059, +0.083, +0.121, -0.238, -0.039, +0.040, +0.034, +0.008, +0.049, +0.085, +0.180, +0.003, +0.047, +0.103, +0.157, +0.018, +0.093, +0.160, +0.213
Station 10 upper 8 3 Y-correction
+0.058, +0.105, +0.114, +0.058, -0.069, +0.071, +0.112, +0.063, -0.091, +0.025, +0.088, +0.024, -0.013, -0.008, -0.034, +0.010, -0.008, +0.034, -0.006, -0.003, +0.048, +0.110, +0.054, +0.016
Station 11 upper 8 3 Y-correction
-0.014, +0.161, +0.251, +0.292, -0.041, +0.102, +0.206, +0.172, -0.071, +0.060, +0.226, +0.169, +0.095, +0.036, +0.007, +0.055, +0.157, +0.156, +0.107, +0.124, +0.216, +0.212, +0.177, +0.179
Station 5 lower 8 3 Y-correction
+0.000, +0.000, +0.000, +0.000, +0.000, -0.224, -0.121, -0.120, +0.000, -0.265, -0.052, -0.026, -0.042, -0.097, -0.265, +0.000, -0.011, -0.017, -0.118, +0.000, +0.000, +0.000, +0.000, +0.000
Station 6 lower 8 3 Y-correction
+0.000, +0.082, -0.135, -0.099, -0.226, -0.122, -0.079, +0.034, -0.160, -0.156, -0.058, -0.005, +0.001, +0.005, +0.068, +0.018, +0.004, +0.074, +0.146, +0.362, -0.006, +0.155, +0.556, +0.000
Station 7 lower 8 3 Y-correction
+0.056, -0.155, -0.077, +0.014, -0.235, -0.174, -0.089, -0.063, -0.231, -0.157, -0.044, -0.056, -0.020, -0.080, -0.040, +0.039, -0.034, -0.035, +0.024, +0.199, +0.048, +0.101, +0.107, +0.227
Station 8 lower 8 3 Y-correction
+0.083, -0.022, +0.014, +0.040, -0.092, -0.068, -0.015, +0.015, -0.188, -0.073, +0.024, +0.003, +0.009, +0.038, +0.110, +0.114, -0.037, +0.034, +0.120, +0.201, +0.036, +0.118, +0.175, +0.331
Station 9 lower 8 3 Y-correction
-0.072, -0.085, +0.002, +0.030, -0.211, -0.141, -0.007, -0.001, -0.234, -0.086, +0.020, -0.015, -0.004, +0.005, +0.048, +0.075, -0.012, +0.021, +0.098, +0.194, +0.018, +0.049, +0.115, +0.237
Station 10 lower 8 3 Y-correction
-0.018, -0.062, +0.027, +0.052, -0.212, -0.066, +0.044, +0.098, -0.217, -0.025, +0.068, +0.070, +0.052, +0.060, +0.060, +0.081, +0.052, +0.057, +0.102, +0.091, +0.083, +0.101, +0.111, +0.169
Station 11 lower 8 3 Y-correction
-0.190, -0.043, +0.053, +0.059, -0.148, -0.008, +0.078, +0.071, -0.115, -0.004, +0.092, +0.058, +0.022, -0.005, -0.003, +0.066, +0.084, +0.109, +0.133, +0.120, +0.069, +0.073, +0.087, +0.161
* --------------------------------------------------
Run 7816 (current 440 uA)
Station 5 upper 8 3 X-correction
+0.000, +0.000, +0.000, +0.000, +0.000, -0.310, +0.109, +0.023, +0.000, -0.054, +0.048, +0.016, +0.017, -0.005, +0.071, +0.818, +0.023, -0.020, +0.028, +0.000, +0.000, +0.000, +0.000, +0.000
Station 6 upper 8 3 X-correction
+0.000, +0.000, -0.250, -0.136, -0.092, -0.087, -0.053, -0.083, +0.092, +0.024, -0.014, -0.012, +0.012, -0.041, +0.003, +0.146, -0.064, -0.086, -0.022, +0.044, +0.024, +0.016, +0.294, +0.000
Station 7 upper 8 3 X-correction
+0.156, +0.087, +0.074, +0.022, +0.060, +0.086, +0.097, +0.054, +0.073, +0.006, +0.012, +0.023, +0.026, +0.030, +0.058, +0.034, +0.071, +0.038, +0.026, +0.055, +0.001, -0.071, -0.039, +0.084
Station 8 upper 8 3 X-correction
-0.151, -0.115, -0.062, -0.020, +0.014, -0.042, -0.028, -0.029, +0.161, +0.051, +0.017, -0.010, +0.006, -0.012, -0.015, -0.042, -0.024, -0.031, +0.011, +0.047, +0.023, +0.047, +0.104, +0.267
Station 9 upper 8 3 X-correction
-0.166, -0.013, +0.018, +0.028, -0.067, +0.016, +0.056, +0.045, -0.035, -0.021, +0.033, -0.005, +0.004, +0.007, +0.028, +0.016, +0.031, +0.023, +0.038, +0.033, +0.022, +0.012, +0.042, +0.085
Station 10 upper 8 3 X-correction
-0.176, -0.057, +0.014, +0.049, -0.046, -0.017, +0.001, +0.003, -0.041, -0.028, +0.057, -0.009, +0.054, +0.016, +0.061, +0.129, +0.008, +0.004, +0.044, +0.129, +0.036, +0.034, +0.067, +0.176
Station 11 upper 8 3 X-correction
-0.183, -0.092, -0.024, +0.033, -0.162, -0.069, -0.061, -0.072, -0.222, -0.147, +0.168, +0.223, +0.211, -0.071, +0.020, +0.117, -0.036, -0.015, +0.013, +0.065, +0.037, -0.016, +0.030, +0.074
Station 5 lower 8 3 X-correction
+0.000, +0.000, +0.000, +0.000, +0.000, -0.062, -0.132, -0.104, +0.000, -0.163, -0.012, +0.026, -0.010, -0.107, -0.051, +0.000, -0.043, -0.160, -0.018, +0.000, +0.000, +0.000, +0.000, +0.000
Station 6 lower 8 3 X-correction
+0.000, -0.160, -0.283, +0.005, +0.026, +0.002, +0.066, +0.073, -0.006, -0.036, +0.066, +0.056, +0.051, -0.005, -0.066, -0.028, +0.091, +0.078, +0.032, -0.458, +0.110, +0.236, +0.598, +0.000
Station 7 lower 8 3 X-correction
-0.010, -0.195, -0.078, +0.091, -0.094, -0.059, -0.012, -0.023, -0.112, -0.042, +0.055, +0.031, +0.031, -0.004, +0.034, +0.267, -0.048, -0.063, -0.037, +0.056, +0.101, +0.159, +0.329, +0.566
Station 8 lower 8 3 X-correction
+0.097, +0.027, +0.040, +0.059, -0.061, +0.052, +0.078, +0.053, -0.024, +0.064, +0.074, +0.047, +0.030, +0.037, +0.013, +0.065, +0.035, +0.048, +0.051, +0.052, +0.086, +0.153, +0.209, +0.218
Station 9 lower 8 3 X-correction
-0.011, -0.053, -0.025, -0.006, -0.123, -0.112, -0.069, -0.085, -0.099, -0.047, -0.013, -0.038, -0.024, -0.034, -0.042, +0.066, -0.091, -0.105, -0.101, +0.076, -0.030, +0.014, +0.036, +0.202
Station 10 lower 8 3 X-correction
-0.120, -0.001, +0.047, +0.018, -0.172, +0.004, +0.059, +0.049, -0.199, -0.050, -0.001, -0.004, -0.006, +0.010, +0.016, -0.017, +0.040, +0.051, +0.066, +0.040, -0.006, -0.006, +0.037, +0.103
Station 11 lower 8 3 X-correction
+0.017, +0.027, +0.107, +0.100, -0.093, -0.024, +0.028, +0.058, -0.074, +0.046, +0.065, +0.080, +0.082, +0.074, +0.092, +0.105, +0.067, +0.036, +0.041, +0.099, +0.089, +0.110, +0.140, +0.245
* --- Y-corrections ---
Station 5 upper 8 3 Y-correction
+0.000, +0.000, +0.000, +0.000, +0.000, +0.063, -0.076, +0.027, +0.000, +0.024, -0.104, -0.043, -0.012, -0.095, -0.102, +0.000, +0.054, -0.009, +0.189, +0.000, +0.000, +0.000, +0.000, +0.000
Station 6 upper 8 3 Y-correction
+0.000, -0.294, -0.402, +0.047, -0.282, -0.193, -0.048, -0.014, -0.258, -0.104, -0.149, -0.092, -0.065, -0.085, -0.064, -0.065, -0.019, +0.006, -0.041, -0.201, +0.177, +0.061, -0.048, +0.000
Station 7 upper 8 3 Y-correction
-0.502, -0.242, -0.127, -0.045, -0.411, -0.157, -0.036, +0.009, -0.309, -0.145, -0.041, -0.025, +0.039, -0.062, -0.048, -0.024, -0.002, -0.011, -0.046, -0.143, -0.012, -0.021, -0.025, -0.221
Station 8 upper 8 3 Y-correction
-0.329, -0.149, -0.027, +0.069, -0.407, -0.251, -0.061, +0.022, -0.439, -0.264, -0.105, -0.059, -0.026, -0.043, -0.020, +0.021, -0.050, -0.032, -0.017, -0.051, +0.082, +0.092, +0.115, -0.067
Station 9 upper 8 3 Y-correction
-0.210, -0.053, +0.061, +0.102, -0.302, -0.075, +0.075, +0.121, -0.277, -0.058, +0.035, +0.028, +0.010, +0.042, +0.084, +0.168, +0.004, +0.044, +0.101, +0.147, +0.019, +0.097, +0.168, +0.197
Station 10 upper 8 3 Y-correction
+0.029, +0.075, +0.109, +0.060, -0.085, +0.056, +0.110, +0.066, -0.128, +0.013, +0.086, +0.025, -0.013, -0.011, -0.033, +0.016, -0.005, +0.039, +0.001, +0.002, +0.047, +0.108, +0.058, +0.011
Station 11 upper 8 3 Y-correction
-0.031, +0.130, +0.250, +0.292, -0.049, +0.093, +0.206, +0.172, -0.095, +0.056, +0.218, +0.173, +0.100, +0.039, +0.007, +0.066, +0.156, +0.152, +0.111, +0.124, +0.218, +0.209, +0.183, +0.180
Station 5 lower 8 3 Y-correction
+0.000, +0.000, +0.000, +0.000, +0.000, -0.224, -0.121, -0.126, +0.000, -0.258, -0.054, -0.028, -0.042, -0.092, -0.245, +0.000, -0.006, +0.001, -0.118, +0.000, +0.000, +0.000, +0.000, +0.000
Station 6 lower 8 3 Y-correction
+0.000, -0.055, -0.145, -0.138, -0.226, -0.142, -0.088, +0.028, -0.160, -0.169, -0.061, -0.010, -0.002, +0.009, +0.069, +0.018, +0.000, +0.084, +0.163, +0.362, +0.010, +0.169, +0.556, +0.000
Station 7 lower 8 3 Y-correction
+0.056, -0.190, -0.116, -0.020, -0.271, -0.188, -0.095, -0.061, -0.260, -0.173, -0.047, -0.058, -0.021, -0.075, -0.025, +0.039, -0.037, -0.025, +0.050, +0.213, +0.028, +0.107, +0.111, +0.251
Station 8 lower 8 3 Y-correction
+0.018, -0.064, -0.010, +0.021, -0.127, -0.089, -0.026, +0.010, -0.229, -0.087, +0.019, +0.001, +0.012, +0.040, +0.116, +0.118, -0.038, +0.038, +0.138, +0.210, +0.027, +0.115, +0.183, +0.338
Station 9 lower 8 3 Y-correction
-0.117, -0.112, -0.020, +0.021, -0.239, -0.163, -0.013, -0.001, -0.257, -0.102, +0.019, -0.014, -0.005, +0.007, +0.050, +0.094, -0.013, +0.025, +0.107, +0.208, +0.007, +0.042, +0.112, +0.258
Station 10 lower 8 3 Y-correction
-0.018, -0.080, +0.019, +0.050, -0.237, -0.084, +0.042, +0.097, -0.255, -0.038, +0.069, +0.071, +0.054, +0.059, +0.067, +0.082, +0.050, +0.063, +0.111, +0.116, +0.081, +0.098, +0.116, +0.186
Station 11 lower 8 3 Y-correction
-0.195, -0.057, +0.051, +0.056, -0.155, -0.033, +0.078, +0.071, -0.136, -0.005, +0.097, +0.066, +0.026, +0.004, +0.000, +0.082, +0.090, +0.113, +0.139, +0.147, +0.070, +0.074, +0.101, +0.171
* --------------------------------------------------
Run 7830 (updated 27.11.2023)
Station 5 upper 8 3 X-correction
+0.000, +0.000, +0.000, +0.000, +0.000, -0.155, +0.089, +0.023, +0.000, -0.056, +0.036, +0.010, +0.014, -0.001, +0.043, +0.409, +0.023, -0.009, +0.014, +0.000, +0.000, +0.000, +0.000, +0.000
Station 6 upper 8 3 X-correction
+0.000, +0.000, -0.156, -0.116, -0.046, -0.086, -0.074, -0.076, +0.046, +0.009, -0.017, -0.010, +0.006, -0.035, -0.008, +0.061, -0.056, -0.058, -0.017, +0.022, +0.001, +0.018, +0.147, +0.000
Station 7 upper 8 3 X-correction
+0.107, +0.104, +0.084, +0.032, +0.055, +0.077, +0.080, +0.050, +0.017, -0.009, +0.006, +0.023, +0.015, +0.031, +0.046, +0.025, +0.058, +0.036, +0.016, +0.032, +0.002, -0.053, -0.047, +0.023
Station 8 upper 8 3 X-correction
-0.147, -0.088, -0.052, -0.016, +0.007, -0.032, -0.035, -0.033, +0.119, +0.049, +0.012, -0.001, +0.002, -0.013, -0.024, -0.046, -0.028, -0.033, +0.003, +0.014, +0.017, +0.043, +0.081, +0.171
Station 9 upper 8 3 X-correction
-0.105, +0.004, +0.016, +0.010, -0.049, +0.026, +0.050, +0.038, -0.049, -0.003, +0.017, -0.007, -0.003, +0.000, +0.003, -0.007, +0.026, +0.018, +0.016, -0.004, +0.002, -0.008, +0.001, +0.005
Station 10 upper 8 3 X-correction
-0.080, -0.023, +0.017, +0.030, -0.017, +0.003, +0.008, +0.011, -0.007, +0.006, +0.029, -0.025, +0.025, +0.022, +0.037, +0.090, +0.009, +0.005, +0.026, +0.092, +0.020, +0.026, +0.042, +0.104
Station 11 upper 8 3 X-correction
-0.100, -0.066, -0.031, +0.001, -0.133, -0.075, -0.060, -0.058, -0.175, -0.130, +0.091, +0.173, +0.117, -0.069, +0.006, +0.051, -0.034, -0.019, -0.002, +0.020, +0.009, -0.023, +0.001, +0.001
Station 5 lower 8 3 X-correction
+0.000, +0.000, +0.000, +0.000, +0.000, -0.031, -0.105, -0.066, +0.000, -0.097, -0.026, +0.014, -0.014, -0.095, -0.113, +0.000, -0.035, -0.158, -0.009, +0.000, +0.000, +0.000, +0.000, +0.000
Station 6 lower 8 3 X-correction
+0.000, -0.080, -0.062, +0.091, +0.013, +0.021, +0.058, +0.060, -0.003, -0.007, +0.043, +0.036, +0.034, +0.014, -0.053, -0.014, +0.075, +0.057, +0.027, -0.229, +0.141, +0.325, +0.299, +0.000
Station 7 lower 8 3 X-correction
-0.005, -0.040, +0.005, +0.061, -0.053, -0.058, -0.024, -0.023, -0.069, -0.027, +0.029, +0.022, +0.022, +0.005, +0.038, +0.219, -0.042, -0.055, -0.026, +0.158, +0.059, +0.115, +0.225, +0.283
Station 8 lower 8 3 X-correction
+0.091, +0.044, +0.023, +0.020, -0.016, +0.059, +0.060, +0.046, +0.011, +0.062, +0.047, +0.038, +0.027, +0.030, +0.010, +0.005, +0.039, +0.053, +0.044, +0.024, +0.044, +0.087, +0.099, +0.090
Station 9 lower 8 3 X-correction
-0.010, -0.043, -0.036, -0.025, -0.068, -0.090, -0.078, -0.088, -0.060, -0.040, -0.029, -0.042, -0.022, -0.039, -0.046, +0.027, -0.088, -0.099, -0.096, +0.036, -0.035, -0.020, -0.020, +0.091
Station 10 lower 8 3 X-correction
-0.060, +0.014, +0.025, +0.008, -0.089, +0.019, +0.042, +0.034, -0.141, -0.035, -0.010, -0.012, -0.008, -0.002, +0.006, -0.023, +0.027, +0.043, +0.051, +0.015, -0.008, -0.010, +0.009, +0.026
Station 11 lower 8 3 X-correction
-0.063, +0.044, +0.093, +0.091, +0.002, +0.005, +0.025, +0.051, +0.006, +0.064, +0.070, +0.081, +0.061, +0.059, +0.076, +0.091, +0.052, +0.025, +0.035, +0.071, +0.098, +0.112, +0.120, +0.179
* --- Y-corrections ---
Station 5 upper 8 3 Y-correction
+0.000, +0.000, +0.000, +0.000, +0.000, +0.089, -0.044, +0.006, +0.000, +0.036, -0.076, -0.028, -0.007, -0.050, -0.046, +0.000, +0.018, -0.016, +0.103, +0.000, +0.000, +0.000, +0.000, +0.000
Station 6 upper 8 3 Y-correction
+0.000, -0.147, -0.276, +0.005, -0.141, -0.074, -0.036, -0.030, -0.139, -0.028, -0.087, -0.063, -0.042, -0.048, -0.029, +0.002, -0.025, -0.009, -0.015, -0.119, +0.078, +0.047, -0.024, +0.000
Station 7 upper 8 3 Y-correction
-0.233, -0.111, -0.061, -0.051, -0.169, -0.059, -0.022, -0.006, -0.097, -0.033, -0.009, -0.003, +0.033, -0.039, -0.039, +0.014, -0.004, -0.022, -0.031, -0.034, -0.043, -0.046, -0.013, -0.115
Station 8 upper 8 3 Y-correction
-0.081, -0.051, -0.009, +0.049, -0.165, -0.143, -0.063, -0.012, -0.196, -0.147, -0.081, -0.047, -0.028, -0.035, -0.029, -0.002, -0.042, -0.034, -0.028, -0.030, +0.049, +0.049, +0.056, -0.029
Station 9 upper 8 3 Y-correction
-0.035, -0.018, +0.038, +0.046, -0.115, -0.031, +0.035, +0.052, -0.079, -0.009, +0.021, +0.018, +0.004, +0.034, +0.066, +0.140, -0.010, +0.020, +0.069, +0.139, -0.005, +0.045, +0.103, +0.157
Station 10 upper 8 3 Y-correction
+0.070, +0.090, +0.046, -0.004, +0.008, +0.064, +0.047, +0.003, +0.003, +0.040, +0.033, -0.008, -0.025, -0.018, -0.036, -0.027, -0.031, -0.004, -0.030, -0.043, -0.001, +0.039, +0.003, -0.030
Station 11 upper 8 3 Y-correction
+0.022, +0.096, +0.153, +0.168, -0.012, +0.061, +0.127, +0.098, -0.054, +0.033, +0.122, +0.095, +0.065, +0.028, -0.004, +0.018, +0.107, +0.105, +0.068, +0.072, +0.143, +0.140, +0.092, +0.101
Station 5 lower 8 3 Y-correction
+0.000, +0.000, +0.000, +0.000, +0.000, -0.112, -0.083, -0.069, +0.000, -0.128, -0.034, -0.015, -0.025, -0.063, -0.155, +0.000, -0.023, -0.041, -0.059, +0.000, +0.000, +0.000, +0.000, +0.000
Station 6 lower 8 3 Y-correction
+0.000, +0.041, +0.012, -0.006, -0.113, -0.040, -0.027, +0.019, -0.080, -0.057, -0.025, +0.002, +0.006, +0.007, +0.047, +0.009, +0.003, +0.034, +0.069, +0.181, +0.022, +0.110, +0.278, +0.000
Station 7 lower 8 3 Y-correction
+0.028, -0.031, +0.010, +0.031, -0.080, -0.087, -0.051, -0.042, -0.101, -0.066, -0.027, -0.034, -0.016, -0.058, -0.037, +0.002, -0.027, -0.037, -0.020, +0.078, +0.040, +0.038, +0.010, +0.095
Station 8 lower 8 3 Y-correction
+0.102, +0.030, +0.034, +0.030, +0.014, +0.001, +0.005, +0.007, -0.031, -0.009, +0.017, +0.001, +0.005, +0.020, +0.054, +0.059, -0.019, +0.017, +0.055, +0.075, +0.025, +0.071, +0.072, +0.140
Station 9 lower 8 3 Y-correction
-0.025, -0.030, +0.000, +0.010, -0.093, -0.070, -0.011, -0.018, -0.097, -0.044, +0.000, -0.020, -0.014, -0.009, +0.012, +0.017, -0.022, -0.006, +0.030, +0.079, +0.009, +0.022, +0.041, +0.104
Station 10 lower 8 3 Y-correction
-0.009, -0.029, +0.008, +0.035, -0.070, -0.017, +0.021, +0.050, -0.092, -0.007, +0.027, +0.039, +0.029, +0.037, +0.032, +0.032, +0.022, +0.021, +0.040, +0.035, +0.042, +0.045, +0.041, +0.050
Station 11 lower 8 3 Y-correction
-0.080, +0.009, +0.034, +0.010, -0.046, +0.018, +0.037, +0.031, -0.035, -0.008, +0.033, +0.015, +0.000, -0.019, -0.019, +0.015, +0.041, +0.054, +0.054, +0.053, +0.032, +0.033, +0.028, +0.061
* --------------------------------------------------
Run 7933 (updated 21.11.2023, from run 8000)
Station 5 upper 8 3 X-correction
+0.000, +0.000, +0.000, +0.000, +0.000, -0.117, +0.082, +0.027, +0.000, -0.028, +0.038, +0.012, +0.015, +0.004, +0.042, +0.078, +0.024, -0.013, -0.014, +0.000, +0.000, +0.000, +0.000, +0.000
Station 6 upper 8 3 X-correction
+0.000, -0.206, -0.196, -0.104, -0.100, -0.092, -0.076, -0.084, +0.026, -0.002, -0.029, -0.020, -0.001, -0.034, -0.025, +0.029, -0.063, -0.071, -0.019, -0.028, -0.008, -0.005, +0.082, +0.000
Station 7 upper 8 3 X-correction
+0.093, +0.095, +0.094, +0.038, +0.058, +0.083, +0.083, +0.051, +0.003, -0.010, +0.005, +0.021, +0.017, +0.035, +0.058, +0.037, +0.058, +0.040, +0.024, +0.045, +0.010, -0.046, -0.055, +0.001
Station 8 upper 8 3 X-correction
-0.147, -0.093, -0.054, -0.015, +0.005, -0.038, -0.043, -0.039, +0.111, +0.043, +0.003, -0.006, -0.002, -0.011, -0.029, -0.058, -0.032, -0.034, -0.005, +0.004, +0.014, +0.040, +0.089, +0.181
Station 9 upper 8 3 X-correction
-0.083, +0.013, +0.019, +0.013, -0.039, +0.028, +0.053, +0.042, -0.045, +0.001, +0.017, -0.006, -0.001, +0.006, +0.005, -0.010, +0.031, +0.022, +0.019, +0.000, +0.007, -0.005, +0.002, +0.008
Station 10 upper 8 3 X-correction
-0.062, -0.029, +0.010, +0.022, -0.007, -0.001, +0.007, +0.011, -0.013, +0.007, +0.020, -0.030, +0.017, +0.017, +0.026, +0.062, +0.005, +0.001, +0.024, +0.080, +0.017, +0.014, +0.037, +0.081
Station 11 upper 8 3 X-correction
-0.082, -0.074, -0.033, -0.006, -0.113, -0.063, -0.054, -0.055, -0.148, -0.120, +0.080, +0.167, +0.109, -0.070, -0.008, +0.030, -0.036, -0.023, +0.004, +0.007, +0.007, -0.032, -0.007, -0.011
Station 5 lower 8 3 X-correction
+0.000, +0.000, +0.000, +0.000, +0.000, -0.470, -0.109, -0.074, +0.000, -0.215, -0.036, +0.008, -0.016, -0.116, -0.157, +0.000, -0.053, -0.156, -0.133, +0.000, +0.000, +0.000, +0.000, +0.000
Station 6 lower 8 3 X-correction
+0.000, -0.122, -0.013, +0.106, -0.130, +0.017, +0.049, +0.057, -0.013, -0.024, +0.042, +0.040, +0.038, +0.008, -0.042, -0.104, +0.071, +0.048, +0.006, +0.058, +0.105, +0.260, +0.480, -0.052
Station 7 lower 8 3 X-correction
+0.045, -0.039, -0.006, +0.034, -0.044, -0.072, -0.032, -0.027, -0.064, -0.041, +0.024, +0.020, +0.020, +0.001, +0.033, +0.273, -0.045, -0.066, -0.041, +0.175, +0.021, +0.057, +0.169, +0.440
Station 8 lower 8 3 X-correction
+0.148, +0.034, +0.014, +0.012, +0.008, +0.047, +0.062, +0.047, +0.028, +0.058, +0.044, +0.038, +0.028, +0.030, +0.013, +0.026, +0.040, +0.052, +0.041, +0.038, +0.036, +0.070, +0.102, +0.135
Station 9 lower 8 3 X-correction
-0.011, -0.052, -0.039, -0.032, -0.051, -0.094, -0.078, -0.086, -0.058, -0.046, -0.034, -0.044, -0.026, -0.041, -0.049, +0.030, -0.086, -0.100, -0.093, +0.033, -0.043, -0.033, -0.029, +0.100
Station 10 lower 8 3 X-correction
-0.050, +0.011, +0.032, +0.013, -0.075, +0.015, +0.040, +0.035, -0.130, -0.035, -0.010, -0.011, -0.003, +0.000, +0.006, -0.005, +0.027, +0.041, +0.051, +0.030, -0.001, -0.009, +0.016, +0.040
Station 11 lower 8 3 X-correction
-0.037, +0.020, +0.092, +0.087, -0.004, +0.003, +0.024, +0.047, +0.018, +0.067, +0.070, +0.076, +0.061, +0.053, +0.069, +0.083, +0.050, +0.021, +0.027, +0.075, +0.093, +0.104, +0.125, +0.167
* --------------------------------------------------
Run 8129 (added 20.05.2025, updated 23.05.2025, from run 8188)
Station 5 upper 8 3 X-correction
+0.000, +0.000, +0.000, +0.000, +0.000, -0.247, +0.086, +0.032, +0.000, -0.052, +0.036, +0.013, +0.015, +0.008, +0.048, +0.078, +0.019, -0.023, -0.029, +0.000, +0.000, +0.000, +0.000, +0.000
Station 6 upper 8 3 X-correction
+0.000, -0.472, -0.204, -0.103, -0.255, -0.098, -0.060, -0.073, -0.038, -0.004, -0.041, -0.025, -0.001, -0.029, -0.019, +0.066, -0.063, -0.091, -0.026, +0.043, +0.002, -0.006, +0.137, +0.000
Station 7 upper 8 3 X-correction
+0.073, +0.104, +0.109, +0.054, +0.038, +0.065, +0.086, +0.063, -0.054, -0.066, -0.020, +0.007, +0.010, +0.033, +0.065, +0.026, +0.066, +0.040, +0.018, +0.014, +0.020, -0.059, -0.086, -0.039
Station 8 upper 8 3 X-correction
-0.112, -0.072, -0.042, +0.007, -0.063, -0.075, -0.043, -0.022, -0.006, -0.025, -0.024, -0.029, -0.012, -0.017, -0.020, -0.012, -0.034, -0.029, -0.014, +0.017, +0.032, +0.047, +0.088, +0.082
Station 9 upper 8 3 X-correction
-0.105, +0.005, +0.022, +0.030, -0.121, +0.005, +0.044, +0.042, -0.152, -0.042, +0.001, -0.019, -0.010, -0.001, +0.008, -0.013, +0.027, +0.021, +0.022, -0.007, +0.018, +0.004, +0.013, +0.002
Station 10 upper 8 3 X-correction
-0.107, -0.042, +0.009, +0.034, -0.054, -0.014, +0.002, +0.008, -0.060, -0.015, +0.020, -0.028, +0.025, +0.014, +0.032, +0.067, +0.004, +0.000, +0.027, +0.082, +0.027, +0.015, +0.045, +0.098
Station 11 upper 8 3 X-correction
-0.098, -0.072, -0.039, -0.004, -0.108, -0.056, -0.049, -0.056, -0.128, -0.104, +0.118, +0.202, +0.152, -0.061, -0.002, +0.030, -0.028, -0.019, +0.004, +0.009, +0.017, -0.036, -0.007, +0.005
Station 5 lower 8 3 X-correction
+0.000, +0.000, +0.000, +0.000, +0.000, -0.510, -0.092, -0.093, +0.000, -0.102, -0.018, +0.011, -0.015, -0.103, -0.074, +0.000, -0.071, -0.152, -0.030, +0.000, +0.000, +0.000, +0.000, +0.000
Station 6 lower 8 3 X-correction
+0.000, -0.272, -0.067, +0.065, -0.326, +0.026, +0.053, +0.056, +0.001, -0.025, +0.043, +0.037, +0.039, +0.004, -0.056, -0.120, +0.067, +0.058, +0.011, -0.012, +0.058, +0.262, +0.442, -0.077
Station 7 lower 8 3 X-correction
-0.112, -0.113, -0.002, +0.068, -0.087, -0.056, -0.025, -0.026, -0.071, -0.038, +0.035, +0.026, +0.027, +0.003, +0.033, +0.271, -0.046, -0.075, -0.052, +0.178, +0.029, +0.084, +0.227, +0.464
Station 8 lower 8 3 X-correction
+0.110, +0.019, +0.022, +0.026, -0.015, +0.047, +0.064, +0.053, +0.007, +0.060, +0.055, +0.043, +0.032, +0.038, +0.015, +0.010, +0.044, +0.056, +0.047, +0.018, +0.049, +0.082, +0.131, +0.169
Station 9 lower 8 3 X-correction
-0.026, -0.068, -0.036, -0.029, -0.082, -0.097, -0.073, -0.078, -0.062, -0.044, -0.025, -0.037, -0.022, -0.033, -0.044, +0.048, -0.081, -0.093, -0.098, +0.036, -0.036, -0.024, -0.021, +0.147
Station 10 lower 8 3 X-correction
-0.058, +0.000, +0.031, +0.009, -0.112, +0.005, +0.038, +0.032, -0.137, -0.043, -0.011, -0.012, -0.006, -0.002, +0.002, -0.021, +0.025, +0.037, +0.050, +0.017, -0.010, -0.015, +0.012, +0.047
Station 11 lower 8 3 X-correction
-0.050, +0.029, +0.093, +0.086, -0.029, -0.005, +0.029, +0.048, -0.002, +0.052, +0.068, +0.076, +0.078, +0.060, +0.068, +0.104, +0.050, +0.024, +0.030, +0.096, +0.083, +0.096, +0.125, +0.202
* --- Y-corrections ---
Station 5 upper 8 3 Y-correction
+0.000, +0.000, +0.000, +0.000, +0.000, +0.059, -0.010, +0.018, +0.000, +0.068, -0.052, -0.024, -0.010, -0.058, -0.028, +0.000, +0.009, +0.001, +0.006, +0.000, +0.000, +0.000, +0.000, +0.000
Station 6 upper 8 3 Y-correction
+0.000, -0.258, +0.044, -0.004, -0.372, -0.054, -0.026, -0.024, -0.146, -0.033, -0.108, -0.077, -0.062, -0.064, -0.033, +0.012, -0.039, -0.018, +0.002, -0.140, +0.065, +0.097, +0.086, +0.000
Station 7 upper 8 3 Y-correction
-0.228, -0.100, -0.059, -0.060, -0.176, -0.064, -0.022, -0.007, -0.117, -0.053, -0.029, -0.016, +0.029, -0.052, -0.057, -0.001, -0.018, -0.045, -0.036, -0.011, -0.060, -0.065, -0.033, -0.049
Station 8 upper 8 3 Y-correction
-0.089, -0.068, +0.003, +0.040, -0.192, -0.170, -0.071, -0.019, -0.244, -0.186, -0.107, -0.060, -0.041, -0.047, -0.054, -0.009, -0.055, -0.056, -0.051, +0.001, +0.042, +0.045, +0.075, +0.034
Station 9 upper 8 3 Y-correction
-0.076, -0.022, +0.043, +0.070, -0.167, -0.066, +0.019, +0.048, -0.150, -0.070, -0.015, -0.001, -0.003, +0.026, +0.075, +0.158, -0.014, +0.011, +0.083, +0.191, -0.009, +0.039, +0.114, +0.194
Station 10 upper 8 3 Y-correction
+0.093, +0.068, +0.054, +0.016, -0.050, +0.007, +0.030, +0.004, -0.120, -0.034, +0.003, -0.037, -0.037, -0.029, -0.047, -0.045, -0.040, -0.018, -0.028, -0.059, +0.012, +0.042, -0.001, -0.065
Station 11 upper 8 3 Y-correction
-0.055, +0.075, +0.149, +0.195, -0.070, +0.009, +0.112, +0.104, -0.105, -0.041, +0.099, +0.071, +0.059, +0.019, -0.006, +0.032, +0.102, +0.095, +0.063, +0.075, +0.167, +0.135, +0.106, +0.108
Station 5 lower 8 3 Y-correction
+0.000, +0.000, +0.000, +0.000, +0.000, -0.249, -0.090, -0.073, +0.000, -0.089, -0.030, -0.031, -0.042, -0.086, -0.157, +0.000, -0.013, -0.067, -0.147, +0.000, +0.000, +0.000, +0.000, +0.000
Station 6 lower 8 3 Y-correction
+0.000, -0.069, +0.031, +0.052, -0.145, -0.087, -0.041, +0.031, -0.236, -0.073, -0.046, -0.007, -0.006, +0.003, +0.080, +0.109, +0.001, +0.063, +0.093, +0.347, +0.050, +0.044, +0.194, +0.384
Station 7 lower 8 3 Y-correction
-0.116, -0.088, +0.004, +0.046, -0.166, -0.119, -0.061, -0.052, -0.148, -0.094, -0.042, -0.052, -0.032, -0.080, -0.076, -0.013, -0.037, -0.038, -0.050, +0.061, +0.041, +0.035, +0.041, +0.048
Station 8 lower 8 3 Y-correction
+0.058, +0.023, +0.050, +0.048, -0.018, -0.033, -0.006, +0.002, -0.084, -0.042, +0.006, -0.002, -0.001, +0.019, +0.067, +0.107, -0.031, +0.020, +0.075, +0.114, +0.031, +0.099, +0.118, +0.182
Station 9 lower 8 3 Y-correction
-0.143, -0.043, +0.021, +0.027, -0.152, -0.094, -0.018, -0.019, -0.136, -0.064, -0.004, -0.029, -0.021, -0.011, +0.010, +0.011, -0.024, -0.003, +0.035, +0.084, +0.015, +0.030, +0.081, +0.134
Station 10 lower 8 3 Y-correction
-0.117, -0.016, +0.021, +0.042, -0.103, -0.034, +0.032, +0.067, -0.130, -0.020, +0.044, +0.046, +0.038, +0.041, +0.052, +0.054, +0.031, +0.031, +0.059, +0.075, +0.066, +0.075, +0.077, +0.072
Station 11 lower 8 3 Y-correction
-0.088, -0.007, +0.054, +0.036, -0.078, +0.008, +0.064, +0.044, -0.069, +0.001, +0.064, +0.038, +0.007, -0.015, -0.010, +0.040, +0.062, +0.077, +0.087, +0.097, +0.051, +0.047, +0.065, +0.086
* --------------------------------------------------
 Run 8250 (added 26.05.2025, updated 27.05.2025)
 Station 5 upper 8 3 X-correction
 +0.000, +0.000, +0.000, +0.000, +0.000, -0.311, +0.086, +0.036, +0.000, -0.058, +0.035, +0.013, +0.015, +0.010, +0.052, +0.078, +0.020, -0.027, -0.017, +0.000, +0.000, +0.000, +0.000, +0.000
 Station 6 upper 8 3 X-correction
 +0.000, -0.452, -0.202, -0.095, -0.411, -0.099, -0.056, -0.069, -0.058, -0.015, -0.043, -0.025, +0.001, -0.028, -0.017, +0.077, -0.061, -0.100, -0.028, +0.086, +0.004, -0.011, +0.152, +0.000
 Station 7 upper 8 3 X-correction
 +0.043, +0.100, +0.110, +0.053, +0.036, +0.068, +0.089, +0.063, -0.051, -0.063, -0.018, +0.005, +0.013, +0.034, +0.067, +0.029, +0.068, +0.040, +0.021, +0.013, +0.018, -0.061, -0.093, -0.048
 Station 8 upper 8 3 X-correction
 -0.135, -0.086, -0.044, +0.002, -0.051, -0.066, -0.041, -0.026, +0.017, -0.014, -0.017, -0.029, -0.012, -0.013, -0.020, -0.024, -0.030, -0.028, -0.011, +0.029, +0.029, +0.045, +0.092, +0.116
 Station 9 upper 8 3 X-correction
 -0.114, +0.004, +0.024, +0.033, -0.126, +0.006, +0.046, +0.041, -0.152, -0.043, +0.003, -0.019, -0.010, -0.001, +0.008, -0.013, +0.027, +0.019, +0.024, -0.005, +0.020, +0.007, +0.020, -0.003
 Station 10 upper 8 3 X-correction
 -0.123, -0.046, +0.006, +0.037, -0.081, -0.019, -0.002, +0.003, -0.087, -0.020, +0.021, -0.026, +0.030, +0.011, +0.033, +0.067, +0.002, -0.002, +0.026, +0.083, +0.029, +0.015, +0.047, +0.097
 Station 11 upper 8 3 X-correction
 -0.121, -0.079, -0.034, +0.001, -0.143, -0.060, -0.047, -0.061, -0.159, -0.113, +0.125, +0.208, +0.170, -0.059, -0.003, +0.031, -0.029, -0.022, +0.006, +0.011, +0.025, -0.031, +0.000, +0.011
 Station 5 lower 8 3 X-correction
 +0.000, +0.000, +0.000, +0.000, +0.000, -0.470, -0.099, -0.103, +0.000, -0.053, -0.016, +0.012, -0.012, -0.095, -0.025, +0.000, -0.080, -0.151, +0.040, +0.000, +0.000, +0.000, +0.000, +0.000
 Station 6 lower 8 3 X-correction
 +0.000, -0.244, -0.096, +0.049, -0.326, +0.036, +0.072, +0.077, +0.001, -0.004, +0.062, +0.055, +0.056, +0.014, -0.058, -0.129, +0.087, +0.073, +0.023, -0.012, +0.047, +0.294, +0.374, -0.077
 Station 7 lower 8 3 X-correction
 -0.189, -0.177, -0.041, +0.044, -0.115, -0.053, -0.027, -0.024, -0.105, -0.043, +0.035, +0.024, +0.027, +0.004, +0.021, +0.241, -0.045, -0.078, -0.052, +0.142, -0.008, +0.042, +0.214, +0.393
 Station 8 lower 8 3 X-correction
 +0.060, +0.011, +0.021, +0.027, -0.027, +0.049, +0.064, +0.054, -0.006, +0.058, +0.057, +0.044, +0.032, +0.040, +0.014, +0.007, +0.044, +0.056, +0.054, +0.012, +0.052, +0.080, +0.147, +0.170
 Station 9 lower 8 3 X-correction
 -0.036, -0.073, -0.033, -0.026, -0.087, -0.096, -0.072, -0.079, -0.063, -0.044, -0.025, -0.035, -0.021, -0.030, -0.046, +0.042, -0.082, -0.094, -0.101, +0.032, -0.035, -0.025, -0.023, +0.150
 Station 10 lower 8 3 X-correction
 -0.066, +0.000, +0.029, +0.009, -0.128, +0.004, +0.040, +0.033, -0.141, -0.047, -0.010, -0.011, -0.006, -0.001, +0.002, -0.022, +0.025, +0.037, +0.053, +0.018, -0.013, -0.014, +0.010, +0.055
 Station 11 lower 8 3 X-correction
 -0.073, +0.019, +0.092, +0.085, -0.048, -0.007, +0.027, +0.044, -0.007, +0.056, +0.067, +0.074, +0.078, +0.056, +0.070, +0.104, +0.050, +0.026, +0.032, +0.100, +0.081, +0.092, +0.121, +0.213
 * --- Y-corrections ---
 Station 5 upper 8 3 Y-correction
 +0.000, +0.000, +0.000, +0.000, +0.000, +0.026, -0.017, +0.027, +0.000, +0.088, -0.065, -0.035, -0.013, -0.076, -0.032, +0.000, +0.014, +0.010, +0.014, +0.000, +0.000, +0.000, +0.000, +0.000
 Station 6 upper 8 3 Y-correction
 +0.000, -0.386, +0.070, +0.005, -0.565, -0.086, -0.037, -0.026, -0.145, -0.046, -0.124, -0.086, -0.066, -0.078, -0.039, +0.027, -0.047, -0.013, +0.005, -0.166, +0.096, +0.128, +0.231, +0.000
 Station 7 upper 8 3 Y-correction
 -0.314, -0.148, -0.073, -0.062, -0.251, -0.095, -0.031, +0.002, -0.192, -0.095, -0.047, -0.030, +0.030, -0.061, -0.075, -0.010, -0.019, -0.049, -0.041, -0.009, -0.061, -0.067, -0.036, -0.075
 Station 8 upper 8 3 Y-correction
 -0.161, -0.097, +0.006, +0.045, -0.280, -0.206, -0.075, -0.002, -0.327, -0.240, -0.126, -0.069, -0.043, -0.053, -0.059, -0.001, -0.059, -0.060, -0.046, -0.004, +0.044, +0.055, +0.084, +0.038
 Station 9 upper 8 3 Y-correction
 -0.124, -0.021, +0.046, +0.077, -0.220, -0.084, +0.035, +0.074, -0.200, -0.095, -0.013, -0.004, -0.007, +0.027, +0.074, +0.162, -0.014, +0.015, +0.090, +0.200, -0.008, +0.041, +0.127, +0.233
 Station 10 upper 8 3 Y-correction
 +0.063, +0.067, +0.074, +0.030, -0.064, +0.010, +0.050, +0.024, -0.124, -0.041, +0.015, -0.029, -0.037, -0.028, -0.051, -0.038, -0.032, -0.010, -0.019, -0.044, +0.015, +0.050, +0.019, -0.048
 Station 11 upper 8 3 Y-correction
 -0.057, +0.089, +0.183, +0.231, -0.081, +0.038, +0.140, +0.126, -0.106, -0.026, +0.132, +0.086, +0.067, +0.023, -0.005, +0.036, +0.116, +0.114, +0.072, +0.093, +0.185, +0.146, +0.122, +0.119
 Station 5 lower 8 3 Y-correction
 +0.000, +0.000, +0.000, +0.000, +0.000, -0.308, -0.118, -0.098, +0.000, -0.164, -0.048, -0.038, -0.054, -0.096, -0.164, +0.000, +0.009, -0.060, -0.105, +0.000, +0.000, +0.000, +0.000, +0.000
 Station 6 lower 8 3 Y-correction
 +0.000, -0.202, -0.019, -0.030, -0.322, -0.133, -0.070, +0.026, -0.310, -0.111, -0.058, -0.018, -0.006, -0.003, +0.091, +0.231, +0.006, +0.084, +0.105, +0.347, +0.057, +0.093, +0.152, +0.384
 Station 7 lower 8 3 Y-correction
 -0.212, -0.109, -0.049, -0.005, -0.232, -0.147, -0.073, -0.049, -0.197, -0.113, -0.044, -0.058, -0.025, -0.085, -0.083, +0.025, -0.035, -0.031, -0.047, +0.190, +0.061, +0.145, +0.161, +0.197
 Station 8 lower 8 3 Y-correction
 -0.004, -0.022, +0.032, +0.058, -0.106, -0.065, -0.011, +0.006, -0.154, -0.061, +0.008, -0.001, +0.000, +0.024, +0.069, +0.141, -0.035, +0.022, +0.096, +0.169, +0.037, +0.128, +0.167, +0.267
 Station 9 lower 8 3 Y-correction
 -0.214, -0.082, +0.011, +0.030, -0.209, -0.120, -0.017, -0.014, -0.190, -0.087, +0.000, -0.028, -0.019, -0.009, +0.016, +0.041, -0.023, +0.003, +0.060, +0.125, +0.012, +0.039, +0.107, +0.205
 Station 10 lower 8 3 Y-correction
 -0.148, -0.045, +0.025, +0.050, -0.176, -0.059, +0.038, +0.077, -0.185, -0.032, +0.051, +0.055, +0.044, +0.046, +0.057, +0.063, +0.037, +0.041, +0.080, +0.103, +0.075, +0.093, +0.094, +0.092
 Station 11 lower 8 3 Y-correction
 -0.130, -0.027, +0.059, +0.052, -0.124, -0.008, +0.073, +0.052, -0.101, -0.006, +0.083, +0.051, +0.014, -0.013, -0.008, +0.062, +0.072, +0.097, +0.103, +0.127, +0.057, +0.061, +0.083, +0.124
* --------------------------------------------------
 Run 9020 (run9, added 16.02.2026)
 Station 6 upper 8 3 X-correction
 +0.000, +0.000, +0.000, +0.000, +0.000, +0.000, +0.168, +0.041, +0.000, +0.000, +0.389, +0.177, -0.217, -0.345, -0.307, +0.000, -0.253, -0.323, +0.000, +0.000, +0.000, +0.000, +0.000, +0.000
 Station 7 upper 8 3 X-correction
 +0.000, +0.000, +0.000, +0.093, +0.000, -0.125, +0.013, +0.069, +0.000, -0.066, -0.006, +0.075, -0.026, +0.014, +0.175, +0.000, +0.061, +0.075, +0.204, +0.000, +0.129, +0.052, +0.000, +0.000
 Station 8 upper 8 3 X-correction
 +0.128, +0.076, +0.025, -0.023, +0.127, +0.132, +0.034, -0.028, +0.165, +0.155, +0.145, +0.094, +0.085, +0.037, -0.028, -0.046, +0.027, +0.011, -0.056, -0.055, +0.021, -0.012, -0.069, -0.094
 Station 9 upper 8 3 X-correction
 -0.247, -0.281, -0.249, -0.217, -0.239, -0.258, -0.268, -0.241, -0.248, -0.246, -0.286, -0.258, -0.198, -0.196, -0.078, +0.059, -0.143, -0.088, -0.053, +0.034, -0.130, -0.072, -0.005, +0.033
 Station 10 upper 8 3 X-correction
 -0.020, -0.051, -0.053, -0.045, -0.056, -0.045, -0.049, -0.055, -0.054, -0.060, +0.037, +0.041, +0.053, +0.059, +0.034, +0.062, -0.008, +0.030, +0.051, +0.069, -0.012, +0.015, +0.047, +0.127
 Station 11 upper 8 3 X-correction
 +0.107, +0.093, +0.092, +0.088, +0.074, +0.094, +0.079, +0.060, +0.069, +0.095, +0.059, +0.032, -0.005, -0.014, +0.003, +0.045, +0.067, +0.083, +0.072, +0.091, +0.096, +0.110, +0.103, +0.153
 Station 12 upper 8 3 X-correction
 -0.062, -0.001, -0.015, -0.041, -0.148, +0.010, -0.036, -0.066, -0.178, -0.043, -0.016, -0.022, -0.081, +0.029, +0.079, -0.061, -0.085, +0.033, +0.032, +0.024, -0.041, +0.078, +0.022, +0.033
 Station 6 lower 8 3 X-correction
 +0.000, +0.000, +0.000, +0.000, +0.000, +0.000, -0.037, -0.033, +0.000, +0.000, +0.125, +0.110, -0.146, -0.071, -0.082, +0.000, -0.161, -0.116, -0.028, +0.000, +0.000, +0.000, +0.000, +0.000
 Station 7 lower 8 3 X-correction
 +0.000, +0.028, -0.031, -0.003, +0.000, +0.131, +0.150, +0.131, +0.000, +0.104, +0.146, +0.084, +0.024, +0.035, +0.124, +0.076, +0.139, +0.169, +0.137, +0.080, +0.062, -0.008, -0.015, +0.000
 Station 8 lower 8 3 X-correction
 -0.003, -0.089, -0.100, -0.204, -0.033, +0.009, -0.035, -0.117, -0.010, +0.011, +0.106, -0.027, -0.142, -0.196, -0.221, -0.298, -0.183, -0.236, -0.258, -0.243, -0.201, -0.240, -0.266, -0.179
 Station 9 lower 8 3 X-correction
 -0.149, -0.063, -0.055, -0.043, -0.053, +0.058, +0.051, +0.033, +0.014, +0.090, +0.054, -0.012, -0.046, -0.011, +0.036, -0.030, +0.076, +0.111, +0.084, +0.008, +0.013, +0.034, +0.061, +0.021
 Station 10 lower 8 3 X-correction
 -0.360, -0.198, -0.126, -0.064, -0.211, -0.089, -0.052, -0.020, -0.131, -0.070, +0.049, +0.065, +0.127, +0.221, +0.280, +0.346, +0.087, +0.167, +0.215, +0.308, +0.071, +0.145, +0.192, +0.290
 Station 11 lower 8 3 X-correction
 -0.129, -0.050, -0.022, -0.025, -0.052, +0.008, +0.014, +0.022, -0.035, +0.017, -0.022, -0.028, -0.030, -0.019, -0.005, -0.028, +0.053, +0.049, +0.037, -0.009, +0.019, +0.027, +0.000, -0.083
 Station 12 lower 8 3 X-correction
 -0.177, -0.178, -0.172, -0.185, -0.133, -0.133, -0.147, -0.137, -0.126, -0.107, -0.099, -0.055, -0.046, -0.070, -0.134, -0.288, -0.125, -0.170, -0.221, -0.272, -0.156, -0.163, -0.218, -0.281
 * --- Y-corrections ---
 Station 6 upper 8 3 Y-correction
 +0.000, +0.000, +0.000, +0.000, +0.000, +0.000, -0.230, -0.192, +0.000, -0.107, +0.653, +0.127, +0.239, +0.179, +0.126, +0.000, +0.140, +0.123, +0.000, +0.000, +0.000, +0.000, +0.000, +0.000
 Station 7 upper 8 3 Y-correction
 +0.000, +0.000, +0.000, +0.203, +0.000, +0.213, +0.196, +0.141, +0.000, +0.189, +0.068, +0.098, +0.032, -0.024, -0.267, +0.000, -0.140, -0.218, -0.204, +0.000, +0.010, -0.117, +0.000, +0.000
 Station 8 upper 8 3 Y-correction
 -0.271, -0.215, -0.163, -0.253, -0.240, -0.263, -0.210, -0.278, -0.217, -0.308, -0.042, -0.088, +0.169, +0.113, +0.110, +0.028, +0.170, +0.106, +0.089, +0.086, +0.086, +0.003, -0.020, -0.051
 Station 9 upper 8 3 Y-correction
 +0.239, +0.179, +0.103, -0.014, +0.046, +0.026, +0.024, -0.035, -0.032, -0.037, -0.052, -0.113, -0.168, -0.191, -0.329, -0.413, -0.278, -0.319, -0.348, -0.367, -0.202, -0.293, -0.326, -0.386
 Station 10 upper 8 3 Y-correction
 +0.007, +0.031, +0.009, -0.037, -0.088, -0.046, -0.046, -0.086, -0.110, -0.079, +0.069, +0.049, +0.033, +0.075, +0.160, +0.234, +0.081, +0.160, +0.205, +0.279, +0.130, +0.182, +0.205, +0.269
 Station 11 upper 8 3 Y-correction
 +0.373, +0.299, +0.261, +0.241, +0.249, +0.234, +0.208, +0.197, +0.215, +0.181, +0.144, +0.109, -0.025, -0.038, -0.116, -0.222, -0.125, -0.166, -0.187, -0.196, +0.067, -0.105, -0.149, -0.207
 Station 12 upper 8 3 Y-correction
 +0.293, +0.170, +0.159, +0.114, +0.275, +0.111, +0.099, +0.039, +0.218, +0.038, +0.150, +0.131, +0.058, +0.210, +0.190, +0.260, +0.141, +0.322, +0.290, +0.280, +0.226, +0.370, +0.347, +0.320
 Station 6 lower 8 3 Y-correction
 +0.000, +0.000, +0.000, +0.000, +0.000, +0.000, +0.143, +0.116, +0.000, +0.071, -0.283, -0.220, -0.596, -0.614, -0.449, +0.000, +0.057, +0.084, -0.032, +0.000, +0.000, +0.000, +0.000, +0.000
 Station 7 lower 8 3 Y-correction
 +0.000, +0.197, +0.120, +0.001, +0.038, -0.077, +0.039, +0.059, -0.079, -0.047, -0.647, -0.539, +0.034, -0.045, +0.291, +0.383, +0.311, +0.358, +0.369, +0.534, +0.413, +0.487, +0.671, +0.000
 Station 8 lower 8 3 Y-correction
 +0.087, +0.231, +0.309, +0.307, +0.084, +0.184, +0.280, +0.340, +0.095, +0.140, -0.123, -0.003, -0.429, -0.581, +0.045, +0.146, +0.186, +0.166, +0.167, +0.280, +0.191, +0.136, +0.142, +0.295
 Station 9 lower 8 3 Y-correction
 +0.023, +0.018, +0.040, +0.045, +0.025, +0.008, +0.100, +0.118, -0.038, +0.017, -0.486, -0.417, +0.055, -0.004, +0.195, +0.363, +0.243, +0.279, +0.297, +0.372, +0.252, +0.357, +0.376, +0.431
 Station 10 lower 8 3 Y-correction
 +0.030, +0.056, +0.124, +0.202, +0.064, +0.174, +0.305, +0.368, +0.117, +0.204, +0.102, +0.232, -0.377, -0.427, +0.019, +0.109, +0.132, +0.057, +0.015, +0.107, +0.046, -0.007, +0.037, +0.187
 Station 11 lower 8 3 Y-correction
 -0.099, +0.026, +0.072, +0.096, +0.036, +0.092, +0.204, +0.255, +0.023, +0.080, -0.230, -0.146, +0.089, +0.045, +0.160, +0.285, +0.246, +0.291, +0.291, +0.286, +0.167, +0.227, +0.225, +0.296
 Station 12 lower 8 3 Y-correction
 +0.271, +0.298, +0.313, +0.299, +0.326, +0.340, +0.411, +0.427, +0.285, +0.276, +0.296, +0.304, -0.373, -0.514, -0.406, -0.038, +0.130, -0.005, +0.062, -0.031, +0.084, -0.061, -0.058, -0.036
* --------------------------------------------------
 Run 9494 (run9, added 21.02.2026)
 Station 6 upper 8 3 X-correction
 +0.000, +0.000, +0.000, +0.000, +0.000, +0.000, +0.176, +0.038, +0.000, +0.000, +0.440, +0.164, -0.215, -0.350, -0.339, +0.000, -0.250, -0.347, +0.000, +0.000, +0.000, +0.000, +0.000, +0.000
 Station 7 upper 8 3 X-correction
 +0.000, +0.000, +0.000, +0.111, +0.000, -0.107, +0.012, +0.070, +0.000, -0.055, -0.003, +0.076, -0.030, +0.009, +0.180, +0.000, +0.054, +0.070, +0.201, +0.000, +0.105, +0.070, +0.000, +0.000
 Station 8 upper 8 3 X-correction
 +0.130, +0.083, +0.021, -0.021, +0.133, +0.115, +0.030, -0.020, +0.164, +0.137, +0.138, +0.097, +0.077, +0.035, -0.032, -0.054, +0.023, +0.011, -0.056, -0.061, +0.014, -0.014, -0.068, -0.075
 Station 9 upper 8 3 X-correction
 -0.264, -0.290, -0.253, -0.218, -0.255, -0.269, -0.269, -0.241, -0.251, -0.255, -0.285, -0.258, -0.203, -0.199, -0.083, +0.089, -0.149, -0.097, -0.050, +0.050, -0.131, -0.069, +0.015, +0.049
 Station 10 upper 8 3 X-correction
 -0.007, -0.047, -0.046, -0.042, -0.049, -0.041, -0.040, -0.043, -0.048, -0.054, +0.043, +0.048, +0.061, +0.063, +0.040, +0.061, -0.001, +0.036, +0.055, +0.072, -0.009, +0.020, +0.051, +0.132
 Station 11 upper 8 3 X-correction
 +0.102, +0.090, +0.087, +0.080, +0.074, +0.095, +0.075, +0.059, +0.067, +0.100, +0.063, +0.031, -0.011, -0.017, +0.000, +0.055, +0.068, +0.085, +0.075, +0.101, +0.096, +0.115, +0.109, +0.165
 Station 12 upper 8 3 X-correction
 -0.049, -0.008, -0.025, -0.053, -0.121, -0.004, -0.041, -0.080, -0.177, -0.048, -0.016, -0.024, -0.060, +0.036, +0.080, -0.059, -0.083, +0.037, +0.041, +0.018, -0.050, +0.079, +0.029, +0.031
 Station 6 lower 8 3 X-correction
 +0.000, +0.000, +0.000, +0.000, +0.000, +0.000, -0.024, -0.027, +0.000, +0.000, +0.122, +0.102, -0.149, -0.078, -0.086, +0.000, -0.156, -0.113, -0.027, +0.000, +0.000, +0.000, +0.000, +0.000
 Station 7 lower 8 3 X-correction
 +0.000, +0.028, -0.023, +0.024, +0.000, +0.135, +0.151, +0.135, +0.000, +0.107, +0.147, +0.090, +0.019, +0.025, +0.115, +0.078, +0.139, +0.163, +0.134, +0.090, +0.064, -0.018, -0.044, +0.000
 Station 8 lower 8 3 X-correction
 +0.004, -0.061, -0.086, -0.188, -0.010, +0.013, -0.031, -0.112, +0.006, +0.021, +0.107, -0.021, -0.151, -0.203, -0.232, -0.302, -0.183, -0.238, -0.273, -0.255, -0.199, -0.245, -0.264, -0.207
 Station 9 lower 8 3 X-correction
 -0.140, -0.057, -0.043, -0.032, -0.052, +0.056, +0.052, +0.038, +0.031, +0.096, +0.060, -0.003, -0.046, -0.015, +0.031, -0.022, +0.077, +0.108, +0.087, +0.011, +0.028, +0.050, +0.077, +0.044
 Station 10 lower 8 3 X-correction
 -0.350, -0.191, -0.121, -0.062, -0.217, -0.089, -0.051, -0.017, -0.139, -0.064, +0.050, +0.071, +0.134, +0.214, +0.271, +0.352, +0.089, +0.163, +0.212, +0.310, +0.073, +0.148, +0.196, +0.308
 Station 11 lower 8 3 X-correction
 -0.121, -0.052, -0.022, -0.025, -0.051, -0.002, +0.008, +0.017, -0.034, +0.011, -0.020, -0.028, -0.031, -0.018, -0.002, -0.014, +0.056, +0.055, +0.043, -0.001, +0.023, +0.030, +0.009, -0.051
 Station 12 lower 8 3 X-correction
 -0.190, -0.189, -0.181, -0.194, -0.154, -0.149, -0.155, -0.150, -0.119, -0.115, -0.098, -0.061, -0.056, -0.076, -0.136, -0.267, -0.134, -0.171, -0.215, -0.265, -0.165, -0.172, -0.218, -0.281
 * --- Y-corrections ---
 Station 6 upper 8 3 Y-correction
 +0.000, +0.000, +0.000, +0.000, +0.000, +0.000, -0.207, -0.172, +0.000, -0.079, +0.832, +0.119, +0.233, +0.176, +0.185, +0.000, +0.137, +0.110, +0.000, +0.000, +0.000, +0.000, +0.000, +0.000
 Station 7 upper 8 3 Y-correction
 +0.000, +0.000, +0.000, +0.183, +0.000, +0.241, +0.186, +0.125, +0.000, +0.259, +0.088, +0.091, +0.033, -0.034, -0.270, +0.000, -0.121, -0.218, -0.219, +0.000, +0.018, -0.125, +0.000, +0.000
 Station 8 upper 8 3 Y-correction
 -0.279, -0.222, -0.154, -0.266, -0.216, -0.227, -0.193, -0.266, -0.201, -0.261, -0.041, -0.088, +0.177, +0.113, +0.106, +0.031, +0.178, +0.098, +0.077, +0.078, +0.103, +0.015, -0.014, -0.030
 Station 9 upper 8 3 Y-correction
 +0.227, +0.172, +0.108, -0.029, +0.010, +0.046, +0.031, -0.051, -0.043, -0.041, -0.044, -0.119, -0.170, -0.193, -0.328, -0.388, -0.258, -0.307, -0.338, -0.349, -0.182, -0.280, -0.326, -0.383
 Station 10 upper 8 3 Y-correction
 -0.020, +0.040, +0.010, -0.048, -0.112, -0.048, -0.037, -0.084, -0.154, -0.077, +0.070, +0.044, +0.037, +0.081, +0.159, +0.219, +0.093, +0.161, +0.207, +0.277, +0.143, +0.193, +0.217, +0.285
 Station 11 upper 8 3 Y-correction
 +0.328, +0.311, +0.268, +0.237, +0.232, +0.245, +0.225, +0.202, +0.176, +0.195, +0.159, +0.115, -0.029, -0.040, -0.113, -0.222, -0.112, -0.156, -0.178, -0.209, +0.062, -0.094, -0.148, -0.217
 Station 12 upper 8 3 Y-correction
 +0.267, +0.197, +0.173, +0.119, +0.237, +0.117, +0.112, +0.051, +0.202, +0.051, +0.163, +0.136, +0.094, +0.224, +0.205, +0.279, +0.178, +0.320, +0.302, +0.294, +0.229, +0.377, +0.363, +0.334
 Station 6 lower 8 3 Y-correction
 +0.000, +0.000, +0.000, +0.000, +0.000, +0.000, +0.135, +0.109, +0.000, +0.071, -0.271, -0.226, -0.586, -0.601, -0.488, +0.000, +0.051, +0.064, -0.010, +0.000, +0.000, +0.000, +0.000, +0.000
 Station 7 lower 8 3 Y-correction
 +0.000, +0.126, +0.104, +0.015, +0.038, -0.075, +0.020, +0.059, -0.079, -0.056, -0.635, -0.517, +0.014, -0.038, +0.303, +0.389, +0.309, +0.355, +0.386, +0.517, +0.385, +0.507, +0.573, +0.256
 Station 8 lower 8 3 Y-correction
 +0.092, +0.216, +0.292, +0.315, +0.093, +0.191, +0.281, +0.340, +0.079, +0.133, -0.110, -0.011, -0.448, -0.565, +0.066, +0.111, +0.172, +0.152, +0.180, +0.259, +0.204, +0.160, +0.176, +0.272
 Station 9 lower 8 3 Y-correction
 +0.043, +0.039, +0.070, +0.078, +0.023, +0.007, +0.090, +0.118, -0.044, +0.000, -0.488, -0.404, +0.038, -0.007, +0.198, +0.342, +0.255, +0.288, +0.308, +0.383, +0.265, +0.354, +0.381, +0.413
 Station 10 lower 8 3 Y-correction
 +0.002, +0.073, +0.168, +0.234, +0.040, +0.165, +0.300, +0.367, +0.096, +0.182, +0.084, +0.207, -0.385, -0.427, +0.043, +0.108, +0.133, +0.072, +0.029, +0.120, +0.069, +0.022, +0.051, +0.173
 Station 11 lower 8 3 Y-correction
 -0.060, +0.030, +0.094, +0.132, +0.021, +0.093, +0.198, +0.262, +0.019, +0.068, -0.259, -0.165, +0.083, +0.053, +0.142, +0.304, +0.266, +0.326, +0.318, +0.321, +0.205, +0.281, +0.269, +0.341
 Station 12 lower 8 3 Y-correction
 +0.298, +0.314, +0.335, +0.345, +0.297, +0.345, +0.418, +0.441, +0.266, +0.261, +0.266, +0.282, -0.403, -0.498, -0.414, -0.005, +0.161, +0.047, +0.091, +0.030, +0.132, +0.002, +0.010, +0.026
