# Hit corrections for Monte Carlo
# Tuning was done for "golden" runs 7830 - 
# Stat pmin(MeV/c) pmax ampl1 shift1(cm) sigma1(cm) ampl2 shift2(cm) sigma2(cm) coord.(X or Y)
# or Stat1-Stat2 pmin(MeV/c) pmax ampl1 shift1(cm) sigma1(cm) ...
# Si #
1         0   500 0.704 -0.001 0.012 0.250 -0.001 0.018 X
2         0   500 0.685  0.000 0.006 0.266  0.000 0.008 X
3         0   500 0.666  0.000 0.007 0.281  0.000 0.011 X
4         0   500 0.819  0.000 0.008 0.139  0.000 0.018 X
#
1       500  1000 0.639 -0.001 0.006 0.319 -0.001 0.005 X
2       500  1000 0.796  0.000 0.004 0.155  0.000 0.007 X
3       500  1000 0.808  0.000 0.003 0.176  0.000 0.006 X
4       500  1000 0.899  0.000 0.005 0.057  0.000 0.020 X
#
1      1000  2000 0.658  0.000 0.004 0.329  0.000 0.003 X
2      1000  2000 0.863  0.000 0.003 0.135  0.000 0.006 X
3      1000  2000 0.818  0.000 0.002 0.198  0.000 0.004 X
4      1000  2000 0.893  0.000 0.004 0.062  0.000 0.018 X
#
1      2000 99999 0.673  0.000 0.003 0.336  0.000 0.003 X
2      2000 99999 0.951  0.000 0.002 0.087  0.000 0.003 X
3      2000 99999 0.910  0.000 0.002 0.142  0.000 0.000 X
4      2000 99999 0.884  0.000 0.003 0.073  0.000 0.013 X
#
1         0 99999 0.656  0.010 0.026 0.328  0.010 0.028 Y
2         0 99999 0.746  0.006 0.019 0.237  0.006 0.018 Y
3         0 99999 0.719  0.004 0.017 0.267  0.004 0.017 Y
4         0 99999 0.798  0.005 0.017 0.170  0.005 0.000 Y
# 
1      -500     0 0.642  0.001 0.012 0.307  0.001 0.010 X
2      -500     0 0.693  0.000 0.008 0.264  0.000 0.011 X
3      -500     0 0.683  0.000 0.008 0.280  0.000 0.011 X
4      -500     0 0.832  0.000 0.010 0.136  0.000 0.020 X
#
1     -1000  -500 0.650  0.001 0.005 0.325  0.001 0.006 X
2     -1000  -500 0.800  0.000 0.004 0.160  0.000 0.006 X
3     -1000  -500 0.809  0.000 0.005 0.174  0.000 0.007 X
4     -1000  -500 0.922  0.000 0.007 0.053  0.000 0.025 X
#
1     -2000 -1000 0.645  0.001 0.004 0.322  0.001 0.003 X
2     -2000 -1000 0.852  0.000 0.003 0.162  0.000 0.003 X
3     -2000 -1000 0.814  0.000 0.003 0.192  0.000 0.004 X
4     -2000 -1000 0.907  0.000 0.005 0.057  0.000 0.022 X
#
1    -99999 -2000 0.924  0.000 0.006 0.000  0.000 0.022 X
2    -99999 -2000 0.797  0.000 0.002 0.200  0.000 0.000 X
3    -99999 -2000 0.728  0.000 0.003 0.285  0.000 0.000 X
4    -99999 -2000 0.866  0.000 0.004 0.076  0.000 0.013 X
#
1    -99999     0 0.652 -0.013 0.042 0.326 -0.013 0.040 Y
2    -99999     0 0.691 -0.009 0.021 0.290 -0.009 0.019 Y
3    -99999     0 0.661 -0.004 0.022 0.331 -0.004 0.028 Y
4    -99999     0 0.751 -0.001 0.021 0.224 -0.001 0.022 Y
# GEM #
5         0   500 0.862  0.000 0.012 0.083  0.000 0.064 X
6         0   500 0.808  0.001 0.011 0.148  0.001 0.054 X
7         0   500 0.752 -0.002 0.007 0.203 -0.002 0.053 X
8         0   500 0.687  0.002 0.006 0.234  0.002 0.050 X
9         0   500 0.646 -0.001 0.036 0.242 -0.001 0.040 X
10        0   500 0.695 -0.006 0.063 0.167 -0.006 0.188 X
11        0   500 0.540  0.003 0.112 0.100  0.003 0.000 X
#
5       500  1000 0.912 -0.001 0.013 0.060 -0.001 0.031 X
6       500  1000 0.911  0.000 0.016 0.061  0.000 0.046 X
7       500  1000 0.879 -0.001 0.018 0.066 -0.001 0.067 X
8       500  1000 0.855  0.004 0.018 0.088  0.004 0.054 X
9       500  1000 0.828 -0.003 0.024 0.095 -0.003 0.060 X
10      500  1000 0.795 -0.006 0.023 0.101 -0.006 0.064 X
11      500  1000 0.697  0.019 0.041 0.245  0.019 0.102 X
#
5      1000  2000 0.878  0.000 0.011 0.066  0.000 0.025 X
6      1000  2000 0.900  0.000 0.014 0.045  0.000 0.048 X
7      1000  2000 0.897 -0.001 0.013 0.035 -0.001 0.047 X
8      1000  2000 0.881  0.002 0.012 0.045  0.002 0.043 X
9      1000  2000 0.884 -0.001 0.013 0.046 -0.001 0.039 X
10     1000  2000 0.863 -0.003 0.007 0.058 -0.003 0.034 X
11     1000  2000 0.862  0.008 0.021 0.079  0.008 0.063 X
#
5      2000 99999 0.832  0.000 0.008 0.115  0.000 0.020 X
6      2000 99999 0.855  0.000 0.011 0.088  0.000 0.021 X
7      2000 99999 0.887  0.000 0.009 0.043  0.000 0.018 X
8      2000 99999 0.906  0.000 0.005 0.042  0.000 0.000 X
9      2000 99999 0.928  0.000 0.005 0.017  0.000 0.000 X
10     2000 99999 0.927  0.000 0.000 0.027  0.000 0.000 X
11     2000 99999 0.879  0.000 0.008 0.059  0.000 0.018 X
#
5         0 99999 0.805 -0.001 0.045 0.112 -0.001 0.087 Y
6         0 99999 0.808 -0.005 0.042 0.084 -0.005 0.081 Y
7         0 99999 0.806 -0.005 0.033 0.096 -0.005 0.054 Y
8         0 99999 0.812 -0.002 0.021 0.123 -0.002 0.013 Y
9         0 99999 0.836  0.002 0.020 0.120  0.002 0.022 Y
10        0 99999 0.829  0.005 0.016 0.112  0.005 0.000 Y
11        0 99999 0.821  0.012 0.027 0.121  0.012 0.055 Y
#
5      -500     0 0.843  0.000 0.019 0.094  0.000 0.080 X
6      -500     0 0.803 -0.001 0.016 0.163 -0.001 0.087 X
7      -500     0 0.731  0.001 0.025 0.206  0.001 0.058 X
8      -500     0 0.684 -0.006 0.032 0.244 -0.006 0.077 X
9      -500     0 0.687  0.002 0.049 0.223  0.002 0.103 X
10     -500     0 0.669  0.009 0.049 0.202  0.009 0.029 X
11     -500     0 0.571 -0.122 0.150 0.126 -0.122 1.000 X
#
5     -1000  -500 0.881  0.000 0.015 0.058  0.000 0.047 X
6     -1000  -500 0.886 -0.001 0.017 0.066 -0.001 0.064 X
7     -1000  -500 0.876  0.002 0.021 0.064  0.002 0.073 X
8     -1000  -500 0.839 -0.002 0.020 0.096 -0.002 0.048 X
9     -1000  -500 0.813  0.003 0.025 0.117  0.003 0.056 X
10    -1000  -500 0.794  0.010 0.029 0.106  0.010 0.083 X
11    -1000  -500 0.776 -0.054 0.058 0.177 -0.054 0.115 X
#
5     -2000 -1000 0.876  0.000 0.013 0.071  0.000 0.033 X
6     -2000 -1000 0.866 -0.001 0.017 0.064 -0.001 0.050 X
7     -2000 -1000 0.888  0.000 0.018 0.031  0.000 0.067 X
8     -2000 -1000 0.848 -0.001 0.017 0.037 -0.001 0.062 X
9     -2000 -1000 0.853  0.003 0.017 0.044  0.003 0.058 X
10    -2000 -1000 0.843  0.008 0.015 0.062  0.008 0.045 X
11    -2000 -1000 0.839 -0.027 0.033 0.072 -0.027 0.084 X
#
5    -99999 -2000 0.824  0.000 0.012 0.113  0.000 0.010 X
6    -99999 -2000 0.805  0.000 0.019 0.090  0.000 0.021 X
7    -99999 -2000 0.860  0.000 0.022 0.027  0.000 0.077 X
8    -99999 -2000 0.815 -0.001 0.021 0.027 -0.001 0.063 X
9    -99999 -2000 0.814  0.002 0.023 0.023  0.002 0.090 X
10   -99999 -2000 0.755  0.003 0.024 0.038  0.003 0.064 X
11   -99999 -2000 0.824 -0.012 0.039 0.074 -0.012 0.066 X
#
5    -99999     0 0.797  0.005 0.064 0.087  0.005 0.141 Y
6    -99999     0 0.796  0.008 0.062 0.105  0.008 0.126 Y
7    -99999     0 0.797  0.006 0.065 0.092  0.006 0.127 Y
8    -99999     0 0.756  0.000 0.055 0.142  0.000 0.083 Y
9    -99999     0 0.747 -0.007 0.053 0.160 -0.007 0.081 Y
10   -99999     0 0.753 -0.030 0.050 0.138 -0.030 0.084 Y
11   -99999     0 0.752 -0.074 0.061 0.192 -0.074 0.072 Y

