[VERSION]
id = 1.0

[COMMENT]
str = void

[CHECKER]
isWriteWfm = 0   # write waveforms for debug

[PARAMETERS]
gateBegin = 10
gateEnd = 200
threshold = 0      # 0.1      # absolute value. To be compared to calibrated value of nDet.fSignal 
signalType = 0   # (0 - max. 1 - integral)
doInvert = 1      # invert signal
applyINLcorr = 1    # apply INL corrections for tdc
applyAmplCalib = 1   # 1 - apply calibration, 0 - not 
applyTimeCalib = 1   # 1 - apply calibration, 0 - not 

[FITPARAMETERS]
# fit parameters for Prony fit
isfit = 1      # apply fit
harmonic = 0.44
harmonic = 0.70
harmonic = 0.89

[CALIBRATION]
# calibration of channel. Calibration multiplied by signal. Time = time - TimeShift - (SlewingP1/sqrt(signal + SlewingP2) + SlewingP3).
#       DetectorId    LayerId    RowId    ColumnId    Calibration    CalibError    SlewingP1    SlewingP2    SlewingP3    TimeShift
#==========================================================================================================

calib  =  0   1   1   1   0.000236092   0.0   1.901   1.40E-14   -1.543   2.522
calib  =  0   1   1   2   0.000226619   0.0   1.974   2.61E-14   -1.557   2.703
calib  =  0   1   1   3   0.000242202   0.0   2.045   7.53E-14   -1.612   2.536
calib  =  0   1   2   1   0.000218885   0.0   2.002   2.33E-14   -1.585   3.023
calib  =  0   1   2   2   0.000274527   0.0   2.517   4.81E-13   -2.012   3.306
calib  =  0   1   2   3   0.000261967   0.0   2.226   2.75E-10   -1.777   3.209
calib  =  0   1   3   1   0.000207547   0.0   1.851   3.03E-11   -1.463   3.360
calib  =  0   1   3   2   0.000219436   0.0   1.877   1.93E-12   -1.461   3.951
calib  =  0   1   3   3   0.000200982   0.0   1.798   8.99E-15   -1.407   3.258
calib  =  0   2   1   1   0.000238233   0.0   2.598   8.72E-03   -1.927   2.508
calib  =  0   2   1   2   0.000238425   0.0   2.859   1.28E-12   -2.091   2.843
calib  =  0   2   1   3   0.000245033   0.0   2.893   1.19E-11   -2.120   2.955
calib  =  0   2   2   1   0.000189404   0.0   2.845   1.21E-01   -2.076   2.337
calib  =  0   2   2   2   0.000200654   0.0   2.855   4.02E-11   -2.113   2.706
calib  =  0   2   2   3   0.000325613   0.0   4.469   4.91E-13   -3.252   3.858
calib  =  0   2   3   1   0.000147861   0.0   2.816   2.03E-01   -2.023   2.337
calib  =  0   2   3   2   0.000204572   0.0   2.670   3.60E-11   -1.949   2.842
calib  =  0   2   3   3   0.000214040   0.0   2.654   1.75E-12   -1.927   2.630
calib  =  0   3   1   1   0.000000000   0.0   0.000   0.00E+00   0.000   0.000
calib  =  0   3   1   2   0.000273961   0.0   4.365   5.98E-14   -2.964   4.749
calib  =  0   3   1   3   0.000264577   0.0   4.610   2.40E-12   -3.547   5.210
calib  =  0   3   2   1   0.000227027   0.0   4.061   1.87E-14   -3.181   5.223
calib  =  0   3   2   2   0.000219714   0.0   4.217   1.71E-10   -3.383   5.584
calib  =  0   3   2   3   0.000218122   0.0   4.528   6.81E-10   -3.484   5.533
calib  =  0   3   3   1   0.000245161   0.0   4.554   1.63E-11   -3.616   5.855
calib  =  0   3   3   2   0.000274427   0.0   5.297   1.32E-12   -3.809   5.899
calib  =  0   3   3   3   0.000204327   0.0   4.159   4.83E-14   -3.334   5.763
calib  =  0   4   1   1   0.000222029   0.0   3.956   3.18E-02   -3.278   5.153
calib  =  0   4   1   2   0.000342733   0.0   4.563   5.67E-11   -3.390   5.486
calib  =  0   4   1   3   0.000227845   0.0   4.011   3.19E-11   -3.498   5.557
calib  =  0   4   2   1   0.000228165   0.0   4.176   2.33E-10   -3.328   5.285
calib  =  0   4   2   2   0.000360052   0.0   6.142   6.77E-13   -4.134   5.915
calib  =  0   4   2   3   0.000342312   0.0   4.885   2.37E-12   -3.362   5.861
calib  =  0   4   3   1   0.000240816   0.0   4.332   2.32E-09   -3.481   5.684
calib  =  0   4   3   2   0.000229588   0.0   4.326   9.61E-11   -3.816   6.257
calib  =  0   4   3   3   0.000281670   0.0   4.223   4.32E-12   -3.434   6.196
calib  =  0   5   1   1   0.000238736   0.0   2.896   7.08E-02   -2.085   3.594
calib  =  0   5   1   2   0.000253307   0.0   2.765   2.53E-12   -2.059   3.392
calib  =  0   5   1   3   0.000245799   0.0   2.707   6.80E-11   -2.112   3.136
calib  =  0   5   2   1   0.000217398   0.0   2.761   1.70E-01   -1.980   3.530
calib  =  0   5   2   2   0.000236663   0.0   2.879   2.13E-13   -2.063   3.645
calib  =  0   5   2   3   0.000254529   0.0   2.937   4.98E-11   -2.114   3.513
calib  =  0   5   3   1   0.000262420   0.0   4.930   9.15E-11   -3.499   4.875
calib  =  0   5   3   2   0.000138616   0.0   2.015   3.66E-09   -1.553   3.460
calib  =  0   5   3   3   0.000249539   0.0   2.891   4.04E-09   -2.154   3.925
calib  =  0   6   1   1   0.000195046   0.0   2.772   1.92E-01   -1.950   2.856
calib  =  0   6   1   2   0.000232848   0.0   2.649   2.43E-09   -1.939   3.726
calib  =  0   6   1   3   0.000243776   0.0   2.899   1.15E-10   -2.243   4.073
calib  =  0   6   2   1   0.000170914   0.0   2.961   2.94E-01   -2.084   3.306
calib  =  0   6   2   2   0.000195521   0.0   2.570   2.33E-09   -1.884   3.935
calib  =  0   6   2   3   0.000207428   0.0   2.540   2.92E-09   -1.949   4.164
calib  =  0   6   3   1   0.000240230   0.0   2.768   5.15E-02   -2.048   4.074
calib  =  0   6   3   2   0.000172316   0.0   2.320   1.52E-08   -1.728   3.861
calib  =  0   6   3   3   0.000204709   0.0   2.562   9.47E-03   -1.895   4.050
calib  =  0   7   1   1   0.000186012   0.0   4.104   7.85E-01   -2.571   2.916
calib  =  0   7   1   2   0.000218120   0.0   2.544   4.56E-09   -1.868   3.285
calib  =  0   7   1   3   0.000211938   0.0   2.587   1.60E-11   -2.096   4.006
calib  =  0   7   2   1   0.000316897   0.0   3.150   1.63E-10   -2.214   4.021
calib  =  0   7   2   2   0.000308837   0.0   3.264   2.58E-10   -2.329   5.089
calib  =  0   7   2   3   0.000192724   0.0   2.463   4.22E-10   -1.808   3.906
calib  =  0   7   3   1   0.000180734   0.0   2.870   2.41E-01   -2.171   4.432
calib  =  0   7   3   2   0.000217873   0.0   2.631   2.28E-12   -2.070   4.418
calib  =  0   7   3   3   0.000174243   0.0   2.298   2.79E-10   -1.696   3.724
calib  =  0   8   1   1   0.000206453   0.0   3.033   2.43E-01   -2.109   3.890
calib  =  0   8   1   2   0.000187979   0.0   2.737   2.60E-13   -2.033   4.050
calib  =  0   8   1   3   0.000210298   0.0   2.494   2.28E-09   -2.083   3.769
calib  =  0   8   2   1   0.000164040   0.0   3.808   6.82E-01   -2.484   4.736
calib  =  0   8   2   2   0.000232542   0.0   3.199   1.56E-10   -2.347   4.584
calib  =  0   8   2   3   0.000189408   0.0   2.404   8.69E-11   -1.777   3.729
calib  =  0   8   3   1   0.000184028   0.0   2.574   9.09E-02   -1.874   3.716
calib  =  0   8   3   2   0.000152433   0.0   2.367   1.10E-01   -1.860   4.088
calib  =  0   8   3   3   0.000191302   0.0   2.346   7.54E-11   -1.736   4.068
calib  =  0   9   1   1   0.000188242   0.0   4.427   2.52E-01   -3.673   5.870
calib  =  0   9   1   2   0.000182831   0.0   3.197   3.56E-03   -2.515   4.850
calib  =  0   9   1   3   0.000169980   0.0   3.505   5.17E-10   -2.885   5.697
calib  =  0   9   2   1   0.000177660   0.0   4.586   2.86E-01   -3.404   5.807
calib  =  0   9   2   2   0.000339159   0.0   4.850   4.13E-13   -3.365   5.847
calib  =  0   9   2   3   0.000152645   0.0   3.439   1.44E-10   -2.868   5.777
calib  =  0   9   3   1   0.000164036   0.0   4.873   3.86E-01   -3.523   6.001
calib  =  0   9   3   2   0.000000000   0.0   0.000   0.00E+00   0.000   0.000
calib  =  0   9   3   3   0.000205198   0.0   3.882   8.70E-10   -3.042   6.020
calib  =  0   10   1   1   0.000239363   0.0   3.451   2.61E-01   -2.495   3.991
calib  =  0   10   1   2   0.000222342   0.0   2.694   1.34E-09   -2.470   3.843
calib  =  0   10   1   3   0.000213342   0.0   2.632   1.79E-07   -2.123   4.130
calib  =  0   10   2   1   0.000248363   0.0   3.241   1.38E-01   -2.464   4.539
calib  =  0   10   2   2   0.000195069   0.0   2.769   3.74E-11   -2.098   4.050
calib  =  0   10   2   3   0.000443001   0.0   4.806   2.25E-11   -3.458   5.395
calib  =  0   10   3   1   0.000087616   0.0   6.089   2.13E+00   -3.188   3.731
calib  =  0   10   3   2   0.000234450   0.0   2.808   1.81E-12   -2.151   4.103
calib  =  0   10   3   3   0.000237145   0.0   2.692   3.38E-10   -1.998   5.266
calib  =  0   11   1   1   0.000205213   0.0   3.226   2.97E-01   -2.294   3.441
calib  =  0   11   1   2   0.000211924   0.0   2.481   3.27E-11   -1.828   4.186
calib  =  0   11   1   3   0.000203712   0.0   2.777   9.54E-02   -2.238   3.552
calib  =  0   11   2   1   0.000127146   0.0   5.101   1.18E+00   -3.108   3.532
calib  =  0   11   2   2   0.000212781   0.0   2.613   3.86E-11   -1.964   3.568
calib  =  0   11   2   3   0.000262171   0.0   2.985   7.32E-11   -2.372   3.931
calib  =  0   11   3   1   0.000186272   0.0   3.523   4.68E-01   -2.393   3.759
calib  =  0   11   3   2   0.000000000   0.0   0.000   0.00E+00   0.000   0.000
calib  =  0   11   3   3   0.000215594   0.0   2.666   2.60E-02   -2.204   4.337
calib  =  0   12   1   1   0.000231246   0.0   3.766   4.36E-01   -2.579   3.891
calib  =  0   12   1   2   0.000215991   0.0   2.645   4.60E-09   -2.044   3.733
calib  =  0   12   1   3   0.000197586   0.0   2.896   1.82E-01   -2.245   4.031
calib  =  0   12   2   1   0.000203645   0.0   5.582   1.25E+00   -3.248   4.203
calib  =  0   12   2   2   0.000203013   0.0   2.348   1.53E-11   -1.753   3.946
calib  =  0   12   2   3   0.000236471   0.0   2.845   1.68E-10   -2.305   4.245
calib  =  0   12   3   1   0.000133747   0.0   6.036   1.74E+00   -3.339   3.978
calib  =  0   12   3   2   0.000256118   0.0   2.845   8.19E-11   -2.092   4.392
calib  =  0   12   3   3   0.000188730   0.0   2.804   1.84E-01   -2.259   4.453
calib  =  0   13   1   1   0.000240361   0.0   3.456   2.35E-01   -2.517   3.783
calib  =  0   13   1   2   0.000193658   0.0   2.610   7.04E-02   -1.949   3.511
calib  =  0   13   1   3   0.000244667   0.0   2.809   3.44E-07   -2.310   4.306
calib  =  0   13   2   1   0.000193179   0.0   4.198   6.17E-01   -3.073   4.423
calib  =  0   13   2   2   0.000359620   0.0   3.970   2.46E-10   -2.783   4.175
calib  =  0   13   2   3   0.000215077   0.0   2.579   4.81E-10   -2.149   4.075
calib  =  0   13   3   1   0.000208876   0.0   5.175   9.39E-01   -3.266   4.309
calib  =  0   13   3   2   0.000236884   0.0   2.803   2.14E-08   -2.135   4.292
calib  =  0   13   3   3   0.000206707   0.0   2.826   6.66E-02   -2.300   3.374
calib  =  0   14   1   1   0.000215461   0.0   3.164   3.03E-01   -2.223   3.641
calib  =  0   14   1   2   0.000203075   0.0   2.517   4.16E-02   -1.868   3.677
calib  =  0   14   1   3   0.000199553   0.0   2.659   6.38E-02   -2.261   3.585
calib  =  0   14   2   1   0.000233804   0.0   3.604   2.88E-01   -2.554   3.915
calib  =  0   14   2   2   0.000209082   0.0   2.586   7.89E-11   -1.870   3.802
calib  =  0   14   2   3   0.000199276   0.0   2.801   4.17E-10   -2.771   4.243
calib  =  0   14   3   1   0.000205591   0.0   4.373   6.61E-01   -2.882   4.213
calib  =  0   14   3   2   0.000204404   0.0   3.660   4.12E-01   -2.565   4.530
calib  =  0   14   3   3   0.000207857   0.0   2.582   3.60E-02   -2.306   4.308
calib  =  0   15   1   1   0.000192590   0.0   4.062   1.58E-01   -3.043   4.839
calib  =  0   15   1   2   0.000293356   0.0   4.045   7.09E-11   -3.012   4.832
calib  =  0   15   1   3   0.000215990   0.0   3.844   1.91E-10   -2.887   4.832
calib  =  0   15   2   1   0.000362270   0.0   6.270   1.14E-10   -4.372   6.182
calib  =  0   15   2   2   0.000329178   0.0   5.305   1.42E-09   -3.892   5.632
calib  =  0   15   2   3   0.000252104   0.0   4.552   3.10E-11   -3.304   5.479
calib  =  0   15   3   1   0.000183175   0.0   3.307   1.86E-09   -2.332   5.467
calib  =  0   15   3   2   0.000198083   0.0   3.476   7.99E-15   -2.644   5.308
calib  =  0   15   3   3   0.000176279   0.0   3.515   1.01E-08   -2.753   5.197
calib  =  0   16   1   1   1.000000000   0.0   0.000   0.00E+00   0.000   0.000
calib  =  0   16   1   2   1.000000000   0.0   0.000   0.00E+00   0.000   0.000
calib  =  0   16   1   3   1.000000000   0.0   0.000   0.00E+00   0.000   0.000
calib  =  0   16   2   1   1.000000000   0.0   0.000   0.00E+00   0.000   0.000
calib  =  0   16   2   2   1.000000000   0.0   0.000   0.00E+00   0.000   0.000
calib  =  0   16   2   3   1.000000000   0.0   0.000   0.00E+00   0.000   0.000
calib  =  0   16   3   1   1.000000000   0.0   0.000   0.00E+00   0.000   0.000
calib  =  0   16   3   2   1.000000000   0.0   0.000   0.00E+00   0.000   0.000
calib  =  0   16   3   3   1.000000000   0.0   0.000   0.00E+00   0.000   0.000
calib  =  0   17   1   1   1.000000000   0.0   0.000   0.00E+00   0.000   0.000
