 l   0   0    0.00    0.00
 g   0   0    0.00    0.00
 l   0   1    0.00    0.00
 g   0   1    0.00    0.00
 l   0   2    0.00    0.00
 g   0   2    0.00    0.00
 l   0   3    0.00    0.00
 g   0   3    0.00    0.00
 l   0   4    0.00    0.00
 g   0   4    0.00    0.00
 l   0   5    0.00    0.00
 g   0   5    0.00    0.00
 l   0   6    0.00    0.00
 g   0   6    0.00    0.00
 l   0   7    0.00    0.00
 g   0   7    0.00    0.00
 l   0   8    0.00    0.00
 g   0   8    0.00    0.00
 l   0   9    0.00    0.00
 g   0   9    0.00    0.00
 l   0  10    0.00    0.00
 g   0  10    0.00    0.00
 l   0  11    0.00    0.00
 g   0  11    0.00    0.00
 l   0  12    0.00    0.00
 g   0  12    0.00    0.00
 l   0  13    0.00    0.00
 g   0  13    0.00    0.00
 l   0  14    0.00    0.00
 g   0  14    0.00    0.00
 l   0  15    0.00    0.00
 g   0  15    0.00    0.00
 l   0  16    0.00    0.00
 g   0  16    0.00    0.00
 l   0  17    0.00    0.00
 g   0  17    0.00    0.00
 l   0  18    0.00    0.00
 g   0  18    0.00    0.00
 l   0  19    0.00    0.00
 g   0  19    0.00    0.00
 l   0  20    0.00    0.00
 g   0  20    0.00    0.00
 l   0  21    0.00    0.00
 g   0  21    0.00    0.00
 l   0  22    0.00    0.00
 g   0  22    0.00    0.00
 l   0  23    0.00    0.00
 g   0  23    0.00    0.00
 l   0  24    0.00    0.00
 g   0  24    0.00    0.00
 l   0  25    0.00    0.00
 g   0  25    0.00    0.00
 l   0  26    0.00    0.00
 g   0  26    0.00    0.00
 l   0  27    0.00    0.00
 g   0  27    0.00    0.00
 l   0  28    0.00    0.00
 g   0  28    0.00    0.00
 l   0  29    0.00    0.00
 g   0  29    0.00    0.00
 l   0  30    0.00    0.00
 g   0  30    0.00    0.00
 l   0  31    0.00    0.00
 g   0  31    0.00    0.00
 l   1   0    0.00    0.00
 g   1   0    0.00    0.00
 l   1   1    0.00    0.00
 g   1   1    0.00    0.00
 l   1   2    0.00    0.00
 g   1   2    0.00    0.00
 l   1   3    0.00    0.00
 g   1   3    0.00    0.00
 l   1   4    0.00    0.00
 g   1   4    0.00    0.00
 l   1   5    0.00    0.00
 g   1   5    0.00    0.00
 l   1   6    0.00    0.00
 g   1   6    0.00    0.00
 l   1   7    0.00    0.00
 g   1   7    0.00    0.00
 l   1   8    0.00    0.00
 g   1   8    0.00    0.00
 l   1   9    0.00    0.00
 g   1   9    0.00    0.00
 l   1  10    0.00    0.00
 g   1  10    0.00    0.00
 l   1  11    0.00    0.00
 g   1  11    0.00    0.00
 l   1  12    0.00    0.00
 g   1  12    0.00    0.00
 l   1  13    0.00    0.00
 g   1  13    0.00    0.00
 l   1  14    0.00    0.00
 g   1  14    0.00    0.00
 l   1  15    0.00    0.00
 g   1  15    0.00    0.00
 l   1  16    0.00    0.00
 g   1  16    0.00    0.00
 l   1  17    0.00    0.00
 g   1  17    0.00    0.00
 l   1  18    0.00    0.00
 g   1  18    0.00    0.00
 l   1  19    0.00    0.00
 g   1  19    0.00    0.00
 l   1  20    0.00    0.00
 g   1  20    0.00    0.00
 l   1  21    0.00    0.00
 g   1  21    0.00    0.00
 l   1  22    0.00    0.00
 g   1  22    0.00    0.00
 l   1  23    0.00    0.00
 g   1  23    0.00    0.00
 l   1  24    0.00    0.00
 g   1  24    0.00    0.00
 l   1  25    0.00    0.00
 g   1  25    0.00    0.00
 l   1  26    0.00    0.00
 g   1  26    0.00    0.00
 l   1  27    0.00    0.00
 g   1  27    0.00    0.00
 l   1  28    0.00    0.00
 g   1  28    0.00    0.00
 l   1  29    0.00    0.00
 g   1  29    0.00    0.00
 l   1  30    0.00    0.00
 g   1  30    0.00    0.00
 l   1  31    0.00    0.00
 g   1  31    0.00    0.00
 l   2   0    0.00    0.00
 g   2   0    0.00    0.00
 l   2   1   -1.43    7.95
 g   2   1   57.97    7.95
 l   2   2   -1.24    8.41
 g   2   2   58.16    8.41
 l   2   3   -1.37    8.36
 g   2   3   58.03    8.36
 l   2   4   -1.17    8.41
 g   2   4   58.23    8.41
 l   2   5   -1.06    8.17
 g   2   5   58.34    8.17
 l   2   6   -1.17    8.31
 g   2   6   58.23    8.31
 l   2   7   -1.30    8.23
 g   2   7   58.10    8.23
 l   2   8   -0.70    8.37
 g   2   8   58.70    8.37
 l   2   9   -0.86    8.13
 g   2   9   58.54    8.13
 l   2  10   -1.15    8.25
 g   2  10   58.25    8.25
 l   2  11   -0.81    8.54
 g   2  11   58.59    8.54
 l   2  12   -0.98    8.32
 g   2  12   58.42    8.32
 l   2  13   -1.23    8.20
 g   2  13   58.17    8.20
 l   2  14   -1.16    8.09
 g   2  14   58.24    8.09
 l   2  15   -0.71    8.45
 g   2  15   58.69    8.45
 l   2  16   -1.00    8.40
 g   2  16   58.40    8.40
 l   2  17   -0.86    8.32
 g   2  17   58.54    8.32
 l   2  18   -0.79    8.23
 g   2  18   58.61    8.23
 l   2  19   -0.93    8.58
 g   2  19   58.47    8.58
 l   2  20   -0.51    8.30
 g   2  20   58.89    8.30
 l   2  21   -0.90    8.11
 g   2  21   58.50    8.11
 l   2  22   -0.74    8.30
 g   2  22   58.66    8.30
 l   2  23    0.26    8.48
 g   2  23   59.66    8.48
 l   2  24    0.15    8.40
 g   2  24   59.55    8.40
 l   2  25    2.74    2.02
 g   2  25   62.14    2.02
 l   2  26    0.77    6.14
 g   2  26   60.17    6.14
 l   2  27   -0.70    8.62
 g   2  27   58.70    8.62
 l   2  28   -0.29    8.69
 g   2  28   59.11    8.69
 l   2  29    0.56    8.61
 g   2  29   59.96    8.61
 l   2  30    0.36    8.58
 g   2  30   59.76    8.58
 l   2  31   -0.25    7.73
 g   2  31   59.15    7.73
 l   3   0    0.00    0.00
 g   3   0    0.00    0.00
 l   3   1   -0.48    8.23
 g   3   1   89.22    8.23
 l   3   2   -0.15    8.13
 g   3   2   89.55    8.13
 l   3   3   -0.19    8.19
 g   3   3   89.51    8.19
 l   3   4   -0.57    8.38
 g   3   4   89.13    8.38
 l   3   5   -0.53    8.26
 g   3   5   89.17    8.26
 l   3   6   -0.61    8.22
 g   3   6   89.09    8.22
 l   3   7   -0.34    8.15
 g   3   7   89.36    8.15
 l   3   8    0.00    8.37
 g   3   8   89.70    8.37
 l   3   9   -0.09    8.45
 g   3   9   89.61    8.45
 l   3  10   -0.16    8.35
 g   3  10   89.54    8.35
 l   3  11   -0.05    8.58
 g   3  11   89.65    8.58
 l   3  12   -0.11    8.47
 g   3  12   89.59    8.47
 l   3  13   -0.32    8.34
 g   3  13   89.38    8.34
 l   3  14    0.26    8.49
 g   3  14   89.96    8.49
 l   3  15   -0.57    8.51
 g   3  15   89.13    8.51
 l   3  16    0.05    8.07
 g   3  16   89.75    8.07
 l   3  17    0.33    8.56
 g   3  17   90.03    8.56
 l   3  18   -0.71    8.55
 g   3  18   88.99    8.55
 l   3  19   -0.35    8.53
 g   3  19   89.35    8.53
 l   3  20   -0.25    8.69
 g   3  20   89.45    8.69
 l   3  21    0.79    8.33
 g   3  21   90.49    8.33
 l   3  22    1.23    8.53
 g   3  22   90.93    8.53
 l   3  23   -0.66    8.30
 g   3  23   89.04    8.30
 l   3  24    0.10    8.54
 g   3  24   89.80    8.54
 l   3  25    0.15    8.48
 g   3  25   89.85    8.48
 l   3  26    0.65    8.37
 g   3  26   90.35    8.37
 l   3  27    0.09    8.51
 g   3  27   89.79    8.51
 l   3  28   -0.46    8.54
 g   3  28   89.24    8.54
 l   3  29    1.00    8.22
 g   3  29   90.70    8.22
 l   3  30   -0.56    8.22
 g   3  30   89.14    8.22
 l   3  31   -0.21    7.40
 g   3  31   89.49    7.40
 l   4   0    0.00    0.00
 g   4   0    0.00    0.00
 l   4   1    0.00    0.00
 g   4   1    0.00    0.00
 l   4   2    0.00    0.00
 g   4   2    0.00    0.00
 l   4   3    0.00    0.00
 g   4   3    0.00    0.00
 l   4   4    0.00    0.00
 g   4   4    0.00    0.00
 l   4   5    0.00    0.00
 g   4   5    0.00    0.00
 l   4   6    0.00    0.00
 g   4   6    0.00    0.00
 l   4   7    0.00    0.00
 g   4   7    0.00    0.00
 l   4   8    0.00    0.00
 g   4   8    0.00    0.00
 l   4   9    0.00    0.00
 g   4   9    0.00    0.00
 l   4  10    0.00    0.00
 g   4  10    0.00    0.00
 l   4  11    0.00    0.00
 g   4  11    0.00    0.00
 l   4  12    0.00    0.00
 g   4  12    0.00    0.00
 l   4  13    0.00    0.00
 g   4  13    0.00    0.00
 l   4  14    0.00    0.00
 g   4  14    0.00    0.00
 l   4  15    0.00    0.00
 g   4  15    0.00    0.00
 l   4  16    0.00    0.00
 g   4  16    0.00    0.00
 l   4  17    0.00    0.00
 g   4  17    0.00    0.00
 l   4  18    0.00    0.00
 g   4  18    0.00    0.00
 l   4  19    0.00    0.00
 g   4  19    0.00    0.00
 l   4  20    0.00    0.00
 g   4  20    0.00    0.00
 l   4  21    0.00    0.00
 g   4  21    0.00    0.00
 l   4  22    0.00    0.00
 g   4  22    0.00    0.00
 l   4  23    0.00    0.00
 g   4  23    0.00    0.00
 l   4  24    0.00    0.00
 g   4  24    0.00    0.00
 l   4  25    0.00    0.00
 g   4  25    0.00    0.00
 l   4  26    0.00    0.00
 g   4  26    0.00    0.00
 l   4  27    0.00    0.00
 g   4  27    0.00    0.00
 l   4  28    0.00    0.00
 g   4  28    0.00    0.00
 l   4  29    0.00    0.00
 g   4  29    0.00    0.00
 l   4  30    0.00    0.00
 g   4  30    0.00    0.00
 l   4  31    0.00    0.00
 g   4  31    0.00    0.00
 l   5   0    0.00    0.00
 g   5   0    0.00    0.00
 l   5   1   -0.66   -7.82
 g   5   1   45.04   -7.82
 l   5   2   -0.35   -7.50
 g   5   2   45.35   -7.50
 l   5   3   -0.73   -7.82
 g   5   3   44.97   -7.82
 l   5   4   -0.57   -8.46
 g   5   4   45.13   -8.46
 l   5   5   -0.55   -8.47
 g   5   5   45.15   -8.47
 l   5   6   -1.02   -8.20
 g   5   6   44.68   -8.20
 l   5   7   -0.42   -8.46
 g   5   7   45.28   -8.46
 l   5   8   -0.83   -8.38
 g   5   8   44.87   -8.38
 l   5   9   -0.90   -8.45
 g   5   9   44.80   -8.45
 l   5  10   -0.62   -8.68
 g   5  10   45.08   -8.68
 l   5  11   -1.03   -8.55
 g   5  11   44.67   -8.55
 l   5  12   -0.06   -8.56
 g   5  12   45.64   -8.56
 l   5  13   -0.35   -8.52
 g   5  13   45.35   -8.52
 l   5  14   -0.81   -8.36
 g   5  14   44.89   -8.36
 l   5  15   -0.59   -8.38
 g   5  15   45.11   -8.38
 l   5  16   -0.23   -8.43
 g   5  16   45.47   -8.43
 l   5  17   -0.28   -8.38
 g   5  17   45.42   -8.38
 l   5  18   -0.19   -8.59
 g   5  18   45.51   -8.59
 l   5  19   -0.01   -8.73
 g   5  19   45.69   -8.73
 l   5  20    0.52   -8.61
 g   5  20   46.22   -8.61
 l   5  21   -0.75   -8.37
 g   5  21   44.95   -8.37
 l   5  22    0.17   -8.64
 g   5  22   45.87   -8.64
 l   5  23   -0.38   -8.64
 g   5  23   45.32   -8.64
 l   5  24    0.73   -8.77
 g   5  24   46.43   -8.77
 l   5  25    0.03   -8.57
 g   5  25   45.73   -8.57
 l   5  26   -1.11   -8.79
 g   5  26   44.59   -8.79
 l   5  27    0.03   -8.49
 g   5  27   45.73   -8.49
 l   5  28    0.44   -8.41
 g   5  28   46.14   -8.41
 l   5  29   -0.34   -8.46
 g   5  29   45.36   -8.46
 l   5  30   -0.31   -8.25
 g   5  30   45.39   -8.25
 l   5  31    0.59   -7.47
 g   5  31   46.29   -7.47
 l   6   0    0.00    0.00
 g   6   0    0.00    0.00
 l   6   1    0.00    0.00
 g   6   1    0.00    0.00
 l   6   2    0.00    0.00
 g   6   2    0.00    0.00
 l   6   3    0.00    0.00
 g   6   3    0.00    0.00
 l   6   4    0.00    0.00
 g   6   4    0.00    0.00
 l   6   5    0.00    0.00
 g   6   5    0.00    0.00
 l   6   6    0.00    0.00
 g   6   6    0.00    0.00
 l   6   7    0.00    0.00
 g   6   7    0.00    0.00
 l   6   8    0.00    0.00
 g   6   8    0.00    0.00
 l   6   9    0.00    0.00
 g   6   9    0.00    0.00
 l   6  10    0.00    0.00
 g   6  10    0.00    0.00
 l   6  11    0.00    0.00
 g   6  11    0.00    0.00
 l   6  12    0.00    0.00
 g   6  12    0.00    0.00
 l   6  13    0.00    0.00
 g   6  13    0.00    0.00
 l   6  14    0.00    0.00
 g   6  14    0.00    0.00
 l   6  15    0.00    0.00
 g   6  15    0.00    0.00
 l   6  16    0.00    0.00
 g   6  16    0.00    0.00
 l   6  17    0.00    0.00
 g   6  17    0.00    0.00
 l   6  18    0.00    0.00
 g   6  18    0.00    0.00
 l   6  19    0.00    0.00
 g   6  19    0.00    0.00
 l   6  20    0.00    0.00
 g   6  20    0.00    0.00
 l   6  21    0.00    0.00
 g   6  21    0.00    0.00
 l   6  22    0.00    0.00
 g   6  22    0.00    0.00
 l   6  23    0.00    0.00
 g   6  23    0.00    0.00
 l   6  24    0.00    0.00
 g   6  24    0.00    0.00
 l   6  25    0.00    0.00
 g   6  25    0.00    0.00
 l   6  26    0.00    0.00
 g   6  26    0.00    0.00
 l   6  27    0.00    0.00
 g   6  27    0.00    0.00
 l   6  28    0.00    0.00
 g   6  28    0.00    0.00
 l   6  29    0.00    0.00
 g   6  29    0.00    0.00
 l   6  30    0.00    0.00
 g   6  30    0.00    0.00
 l   6  31    0.00    0.00
 g   6  31    0.00    0.00
 l   7   0    0.00    0.00
 g   7   0    0.00    0.00
 l   7   1    0.00    0.00
 g   7   1    0.00    0.00
 l   7   2    0.00    0.00
 g   7   2    0.00    0.00
 l   7   3    0.00    0.00
 g   7   3    0.00    0.00
 l   7   4    0.00    0.00
 g   7   4    0.00    0.00
 l   7   5    0.00    0.00
 g   7   5    0.00    0.00
 l   7   6    0.00    0.00
 g   7   6    0.00    0.00
 l   7   7    0.00    0.00
 g   7   7    0.00    0.00
 l   7   8    0.00    0.00
 g   7   8    0.00    0.00
 l   7   9    0.00    0.00
 g   7   9    0.00    0.00
 l   7  10    0.00    0.00
 g   7  10    0.00    0.00
 l   7  11    0.00    0.00
 g   7  11    0.00    0.00
 l   7  12    0.00    0.00
 g   7  12    0.00    0.00
 l   7  13    0.00    0.00
 g   7  13    0.00    0.00
 l   7  14    0.00    0.00
 g   7  14    0.00    0.00
 l   7  15    0.00    0.00
 g   7  15    0.00    0.00
 l   7  16    0.00    0.00
 g   7  16    0.00    0.00
 l   7  17    0.00    0.00
 g   7  17    0.00    0.00
 l   7  18    0.00    0.00
 g   7  18    0.00    0.00
 l   7  19    0.00    0.00
 g   7  19    0.00    0.00
 l   7  20    0.00    0.00
 g   7  20    0.00    0.00
 l   7  21    0.00    0.00
 g   7  21    0.00    0.00
 l   7  22    0.00    0.00
 g   7  22    0.00    0.00
 l   7  23    0.00    0.00
 g   7  23    0.00    0.00
 l   7  24    0.00    0.00
 g   7  24    0.00    0.00
 l   7  25    0.00    0.00
 g   7  25    0.00    0.00
 l   7  26    0.00    0.00
 g   7  26    0.00    0.00
 l   7  27    0.00    0.00
 g   7  27    0.00    0.00
 l   7  28    0.00    0.00
 g   7  28    0.00    0.00
 l   7  29    0.00    0.00
 g   7  29    0.00    0.00
 l   7  30    0.00    0.00
 g   7  30    0.00    0.00
 l   7  31    0.00    0.00
 g   7  31    0.00    0.00
 l   8   0    0.00    0.00
 g   8   0    0.00    0.00
 l   8   1    0.96    8.50
 g   8   1   30.26    8.50
 l   8   2    1.17    8.46
 g   8   2   30.47    8.46
 l   8   3    1.10    8.30
 g   8   3   30.40    8.30
 l   8   4    0.75    8.71
 g   8   4   30.05    8.71
 l   8   5    0.95    8.80
 g   8   5   30.25    8.80
 l   8   6    0.59    8.06
 g   8   6   29.89    8.06
 l   8   7    0.44    8.34
 g   8   7   29.74    8.34
 l   8   8    0.30    8.55
 g   8   8   29.60    8.55
 l   8   9    0.23    8.44
 g   8   9   29.53    8.44
 l   8  10    0.09    8.45
 g   8  10   29.39    8.45
 l   8  11    0.45    8.41
 g   8  11   29.75    8.41
 l   8  12    0.42    8.49
 g   8  12   29.72    8.49
 l   8  13   -0.50    8.35
 g   8  13   28.80    8.35
 l   8  14   -0.10    8.32
 g   8  14   29.20    8.32
 l   8  15    0.76    8.28
 g   8  15   30.06    8.28
 l   8  16    0.32    8.49
 g   8  16   29.62    8.49
 l   8  17   -0.16    8.48
 g   8  17   29.14    8.48
 l   8  18   -0.73    8.07
 g   8  18   28.57    8.07
 l   8  19   -0.23    8.39
 g   8  19   29.07    8.39
 l   8  20    1.01    8.21
 g   8  20   30.31    8.21
 l   8  21    0.66    8.30
 g   8  21   29.96    8.30
 l   8  22    0.66    8.12
 g   8  22   29.96    8.12
 l   8  23    0.55    8.12
 g   8  23   29.85    8.12
 l   8  24    0.28    8.25
 g   8  24   29.58    8.25
 l   8  25   -1.21    8.38
 g   8  25   28.09    8.38
 l   8  26   -0.19    8.27
 g   8  26   29.11    8.27
 l   8  27   -0.15    8.38
 g   8  27   29.15    8.38
 l   8  28    0.69    8.29
 g   8  28   29.99    8.29
 l   8  29    1.00    8.24
 g   8  29   30.30    8.24
 l   8  30    0.29    7.91
 g   8  30   29.59    7.91
 l   8  31   -0.56    7.23
 g   8  31   28.74    7.23
 l   9   0    0.00    0.00
 g   9   0    0.00    0.00
 l   9   1    0.00    0.00
 g   9   1    0.00    0.00
 l   9   2    0.00    0.00
 g   9   2    0.00    0.00
 l   9   3    0.00    0.00
 g   9   3    0.00    0.00
 l   9   4    0.00    0.00
 g   9   4    0.00    0.00
 l   9   5    0.00    0.00
 g   9   5    0.00    0.00
 l   9   6    0.00    0.00
 g   9   6    0.00    0.00
 l   9   7    0.00    0.00
 g   9   7    0.00    0.00
 l   9   8    0.00    0.00
 g   9   8    0.00    0.00
 l   9   9    0.00    0.00
 g   9   9    0.00    0.00
 l   9  10    0.00    0.00
 g   9  10    0.00    0.00
 l   9  11    0.00    0.00
 g   9  11    0.00    0.00
 l   9  12    0.00    0.00
 g   9  12    0.00    0.00
 l   9  13    0.16    6.65
 g   9  13   31.56    6.65
 l   9  14   -2.66    2.51
 g   9  14   28.74    2.51
 l   9  15   -1.73   -0.49
 g   9  15   29.67   -0.49
 l   9  16   -0.30    7.54
 g   9  16   31.10    7.54
 l   9  17    0.00    0.00
 g   9  17    0.00    0.00
 l   9  18   -2.60   -1.80
 g   9  18   28.80   -1.80
 l   9  19    1.28    8.78
 g   9  19   32.68    8.78
 l   9  20    1.02    8.86
 g   9  20   32.42    8.86
 l   9  21    0.00    0.00
 g   9  21    0.00    0.00
 l   9  22    0.00    0.00
 g   9  22    0.00    0.00
 l   9  23    0.00    0.00
 g   9  23    0.00    0.00
 l   9  24    0.00    0.00
 g   9  24    0.00    0.00
 l   9  25    0.00    0.00
 g   9  25    0.00    0.00
 l   9  26    0.00    0.00
 g   9  26    0.00    0.00
 l   9  27    0.00    0.00
 g   9  27    0.00    0.00
 l   9  28    0.00    0.00
 g   9  28    0.00    0.00
 l   9  29    0.00    0.00
 g   9  29    0.00    0.00
 l   9  30   -1.71    5.65
 g   9  30   29.69    5.65
 l   9  31    1.43    7.67
 g   9  31   32.83    7.67
 l  10   0    0.00    0.00
 g  10   0    0.00    0.00
 l  10   1    0.00    0.00
 g  10   1    0.00    0.00
 l  10   2    0.00    0.00
 g  10   2    0.00    0.00
 l  10   3    0.00    0.00
 g  10   3    0.00    0.00
 l  10   4    0.00    0.00
 g  10   4    0.00    0.00
 l  10   5    0.00    0.00
 g  10   5    0.00    0.00
 l  10   6    0.00    0.00
 g  10   6    0.00    0.00
 l  10   7    0.00    0.00
 g  10   7    0.00    0.00
 l  10   8    0.00    0.00
 g  10   8    0.00    0.00
 l  10   9    0.00    0.00
 g  10   9    0.00    0.00
 l  10  10    0.00    0.00
 g  10  10    0.00    0.00
 l  10  11    0.00    0.00
 g  10  11    0.00    0.00
 l  10  12    0.00    0.00
 g  10  12    0.00    0.00
 l  10  13    0.00    0.00
 g  10  13    0.00    0.00
 l  10  14    0.00    0.00
 g  10  14    0.00    0.00
 l  10  15    0.00    0.00
 g  10  15    0.00    0.00
 l  10  16    0.00    0.00
 g  10  16    0.00    0.00
 l  10  17    0.00    0.00
 g  10  17    0.00    0.00
 l  10  18    0.00    0.00
 g  10  18    0.00    0.00
 l  10  19    0.00    0.00
 g  10  19    0.00    0.00
 l  10  20    0.00    0.00
 g  10  20    0.00    0.00
 l  10  21    0.00    0.00
 g  10  21    0.00    0.00
 l  10  22    0.00    0.00
 g  10  22    0.00    0.00
 l  10  23    0.00    0.00
 g  10  23    0.00    0.00
 l  10  24    0.00    0.00
 g  10  24    0.00    0.00
 l  10  25    0.00    0.00
 g  10  25    0.00    0.00
 l  10  26    0.00    0.00
 g  10  26    0.00    0.00
 l  10  27    0.00    0.00
 g  10  27    0.00    0.00
 l  10  28    0.00    0.00
 g  10  28    0.00    0.00
 l  10  29    0.00    0.00
 g  10  29    0.00    0.00
 l  10  30    0.00    0.00
 g  10  30    0.00    0.00
 l  10  31    0.00    0.00
 g  10  31    0.00    0.00
 l  11   0    0.00    0.00
 g  11   0    0.00    0.00
 l  11   1    1.40   -7.42
 g  11   1   17.30   -7.42
 l  11   2    1.71   -7.54
 g  11   2   17.61   -7.54
 l  11   3    1.10   -8.04
 g  11   3   17.00   -8.04
 l  11   4    1.80   -8.39
 g  11   4   17.70   -8.39
 l  11   5    1.67   -7.83
 g  11   5   17.57   -7.83
 l  11   6    1.50   -8.07
 g  11   6   17.40   -8.07
 l  11   7    1.60   -8.22
 g  11   7   17.50   -8.22
 l  11   8    1.94   -7.77
 g  11   8   17.84   -7.77
 l  11   9    2.01   -8.27
 g  11   9   17.91   -8.27
 l  11  10    1.67   -8.44
 g  11  10   17.57   -8.44
 l  11  11    1.58   -8.25
 g  11  11   17.48   -8.25
 l  11  12    1.86   -8.05
 g  11  12   17.76   -8.05
 l  11  13    1.81   -8.37
 g  11  13   17.71   -8.37
 l  11  14    1.56   -8.21
 g  11  14   17.46   -8.21
 l  11  15    1.73   -8.34
 g  11  15   17.63   -8.34
 l  11  16    1.64   -8.28
 g  11  16   17.54   -8.28
 l  11  17    1.66   -8.10
 g  11  17   17.56   -8.10
 l  11  18    1.22   -8.20
 g  11  18   17.12   -8.20
 l  11  19    1.43   -8.37
 g  11  19   17.33   -8.37
 l  11  20    0.74   -8.35
 g  11  20   16.64   -8.35
 l  11  21    1.06   -8.21
 g  11  21   16.96   -8.21
 l  11  22    1.72   -8.39
 g  11  22   17.62   -8.39
 l  11  23    1.92   -8.45
 g  11  23   17.82   -8.45
 l  11  24    1.69   -7.73
 g  11  24   17.59   -7.73
 l  11  25    0.89   -8.31
 g  11  25   16.79   -8.31
 l  11  26    1.10   -8.41
 g  11  26   17.00   -8.41
 l  11  27    1.21   -8.44
 g  11  27   17.11   -8.44
 l  11  28    1.54   -8.66
 g  11  28   17.44   -8.66
 l  11  29    0.91   -8.37
 g  11  29   16.81   -8.37
 l  11  30    1.06   -8.23
 g  11  30   16.96   -8.23
 l  11  31    0.99   -7.62
 g  11  31   16.89   -7.62
 l  12   0    0.00    0.00
 g  12   0    0.00    0.00
 l  12   1   -0.83   -8.28
 g  12   1   74.67   -8.28
 l  12   2   -1.21   -8.31
 g  12   2   74.29   -8.31
 l  12   3   -0.98   -8.44
 g  12   3   74.52   -8.44
 l  12   4   -0.89   -8.49
 g  12   4   74.61   -8.49
 l  12   5   -1.03   -8.46
 g  12   5   74.47   -8.46
 l  12   6   -0.45   -8.53
 g  12   6   75.05   -8.53
 l  12   7   -0.50   -8.51
 g  12   7   75.00   -8.51
 l  12   8   -0.43   -8.69
 g  12   8   75.07   -8.69
 l  12   9   -0.60   -8.42
 g  12   9   74.90   -8.42
 l  12  10   -0.51   -8.36
 g  12  10   74.99   -8.36
 l  12  11   -0.64   -8.62
 g  12  11   74.86   -8.62
 l  12  12    0.17   -8.56
 g  12  12   75.67   -8.56
 l  12  13   -0.95   -8.55
 g  12  13   74.55   -8.55
 l  12  14   -0.50   -8.54
 g  12  14   75.00   -8.54
 l  12  15   -0.42   -8.37
 g  12  15   75.08   -8.37
 l  12  16   -0.40   -8.33
 g  12  16   75.10   -8.33
 l  12  17   -0.43   -8.42
 g  12  17   75.07   -8.42
 l  12  18   -0.33   -8.46
 g  12  18   75.17   -8.46
 l  12  19   -0.01   -8.41
 g  12  19   75.49   -8.41
 l  12  20   -0.08   -8.58
 g  12  20   75.42   -8.58
 l  12  21   -0.72   -8.53
 g  12  21   74.78   -8.53
 l  12  22    0.35   -8.49
 g  12  22   75.85   -8.49
 l  12  23   -0.36   -8.60
 g  12  23   75.14   -8.60
 l  12  24   -0.28   -8.41
 g  12  24   75.22   -8.41
 l  12  25   -0.52   -8.68
 g  12  25   74.98   -8.68
 l  12  26    0.08   -8.36
 g  12  26   75.58   -8.36
 l  12  27    1.08   -8.38
 g  12  27   76.58   -8.38
 l  12  28   -0.18   -8.37
 g  12  28   75.32   -8.37
 l  12  29   -0.09   -8.44
 g  12  29   75.41   -8.44
 l  12  30   -0.02   -8.58
 g  12  30   75.48   -8.58
 l  12  31    0.93   -7.57
 g  12  31   76.43   -7.57
 l  13   0    0.00    0.00
 g  13   0    0.00    0.00
 l  13   1    0.00    0.00
 g  13   1    0.00    0.00
 l  13   2    0.00    0.00
 g  13   2    0.00    0.00
 l  13   3    0.00    0.00
 g  13   3    0.00    0.00
 l  13   4    0.00    0.00
 g  13   4    0.00    0.00
 l  13   5    0.00    0.00
 g  13   5    0.00    0.00
 l  13   6    0.00    0.00
 g  13   6    0.00    0.00
 l  13   7    0.00    0.00
 g  13   7    0.00    0.00
 l  13   8    0.00    0.00
 g  13   8    0.00    0.00
 l  13   9    0.00    0.00
 g  13   9    0.00    0.00
 l  13  10    0.00    0.00
 g  13  10    0.00    0.00
 l  13  11    0.00    0.00
 g  13  11    0.00    0.00
 l  13  12    0.00    0.00
 g  13  12    0.00    0.00
 l  13  13    0.00    0.00
 g  13  13    0.00    0.00
 l  13  14    0.00    0.00
 g  13  14    0.00    0.00
 l  13  15    0.00    0.00
 g  13  15    0.00    0.00
 l  13  16    0.00    0.00
 g  13  16    0.00    0.00
 l  13  17    0.00    0.00
 g  13  17    0.00    0.00
 l  13  18    0.00    0.00
 g  13  18    0.00    0.00
 l  13  19    0.00    0.00
 g  13  19    0.00    0.00
 l  13  20    0.00    0.00
 g  13  20    0.00    0.00
 l  13  21    0.00    0.00
 g  13  21    0.00    0.00
 l  13  22    0.00    0.00
 g  13  22    0.00    0.00
 l  13  23    0.00    0.00
 g  13  23    0.00    0.00
 l  13  24    0.00    0.00
 g  13  24    0.00    0.00
 l  13  25    0.00    0.00
 g  13  25    0.00    0.00
 l  13  26    0.00    0.00
 g  13  26    0.00    0.00
 l  13  27    0.00    0.00
 g  13  27    0.00    0.00
 l  13  28    0.00    0.00
 g  13  28    0.00    0.00
 l  13  29    0.00    0.00
 g  13  29    0.00    0.00
 l  13  30    0.00    0.00
 g  13  30    0.00    0.00
 l  13  31    0.00    0.00
 g  13  31    0.00    0.00
 l  14   0    0.00    0.00
 g  14   0    0.00    0.00
 l  14   1    0.00    0.00
 g  14   1    0.00    0.00
 l  14   2    0.00    0.00
 g  14   2    0.00    0.00
 l  14   3    0.00    0.00
 g  14   3    0.00    0.00
 l  14   4    0.00    0.00
 g  14   4    0.00    0.00
 l  14   5    0.00    0.00
 g  14   5    0.00    0.00
 l  14   6    0.00    0.00
 g  14   6    0.00    0.00
 l  14   7    0.00    0.00
 g  14   7    0.00    0.00
 l  14   8    0.00    0.00
 g  14   8    0.00    0.00
 l  14   9   -1.46    8.25
 g  14   9   90.34    8.25
 l  14  10   -2.22    8.93
 g  14  10   89.58    8.93
 l  14  11   -1.34    8.58
 g  14  11   90.46    8.58
 l  14  12   -1.68    8.41
 g  14  12   90.12    8.41
 l  14  13   -1.59    8.38
 g  14  13   90.21    8.38
 l  14  14   -1.81    8.31
 g  14  14   89.99    8.31
 l  14  15   -1.65    8.32
 g  14  15   90.15    8.32
 l  14  16   -1.85    8.40
 g  14  16   89.95    8.40
 l  14  17   -1.06    8.58
 g  14  17   90.74    8.58
 l  14  18   -1.80    8.59
 g  14  18   90.00    8.59
 l  14  19   -1.67    8.20
 g  14  19   90.13    8.20
 l  14  20   -1.59    8.69
 g  14  20   90.21    8.69
 l  14  21   -1.61    8.34
 g  14  21   90.19    8.34
 l  14  22   -1.90    8.51
 g  14  22   89.90    8.51
 l  14  23   -1.71    8.38
 g  14  23   90.09    8.38
 l  14  24   -1.21    8.47
 g  14  24   90.59    8.47
 l  14  25   -1.53    8.25
 g  14  25   90.27    8.25
 l  14  26   -1.71    7.90
 g  14  26   90.09    7.90
 l  14  27   -1.62    8.15
 g  14  27   90.18    8.15
 l  14  28   -1.45    8.10
 g  14  28   90.35    8.10
 l  14  29   -1.61    8.09
 g  14  29   90.19    8.09
 l  14  30   -1.82    8.11
 g  14  30   89.98    8.11
 l  14  31   -1.41    7.76
 g  14  31   90.39    7.76
 l  15   0    0.00    0.00
 g  15   0    0.00    0.00
 l  15   1    0.00    0.00
 g  15   1    0.00    0.00
 l  15   2    0.00    0.00
 g  15   2    0.00    0.00
 l  15   3    0.00    0.00
 g  15   3    0.00    0.00
 l  15   4    0.00    0.00
 g  15   4    0.00    0.00
 l  15   5    0.00    0.00
 g  15   5    0.00    0.00
 l  15   6    0.00    0.00
 g  15   6    0.00    0.00
 l  15   7    0.00    0.00
 g  15   7    0.00    0.00
 l  15   8    0.00    0.00
 g  15   8    0.00    0.00
 l  15   9    0.00    0.00
 g  15   9    0.00    0.00
 l  15  10   -0.90   -8.32
 g  15  10   74.80   -8.32
 l  15  11   -1.38   -8.25
 g  15  11   74.32   -8.25
 l  15  12   -0.97   -8.36
 g  15  12   74.73   -8.36
 l  15  13   -1.29   -8.39
 g  15  13   74.41   -8.39
 l  15  14   -1.32   -8.35
 g  15  14   74.38   -8.35
 l  15  15   -1.13   -8.30
 g  15  15   74.57   -8.30
 l  15  16   -1.44   -8.11
 g  15  16   74.26   -8.11
 l  15  17   -1.19   -8.48
 g  15  17   74.51   -8.48
 l  15  18   -1.11   -7.85
 g  15  18   74.59   -7.85
 l  15  19   -1.50   -8.05
 g  15  19   74.20   -8.05
 l  15  20   -1.34   -8.51
 g  15  20   74.36   -8.51
 l  15  21   -1.25   -8.46
 g  15  21   74.45   -8.46
 l  15  22   -1.47   -8.36
 g  15  22   74.23   -8.36
 l  15  23   -1.74   -8.19
 g  15  23   73.96   -8.19
 l  15  24   -1.30   -8.10
 g  15  24   74.40   -8.10
 l  15  25   -1.47   -8.10
 g  15  25   74.23   -8.10
 l  15  26   -1.57   -7.98
 g  15  26   74.13   -7.98
 l  15  27   -1.20   -8.24
 g  15  27   74.50   -8.24
 l  15  28   -1.11   -7.85
 g  15  28   74.59   -7.85
 l  15  29   -1.52   -8.22
 g  15  29   74.18   -8.22
 l  15  30   -1.27   -8.16
 g  15  30   74.43   -8.16
 l  15  31   -1.58   -7.51
 g  15  31   74.12   -7.51
 l  16   0    0.00    0.00
 g  16   0    0.00    0.00
 l  16   1    0.00    0.00
 g  16   1    0.00    0.00
 l  16   2    0.00    0.00
 g  16   2    0.00    0.00
 l  16   3    0.00    0.00
 g  16   3    0.00    0.00
 l  16   4    0.00    0.00
 g  16   4    0.00    0.00
 l  16   5    0.00    0.00
 g  16   5    0.00    0.00
 l  16   6    0.00    0.00
 g  16   6    0.00    0.00
 l  16   7    0.00    0.00
 g  16   7    0.00    0.00
 l  16   8    0.00    0.00
 g  16   8    0.00    0.00
 l  16   9    0.00    0.00
 g  16   9    0.00    0.00
 l  16  10   -1.66    8.92
 g  16  10   59.94    8.92
 l  16  11   -1.64    7.52
 g  16  11   59.96    7.52
 l  16  12   -1.58    8.02
 g  16  12   60.02    8.02
 l  16  13   -1.43    7.99
 g  16  13   60.17    7.99
 l  16  14   -1.51    7.95
 g  16  14   60.09    7.95
 l  16  15   -1.43    7.81
 g  16  15   60.17    7.81
 l  16  16   -1.20    7.74
 g  16  16   60.40    7.74
 l  16  17   -1.27    7.71
 g  16  17   60.33    7.71
 l  16  18   -1.41    7.53
 g  16  18   60.19    7.53
 l  16  19   -1.80    8.42
 g  16  19   59.80    8.42
 l  16  20   -1.80    8.04
 g  16  20   59.80    8.04
 l  16  21   -2.07    8.43
 g  16  21   59.53    8.43
 l  16  22   -2.05    7.95
 g  16  22   59.55    7.95
 l  16  23   -2.15    7.70
 g  16  23   59.45    7.70
 l  16  24   -1.58    8.33
 g  16  24   60.02    8.33
 l  16  25   -2.24    8.08
 g  16  25   59.36    8.08
 l  16  26   -1.66    8.48
 g  16  26   59.94    8.48
 l  16  27   -1.96    8.42
 g  16  27   59.64    8.42
 l  16  28   -1.69    7.76
 g  16  28   59.91    7.76
 l  16  29   -2.29    8.24
 g  16  29   59.31    8.24
 l  16  30   -1.87    7.69
 g  16  30   59.73    7.69
 l  16  31   -1.93    7.31
 g  16  31   59.67    7.31
 l  17   0    0.00    0.00
 g  17   0    0.00    0.00
 l  17   1    0.00    0.00
 g  17   1    0.00    0.00
 l  17   2    0.00    0.00
 g  17   2    0.00    0.00
 l  17   3    0.00    0.00
 g  17   3    0.00    0.00
 l  17   4    0.00    0.00
 g  17   4    0.00    0.00
 l  17   5    0.00    0.00
 g  17   5    0.00    0.00
 l  17   6    0.00    0.00
 g  17   6    0.00    0.00
 l  17   7    0.00    0.00
 g  17   7    0.00    0.00
 l  17   8    0.00    0.00
 g  17   8    0.00    0.00
 l  17   9    0.00    0.00
 g  17   9    0.00    0.00
 l  17  10    0.00    0.00
 g  17  10    0.00    0.00
 l  17  11    0.00    0.00
 g  17  11    0.00    0.00
 l  17  12    0.00    0.00
 g  17  12    0.00    0.00
 l  17  13    0.00    0.00
 g  17  13    0.00    0.00
 l  17  14    0.00    0.00
 g  17  14    0.00    0.00
 l  17  15    0.00    0.00
 g  17  15    0.00    0.00
 l  17  16    0.00    0.00
 g  17  16    0.00    0.00
 l  17  17    0.00    0.00
 g  17  17    0.00    0.00
 l  17  18    0.00    0.00
 g  17  18    0.00    0.00
 l  17  19    0.00    0.00
 g  17  19    0.00    0.00
 l  17  20    0.00    0.00
 g  17  20    0.00    0.00
 l  17  21    0.00    0.00
 g  17  21    0.00    0.00
 l  17  22    0.00    0.00
 g  17  22    0.00    0.00
 l  17  23    0.00    0.00
 g  17  23    0.00    0.00
 l  17  24    0.00    0.00
 g  17  24    0.00    0.00
 l  17  25    1.68   -2.60
 g  17  25   47.58   -2.60
 l  17  26    6.56    3.37
 g  17  26   52.46    3.37
 l  17  27    4.33   -1.44
 g  17  27   50.23   -1.44
 l  17  28   -2.22   -9.38
 g  17  28   43.68   -9.38
 l  17  29    3.30   -2.26
 g  17  29   49.20   -2.26
 l  17  30    0.80   -5.33
 g  17  30   46.70   -5.33
 l  17  31    2.64   -2.93
 g  17  31   48.54   -2.93
 l  18   0    0.00    0.00
 g  18   0    0.00    0.00
 l  18   1    0.00    0.00
 g  18   1    0.00    0.00
 l  18   2    0.00    0.00
 g  18   2    0.00    0.00
 l  18   3    0.00    0.00
 g  18   3    0.00    0.00
 l  18   4    0.00    0.00
 g  18   4    0.00    0.00
 l  18   5    0.00    0.00
 g  18   5    0.00    0.00
 l  18   6    0.00    0.00
 g  18   6    0.00    0.00
 l  18   7    0.00    0.00
 g  18   7    0.00    0.00
 l  18   8    0.00    0.00
 g  18   8    0.00    0.00
 l  18   9    0.00    0.00
 g  18   9    0.00    0.00
 l  18  10   -0.24    8.57
 g  18  10   31.16    8.57
 l  18  11    0.53    8.23
 g  18  11   31.93    8.23
 l  18  12    0.19    8.87
 g  18  12   31.59    8.87
 l  18  13    0.05    8.89
 g  18  13   31.45    8.89
 l  18  14    0.28    4.37
 g  18  14   31.68    4.37
 l  18  15    0.00    0.00
 g  18  15    0.00    0.00
 l  18  16   -0.06    9.18
 g  18  16   31.34    9.18
 l  18  17    0.00    0.00
 g  18  17    0.00    0.00
 l  18  18    0.00    0.00
 g  18  18    0.00    0.00
 l  18  19    0.00    0.00
 g  18  19    0.00    0.00
 l  18  20    0.00    0.00
 g  18  20    0.00    0.00
 l  18  21    0.00    0.00
 g  18  21    0.00    0.00
 l  18  22    0.00    0.00
 g  18  22    0.00    0.00
 l  18  23    0.00    0.00
 g  18  23    0.00    0.00
 l  18  24    0.00    0.00
 g  18  24    0.00    0.00
 l  18  25    0.00    0.00
 g  18  25    0.00    0.00
 l  18  26    0.00    0.00
 g  18  26    0.00    0.00
 l  18  27    0.00    0.00
 g  18  27    0.00    0.00
 l  18  28    0.00    0.00
 g  18  28    0.00    0.00
 l  18  29    0.00    0.00
 g  18  29    0.00    0.00
 l  18  30    0.00    0.00
 g  18  30    0.00    0.00
 l  18  31   -1.85    6.48
 g  18  31   29.55    6.48
 l  19   0    0.00    0.00
 g  19   0    0.00    0.00
 l  19   1    0.00    0.00
 g  19   1    0.00    0.00
 l  19   2    0.00    0.00
 g  19   2    0.00    0.00
 l  19   3    0.00    0.00
 g  19   3    0.00    0.00
 l  19   4    0.00    0.00
 g  19   4    0.00    0.00
 l  19   5    0.00    0.00
 g  19   5    0.00    0.00
 l  19   6    0.00    0.00
 g  19   6    0.00    0.00
 l  19   7    0.00    0.00
 g  19   7    0.00    0.00
 l  19   8    0.00    0.00
 g  19   8    0.00    0.00
 l  19   9    0.72   -9.12
 g  19   9   16.82   -9.12
 l  19  10    0.30   -8.69
 g  19  10   16.40   -8.69
 l  19  11   -0.17   -9.21
 g  19  11   15.93   -9.21
 l  19  12    0.29   -8.89
 g  19  12   16.39   -8.89
 l  19  13    0.32   -8.63
 g  19  13   16.42   -8.63
 l  19  14    0.52   -8.84
 g  19  14   16.62   -8.84
 l  19  15    0.03   -8.80
 g  19  15   16.13   -8.80
 l  19  16   -0.35   -8.78
 g  19  16   15.75   -8.78
 l  19  17    0.50   -8.27
 g  19  17   16.60   -8.27
 l  19  18    0.49   -7.93
 g  19  18   16.59   -7.93
 l  19  19    0.29   -8.60
 g  19  19   16.39   -8.60
 l  19  20    0.51   -8.83
 g  19  20   16.61   -8.83
 l  19  21    0.69   -8.75
 g  19  21   16.79   -8.75
 l  19  22    0.21   -8.39
 g  19  22   16.31   -8.39
 l  19  23    0.77   -8.73
 g  19  23   16.87   -8.73
 l  19  24    0.61   -8.92
 g  19  24   16.71   -8.92
 l  19  25    0.20   -8.38
 g  19  25   16.30   -8.38
 l  19  26    0.07   -8.52
 g  19  26   16.17   -8.52
 l  19  27    0.39   -8.19
 g  19  27   16.49   -8.19
 l  19  28    0.51   -8.75
 g  19  28   16.61   -8.75
 l  19  29    0.14   -8.29
 g  19  29   16.24   -8.29
 l  19  30    0.36   -8.17
 g  19  30   16.46   -8.17
 l  19  31    0.59   -8.03
 g  19  31   16.69   -8.03
 l  20   0    0.00    0.00
 g  20   0    0.00    0.00
 l  20   1    0.30    8.11
 g  20   1   -0.60    8.11
 l  20   2    0.33    7.86
 g  20   2   -0.57    7.86
 l  20   3    0.30    8.18
 g  20   3   -0.60    8.18
 l  20   4    0.41    8.30
 g  20   4   -0.49    8.30
 l  20   5    0.66    8.28
 g  20   5   -0.24    8.28
 l  20   6   -0.41    8.63
 g  20   6   -1.31    8.63
 l  20   7    0.46    8.32
 g  20   7   -0.44    8.32
 l  20   8    0.55    8.27
 g  20   8   -0.35    8.27
 l  20   9    0.10    8.28
 g  20   9   -0.80    8.28
 l  20  10    0.06    8.16
 g  20  10   -0.84    8.16
 l  20  11   -0.23    8.33
 g  20  11   -1.13    8.33
 l  20  12   -0.20    8.60
 g  20  12   -1.10    8.60
 l  20  13    0.44    8.52
 g  20  13   -0.46    8.52
 l  20  14    0.05    8.20
 g  20  14   -0.85    8.20
 l  20  15    0.27    8.10
 g  20  15   -0.63    8.10
 l  20  16    0.62    8.17
 g  20  16   -0.28    8.17
 l  20  17    0.54    8.16
 g  20  17   -0.36    8.16
 l  20  18   -1.28    8.07
 g  20  18   -2.18    8.07
 l  20  19    0.11    8.02
 g  20  19   -0.79    8.02
 l  20  20   -0.01    7.88
 g  20  20   -0.91    7.88
 l  20  21   -1.11    7.82
 g  20  21   -2.01    7.82
 l  20  22    0.44    8.33
 g  20  22   -0.46    8.33
 l  20  23    0.53    8.21
 g  20  23   -0.37    8.21
 l  20  24   -0.84    8.51
 g  20  24   -1.74    8.51
 l  20  25   -0.62    8.16
 g  20  25   -1.52    8.16
 l  20  26   -1.15    8.41
 g  20  26   -2.05    8.41
 l  20  27   -0.29    8.33
 g  20  27   -1.19    8.33
 l  20  28   -0.22    8.20
 g  20  28   -1.12    8.20
 l  20  29   -0.13    8.53
 g  20  29   -1.03    8.53
 l  20  30   -0.04    8.32
 g  20  30   -0.94    8.32
 l  20  31   -0.35    7.81
 g  20  31   -1.25    7.81
 l  21   0    0.00    0.00
 g  21   0    0.00    0.00
 l  21   1    0.00    0.00
 g  21   1    0.00    0.00
 l  21   2    0.00    0.00
 g  21   2    0.00    0.00
 l  21   3   -2.87   -9.25
 g  21   3  121.23   -9.25
 l  21   4   -2.40   -8.98
 g  21   4  121.70   -8.97
 l  21   5   -3.49   -9.06
 g  21   5  120.61   -9.06
 l  21   6   -3.11   -8.98
 g  21   6  120.98   -8.98
 l  21   7   -2.47   -9.02
 g  21   7  121.63   -9.02
 l  21   8   -2.40   -8.99
 g  21   8  121.70   -8.99
 l  21   9   -2.37   -8.98
 g  21   9  121.73   -8.98
 l  21  10   -3.17   -8.98
 g  21  10  120.93   -8.98
 l  21  11   -3.39   -8.99
 g  21  11  120.71   -8.99
 l  21  12   -3.15   -8.89
 g  21  12  120.95   -8.89
 l  21  13   -3.70   -8.85
 g  21  13  120.40   -8.85
 l  21  14   -3.15   -8.78
 g  21  14  120.95   -8.78
 l  21  15   -3.65   -8.34
 g  21  15  120.44   -8.33
 l  22   0    0.00    0.00
 g  22   0    0.00    0.00
 l  22   1   -2.63   -9.04
 g  22   1  121.27   -9.04
 l  22   2   -2.54   -9.05
 g  22   2  121.36   -9.05
 l  22   3   -2.35   -9.11
 g  22   3  121.55   -9.11
 l  22   4   -2.21   -9.10
 g  22   4  121.69   -9.10
 l  22   5   -1.95   -9.05
 g  22   5  121.95   -9.05
 l  22   6   -2.20   -9.03
 g  22   6  121.70   -9.03
 l  22   7   -2.20   -9.12
 g  22   7  121.70   -9.12
 l  22   8   -2.00   -9.11
 g  22   8  121.90   -9.11
 l  22   9   -2.07   -8.96
 g  22   9  121.83   -8.96
 l  22  10   -2.33   -8.97
 g  22  10  121.57   -8.97
 l  22  11   -2.78   -8.81
 g  22  11  121.12   -8.81
 l  22  12   -2.75   -8.73
 g  22  12  121.15   -8.73
 l  22  13   -3.18   -8.87
 g  22  13  120.72   -8.87
 l  22  14   -1.94   -8.63
 g  22  14  121.96   -8.63
 l  22  15   -2.91   -8.43
 g  22  15  120.99   -8.43
 l  23   0    0.00    0.00
 g  23   0    0.00    0.00
 l  23   1    0.00    0.00
 g  23   1    0.00    0.00
 l  23   2    0.00    0.00
 g  23   2    0.00    0.00
 l  23   3    0.00    0.00
 g  23   3    0.00    0.00
 l  23   4    0.00    0.00
 g  23   4    0.00    0.00
 l  23   5    0.00    0.00
 g  23   5    0.00    0.00
 l  23   6    0.00    0.00
 g  23   6    0.00    0.00
 l  23   7    0.00    0.00
 g  23   7    0.00    0.00
 l  23   8    0.00    0.00
 g  23   8    0.00    0.00
 l  23   9    0.00    0.00
 g  23   9    0.00    0.00
 l  23  10    0.00    0.00
 g  23  10    0.00    0.00
 l  23  11    0.00    0.00
 g  23  11    0.00    0.00
 l  23  12    0.00    0.00
 g  23  12    0.00    0.00
 l  23  13    0.00    0.00
 g  23  13    0.00    0.00
 l  23  14    0.00    0.00
 g  23  14    0.00    0.00
 l  23  15    0.00    0.00
 g  23  15    0.00    0.00
 l  24   0    0.00    0.00
 g  24   0    0.00    0.00
 l  24   1    0.00    0.00
 g  24   1    0.00    0.00
 l  24   2    0.00    0.00
 g  24   2    0.00    0.00
 l  24   3    0.00    0.00
 g  24   3    0.00    0.00
 l  24   4    0.00    0.00
 g  24   4    0.00    0.00
 l  24   5    0.00    0.00
 g  24   5    0.00    0.00
 l  24   6    0.00    0.00
 g  24   6    0.00    0.00
 l  24   7    0.00    0.00
 g  24   7    0.00    0.00
 l  24   8    0.00    0.00
 g  24   8    0.00    0.00
 l  24   9    0.00    0.00
 g  24   9    0.00    0.00
 l  24  10    0.00    0.00
 g  24  10    0.00    0.00
 l  24  11    0.00    0.00
 g  24  11    0.00    0.00
 l  24  12    0.00    0.00
 g  24  12    0.00    0.00
 l  24  13    0.00    0.00
 g  24  13    0.00    0.00
 l  24  14    0.00    0.00
 g  24  14    0.00    0.00
 l  24  15    0.00    0.00
 g  24  15    0.00    0.00
 l  24  16    0.00    0.00
 g  24  16    0.00    0.00
 l  24  17    0.00    0.00
 g  24  17    0.00    0.00
 l  24  18    0.00    0.00
 g  24  18    0.00    0.00
 l  24  19    0.00    0.00
 g  24  19    0.00    0.00
 l  24  20    0.00    0.00
 g  24  20    0.00    0.00
 l  24  21    0.00    0.00
 g  24  21    0.00    0.00
 l  24  22    0.00    0.00
 g  24  22    0.00    0.00
 l  24  23    0.00    0.00
 g  24  23    0.00    0.00
 l  24  24    0.00    0.00
 g  24  24    0.00    0.00
 l  24  25    0.00    0.00
 g  24  25    0.00    0.00
 l  24  26    0.00    0.00
 g  24  26    0.00    0.00
 l  24  27    0.00    0.00
 g  24  27    0.00    0.00
 l  24  28    0.00    0.00
 g  24  28    0.00    0.00
 l  24  29    0.00    0.00
 g  24  29    0.00    0.00
 l  24  30    0.00    0.00
 g  24  30    0.00    0.00
 l  24  31    0.00    0.00
 g  24  31    0.00    0.00
 l  25   0    0.00    0.00
 g  25   0    0.00    0.00
 l  25   1    0.21    8.00
 g  25   1  -29.79    8.00
 l  25   2    0.04    8.21
 g  25   2  -29.96    8.21
 l  25   3   -0.87    8.58
 g  25   3  -30.87    8.58
 l  25   4   -0.25    8.44
 g  25   4  -30.25    8.44
 l  25   5    0.23    8.15
 g  25   5  -29.77    8.15
 l  25   6    0.28    7.55
 g  25   6  -29.72    7.55
 l  25   7   -0.24    8.40
 g  25   7  -30.24    8.40
 l  25   8   -0.89    8.42
 g  25   8  -30.89    8.42
 l  25   9   -0.20    8.61
 g  25   9  -30.20    8.61
 l  25  10    0.00    0.00
 g  25  10    0.00    0.00
 l  25  11   -0.12    8.71
 g  25  11  -30.12    8.71
 l  25  12   -0.79    8.66
 g  25  12  -30.79    8.66
 l  25  13   -0.64    8.62
 g  25  13  -30.64    8.62
 l  25  14   -0.69    8.80
 g  25  14  -30.69    8.80
 l  25  15    0.29    8.54
 g  25  15  -29.71    8.54
 l  25  16   -0.33    8.04
 g  25  16  -30.33    8.04
 l  25  17   -0.50    8.54
 g  25  17  -30.50    8.54
 l  25  18   -0.02    8.70
 g  25  18  -30.02    8.70
 l  25  19   -0.30    8.48
 g  25  19  -30.30    8.48
 l  25  20   -0.20    8.64
 g  25  20  -30.20    8.64
 l  25  21    0.04    8.53
 g  25  21  -29.96    8.53
 l  25  22    0.45    8.27
 g  25  22  -29.55    8.27
 l  25  23    0.53    8.52
 g  25  23  -29.47    8.52
 l  25  24   -0.77    8.50
 g  25  24  -30.77    8.50
 l  25  25   -0.02    8.01
 g  25  25  -30.02    8.01
 l  25  26    0.94    8.41
 g  25  26  -29.06    8.41
 l  25  27    0.39    8.49
 g  25  27  -29.61    8.49
 l  25  28    0.13    8.46
 g  25  28  -29.87    8.46
 l  25  29    0.09    8.31
 g  25  29  -29.91    8.31
 l  25  30   -0.44    8.36
 g  25  30  -30.44    8.36
 l  25  31   -0.29    8.01
 g  25  31  -30.29    8.01
 l  26   0    0.00    0.00
 g  26   0    0.00    0.00
 l  26   1    0.00    0.00
 g  26   1    0.00    0.00
 l  26   2    0.00    0.00
 g  26   2    0.00    0.00
 l  26   3    0.00    0.00
 g  26   3    0.00    0.00
 l  26   4    0.00    0.00
 g  26   4    0.00    0.00
 l  26   5    0.00    0.00
 g  26   5    0.00    0.00
 l  26   6    0.00    0.00
 g  26   6    0.00    0.00
 l  26   7    0.00    0.00
 g  26   7    0.00    0.00
 l  26   8    0.00    0.00
 g  26   8    0.00    0.00
 l  26   9    0.00    0.00
 g  26   9    0.00    0.00
 l  26  10    0.00    0.00
 g  26  10    0.00    0.00
 l  26  11    0.00    0.00
 g  26  11    0.00    0.00
 l  26  12    0.00    0.00
 g  26  12    0.00    0.00
 l  26  13    0.00    0.00
 g  26  13    0.00    0.00
 l  26  14    0.00    0.00
 g  26  14    0.00    0.00
 l  26  15    0.00    0.00
 g  26  15    0.00    0.00
 l  26  16    0.00    0.00
 g  26  16    0.00    0.00
 l  26  17    0.00    0.00
 g  26  17    0.00    0.00
 l  26  18    0.00    0.00
 g  26  18    0.00    0.00
 l  26  19    0.00    0.00
 g  26  19    0.00    0.00
 l  26  20    0.00    0.00
 g  26  20    0.00    0.00
 l  26  21    0.00    0.00
 g  26  21    0.00    0.00
 l  26  22    0.00    0.00
 g  26  22    0.00    0.00
 l  26  23    0.00    0.00
 g  26  23    0.00    0.00
 l  26  24    0.00    0.00
 g  26  24    0.00    0.00
 l  26  25    0.00    0.00
 g  26  25    0.00    0.00
 l  26  26    0.00    0.00
 g  26  26    0.00    0.00
 l  26  27    0.00    0.00
 g  26  27    0.00    0.00
 l  26  28    0.00    0.00
 g  26  28    0.00    0.00
 l  26  29    0.00    0.00
 g  26  29    0.00    0.00
 l  26  30    0.00    0.00
 g  26  30    0.00    0.00
 l  26  31    0.00    0.00
 g  26  31    0.00    0.00
 l  27   0    0.00    0.00
 g  27   0    0.00    0.00
 l  27   1   -0.45    7.95
 g  27   1  -60.65    7.95
 l  27   2   -0.06    8.10
 g  27   2  -60.26    8.10
 l  27   3    0.03    8.17
 g  27   3  -60.17    8.17
 l  27   4   -0.44    8.04
 g  27   4  -60.64    8.04
 l  27   5    0.36    8.61
 g  27   5  -59.84    8.61
 l  27   6   -1.39    8.32
 g  27   6  -61.59    8.32
 l  27   7   -0.40    7.94
 g  27   7  -60.60    7.94
 l  27   8   -0.48    8.55
 g  27   8  -60.68    8.55
 l  27   9   -0.97    8.28
 g  27   9  -61.17    8.28
 l  27  10   -0.04    8.39
 g  27  10  -60.24    8.39
 l  27  11   -1.31    8.64
 g  27  11  -61.51    8.64
 l  27  12   -1.08    8.42
 g  27  12  -61.28    8.42
 l  27  13   -0.63    8.24
 g  27  13  -60.83    8.24
 l  27  14   -1.23    8.60
 g  27  14  -61.43    8.60
 l  27  15   -0.27    8.38
 g  27  15  -60.47    8.38
 l  27  16   -0.50    8.66
 g  27  16  -60.70    8.66
 l  27  17    0.05    6.52
 g  27  17  -60.15    6.52
 l  27  18    0.44    7.60
 g  27  18  -59.76    7.60
 l  27  19   -0.13    8.53
 g  27  19  -60.33    8.53
 l  27  20   -0.56    7.94
 g  27  20  -60.76    7.94
 l  27  21   -0.17    8.46
 g  27  21  -60.37    8.46
 l  27  22   -0.21    8.43
 g  27  22  -60.41    8.43
 l  27  23   -1.15    8.61
 g  27  23  -61.35    8.61
 l  27  24    0.10    8.36
 g  27  24  -60.10    8.36
 l  27  25   -1.34    8.25
 g  27  25  -61.54    8.25
 l  27  26   -0.65    8.44
 g  27  26  -60.85    8.44
 l  27  27   -0.19    8.25
 g  27  27  -60.39    8.25
 l  27  28    0.19    8.41
 g  27  28  -60.01    8.41
 l  27  29    0.00    0.00
 g  27  29    0.00    0.00
 l  27  30   -0.42    8.56
 g  27  30  -60.62    8.56
 l  27  31   -1.05    8.24
 g  27  31  -61.25    8.24
 l  28   0    0.00    0.00
 g  28   0    0.00    0.00
 l  28   1    0.00    0.00
 g  28   1    0.00    0.00
 l  28   2    0.00    0.00
 g  28   2    0.00    0.00
 l  28   3    0.00    0.00
 g  28   3    0.00    0.00
 l  28   4    0.00    0.00
 g  28   4    0.00    0.00
 l  28   5    0.00    0.00
 g  28   5    0.00    0.00
 l  28   6    0.00    0.00
 g  28   6    0.00    0.00
 l  28   7    0.00    0.00
 g  28   7    0.00    0.00
 l  28   8    0.00    0.00
 g  28   8    0.00    0.00
 l  28   9    0.00    0.00
 g  28   9    0.00    0.00
 l  28  10    0.00    0.00
 g  28  10    0.00    0.00
 l  28  11    0.00    0.00
 g  28  11    0.00    0.00
 l  28  12    0.00    0.00
 g  28  12    0.00    0.00
 l  28  13    0.00    0.00
 g  28  13    0.00    0.00
 l  28  14    0.00    0.00
 g  28  14    0.00    0.00
 l  28  15    0.00    0.00
 g  28  15    0.00    0.00
 l  28  16    0.00    0.00
 g  28  16    0.00    0.00
 l  28  17    0.00    0.00
 g  28  17    0.00    0.00
 l  28  18    0.00    0.00
 g  28  18    0.00    0.00
 l  28  19    0.00    0.00
 g  28  19    0.00    0.00
 l  28  20    0.00    0.00
 g  28  20    0.00    0.00
 l  28  21    0.00    0.00
 g  28  21    0.00    0.00
 l  28  22    0.00    0.00
 g  28  22    0.00    0.00
 l  28  23    0.00    0.00
 g  28  23    0.00    0.00
 l  28  24    0.00    0.00
 g  28  24    0.00    0.00
 l  28  25    0.00    0.00
 g  28  25    0.00    0.00
 l  28  26    0.00    0.00
 g  28  26    0.00    0.00
 l  28  27    0.00    0.00
 g  28  27    0.00    0.00
 l  28  28    0.00    0.00
 g  28  28    0.00    0.00
 l  28  29    0.00    0.00
 g  28  29    0.00    0.00
 l  28  30    0.00    0.00
 g  28  30    0.00    0.00
 l  28  31    0.00    0.00
 g  28  31    0.00    0.00
 l  29   0    0.00    0.00
 g  29   0    0.00    0.00
 l  29   1   -0.94    8.16
 g  29   1  -91.34    8.16
 l  29   2    0.10    8.44
 g  29   2  -90.30    8.44
 l  29   3   -1.56    8.49
 g  29   3  -91.96    8.49
 l  29   4   -1.01    8.38
 g  29   4  -91.41    8.38
 l  29   5   -0.33    8.19
 g  29   5  -90.73    8.19
 l  29   6   -0.09    8.95
 g  29   6  -90.49    8.95
 l  29   7   -0.49    8.34
 g  29   7  -90.89    8.34
 l  29   8   -0.64    8.57
 g  29   8  -91.04    8.57
 l  29   9   -2.23    8.80
 g  29   9  -92.63    8.80
 l  29  10   -0.82    8.69
 g  29  10  -91.22    8.69
 l  29  11   -0.83    8.45
 g  29  11  -91.23    8.45
 l  29  12   -2.80    8.45
 g  29  12  -93.20    8.45
 l  29  13   -0.75    8.74
 g  29  13  -91.15    8.74
 l  29  14   -1.03    8.61
 g  29  14  -91.43    8.61
 l  29  15   -2.07    8.72
 g  29  15  -92.47    8.72
 l  29  16   -1.64    8.58
 g  29  16  -92.04    8.58
 l  29  17   -1.80    8.73
 g  29  17  -92.20    8.73
 l  29  18   -0.56    8.82
 g  29  18  -90.96    8.82
 l  29  19   -0.61    8.49
 g  29  19  -91.01    8.49
 l  29  20   -1.40    8.57
 g  29  20  -91.80    8.57
 l  29  21   -0.43    8.34
 g  29  21  -90.83    8.34
 l  29  22    0.22    8.55
 g  29  22  -90.18    8.55
 l  29  23   -0.64    8.77
 g  29  23  -91.04    8.77
 l  29  24   -0.40    8.72
 g  29  24  -90.80    8.72
 l  29  25   -1.65    8.36
 g  29  25  -92.05    8.36
 l  29  26   -0.16    8.65
 g  29  26  -90.56    8.65
 l  29  27    0.00    0.00
 g  29  27    0.00    0.00
 l  29  28   -1.06    8.24
 g  29  28  -91.46    8.24
 l  29  29   -1.17    8.74
 g  29  29  -91.57    8.74
 l  29  30    0.00    0.00
 g  29  30    0.00    0.00
 l  29  31   -2.04    9.00
 g  29  31  -92.44    9.00
 l  30   0    0.00    0.00
 g  30   0    0.00    0.00
 l  30   1    0.00    0.00
 g  30   1    0.00    0.00
 l  30   2    0.00    0.00
 g  30   2    0.00    0.00
 l  30   3    0.00    0.00
 g  30   3    0.00    0.00
 l  30   4    0.00    0.00
 g  30   4    0.00    0.00
 l  30   5    0.00    0.00
 g  30   5    0.00    0.00
 l  30   6    0.00    0.00
 g  30   6    0.00    0.00
 l  30   7    0.00    0.00
 g  30   7    0.00    0.00
 l  30   8    0.00    0.00
 g  30   8    0.00    0.00
 l  30   9    0.00    0.00
 g  30   9    0.00    0.00
 l  30  10    0.00    0.00
 g  30  10    0.00    0.00
 l  30  11    0.00    0.00
 g  30  11    0.00    0.00
 l  30  12    0.00    0.00
 g  30  12    0.00    0.00
 l  30  13    0.00    0.00
 g  30  13    0.00    0.00
 l  30  14    0.00    0.00
 g  30  14    0.00    0.00
 l  30  15    0.00    0.00
 g  30  15    0.00    0.00
 l  30  16    0.00    0.00
 g  30  16    0.00    0.00
 l  30  17    0.00    0.00
 g  30  17    0.00    0.00
 l  30  18    0.00    0.00
 g  30  18    0.00    0.00
 l  30  19    0.00    0.00
 g  30  19    0.00    0.00
 l  30  20    0.00    0.00
 g  30  20    0.00    0.00
 l  30  21    0.00    0.00
 g  30  21    0.00    0.00
 l  30  22    0.00    0.00
 g  30  22    0.00    0.00
 l  30  23    0.00    0.00
 g  30  23    0.00    0.00
 l  30  24    0.00    0.00
 g  30  24    0.00    0.00
 l  30  25    0.00    0.00
 g  30  25    0.00    0.00
 l  30  26    0.00    0.00
 g  30  26    0.00    0.00
 l  30  27    0.00    0.00
 g  30  27    0.00    0.00
 l  30  28    0.00    0.00
 g  30  28    0.00    0.00
 l  30  29    0.00    0.00
 g  30  29    0.00    0.00
 l  30  30    0.00    0.00
 g  30  30    0.00    0.00
 l  30  31    0.00    0.00
 g  30  31    0.00    0.00
 l  31   0    0.00    0.00
 g  31   0    0.00    0.00
 l  31   1   -0.49   -8.16
 g  31   1  -13.39   -8.16
 l  31   2    0.68   -8.38
 g  31   2  -12.22   -8.38
 l  31   3   -0.22   -8.46
 g  31   3  -13.12   -8.46
 l  31   4   -0.15   -8.17
 g  31   4  -13.05   -8.17
 l  31   5    0.31   -8.35
 g  31   5  -12.59   -8.35
 l  31   6    0.24   -8.34
 g  31   6  -12.66   -8.34
 l  31   7   -0.06   -8.57
 g  31   7  -12.96   -8.57
 l  31   8    0.09   -8.26
 g  31   8  -12.81   -8.26
 l  31   9    0.45   -8.34
 g  31   9  -12.45   -8.34
 l  31  10   -0.22   -8.46
 g  31  10  -13.12   -8.46
 l  31  11    0.27   -8.28
 g  31  11  -12.63   -8.28
 l  31  12   -0.18   -8.45
 g  31  12  -13.08   -8.45
 l  31  13    0.40   -8.36
 g  31  13  -12.50   -8.36
 l  31  14    0.20   -8.40
 g  31  14  -12.70   -8.40
 l  31  15   -0.16   -8.33
 g  31  15  -13.06   -8.33
 l  31  16   -0.08   -8.26
 g  31  16  -12.98   -8.26
 l  31  17   -0.15   -8.51
 g  31  17  -13.05   -8.51
 l  31  18    0.32   -8.36
 g  31  18  -12.58   -8.36
 l  31  19    0.37   -8.57
 g  31  19  -12.53   -8.57
 l  31  20   -0.33   -8.56
 g  31  20  -13.23   -8.56
 l  31  21    0.43   -8.48
 g  31  21  -12.47   -8.48
 l  31  22   -0.38   -8.44
 g  31  22  -13.28   -8.44
 l  31  23   -0.03   -8.54
 g  31  23  -12.93   -8.54
 l  31  24    0.06   -8.53
 g  31  24  -12.84   -8.53
 l  31  25   -0.28   -8.49
 g  31  25  -13.18   -8.49
 l  31  26    0.55   -8.72
 g  31  26  -12.35   -8.72
 l  31  27    0.11   -8.66
 g  31  27  -12.79   -8.66
 l  31  28    0.34   -8.54
 g  31  28  -12.56   -8.54
 l  31  29    0.97   -8.57
 g  31  29  -11.93   -8.57
 l  31  30   -0.01   -8.55
 g  31  30  -12.91   -8.55
 l  31  31    0.17   -8.40
 g  31  31  -12.73   -8.40
 l  32   0    0.00    0.00
 g  32   0    0.00    0.00
 l  32   1    0.00    0.00
 g  32   1    0.00    0.00
 l  32   2    0.00    0.00
 g  32   2    0.00    0.00
 l  32   3    0.00    0.00
 g  32   3    0.00    0.00
 l  32   4    0.00    0.00
 g  32   4    0.00    0.00
 l  32   5    0.00    0.00
 g  32   5    0.00    0.00
 l  32   6    0.00    0.00
 g  32   6    0.00    0.00
 l  32   7    0.00    0.00
 g  32   7    0.00    0.00
 l  32   8    0.00    0.00
 g  32   8    0.00    0.00
 l  32   9    0.00    0.00
 g  32   9    0.00    0.00
 l  32  10    0.00    0.00
 g  32  10    0.00    0.00
 l  32  11    0.00    0.00
 g  32  11    0.00    0.00
 l  32  12    0.00    0.00
 g  32  12    0.00    0.00
 l  32  13    0.00    0.00
 g  32  13    0.00    0.00
 l  32  14    0.00    0.00
 g  32  14    0.00    0.00
 l  32  15    0.00    0.00
 g  32  15    0.00    0.00
 l  32  16    0.00    0.00
 g  32  16    0.00    0.00
 l  32  17    0.00    0.00
 g  32  17    0.00    0.00
 l  32  18    0.00    0.00
 g  32  18    0.00    0.00
 l  32  19    0.00    0.00
 g  32  19    0.00    0.00
 l  32  20    0.00    0.00
 g  32  20    0.00    0.00
 l  32  21    0.00    0.00
 g  32  21    0.00    0.00
 l  32  22    0.00    0.00
 g  32  22    0.00    0.00
 l  32  23    0.00    0.00
 g  32  23    0.00    0.00
 l  32  24    0.00    0.00
 g  32  24    0.00    0.00
 l  32  25    0.00    0.00
 g  32  25    0.00    0.00
 l  32  26    0.00    0.00
 g  32  26    0.00    0.00
 l  32  27    0.00    0.00
 g  32  27    0.00    0.00
 l  32  28    0.00    0.00
 g  32  28    0.00    0.00
 l  32  29    0.00    0.00
 g  32  29    0.00    0.00
 l  32  30    0.00    0.00
 g  32  30    0.00    0.00
 l  32  31    0.00    0.00
 g  32  31    0.00    0.00
 l  33   0    0.00    0.00
 g  33   0    0.00    0.00
 l  33   1   -0.79   -8.23
 g  33   1  -43.49   -8.23
 l  33   2    0.14   -8.11
 g  33   2  -42.56   -8.11
 l  33   3   -0.66   -8.32
 g  33   3  -43.36   -8.32
 l  33   4   -0.85   -8.36
 g  33   4  -43.55   -8.36
 l  33   5   -1.51   -8.17
 g  33   5  -44.21   -8.17
 l  33   6    0.22   -8.33
 g  33   6  -42.48   -8.33
 l  33   7   -0.04   -8.24
 g  33   7  -42.74   -8.24
 l  33   8   -0.54   -8.46
 g  33   8  -43.24   -8.46
 l  33   9    0.04   -8.56
 g  33   9  -42.66   -8.56
 l  33  10   -1.23   -8.52
 g  33  10  -43.93   -8.52
 l  33  11   -0.16   -8.44
 g  33  11  -42.86   -8.44
 l  33  12   -0.11   -8.59
 g  33  12  -42.81   -8.59
 l  33  13   -1.96   -8.14
 g  33  13  -44.66   -8.14
 l  33  14   -0.87   -8.30
 g  33  14  -43.57   -8.30
 l  33  15    0.26   -8.16
 g  33  15  -42.44   -8.16
 l  33  16    0.02   -8.32
 g  33  16  -42.68   -8.32
 l  33  17   -1.58   -8.28
 g  33  17  -44.28   -8.28
 l  33  18   -0.47   -8.52
 g  33  18  -43.17   -8.52
 l  33  19   -0.14   -8.27
 g  33  19  -42.84   -8.27
 l  33  20    0.25   -8.41
 g  33  20  -42.45   -8.41
 l  33  21   -0.16   -8.11
 g  33  21  -42.86   -8.11
 l  33  22   -1.61   -8.54
 g  33  22  -44.31   -8.54
 l  33  23   -1.15   -8.52
 g  33  23  -43.85   -8.52
 l  33  24   -1.14   -8.50
 g  33  24  -43.84   -8.50
 l  33  25   -0.33   -8.37
 g  33  25  -43.03   -8.37
 l  33  26   -1.21   -8.66
 g  33  26  -43.91   -8.66
 l  33  27    0.02   -8.30
 g  33  27  -42.68   -8.30
 l  33  28   -0.78   -8.32
 g  33  28  -43.48   -8.32
 l  33  29   -0.39   -8.35
 g  33  29  -43.09   -8.35
 l  33  30   -1.66   -8.50
 g  33  30  -44.36   -8.50
 l  33  31    0.27   -8.28
 g  33  31  -42.43   -8.28
 l  34   0    0.00    0.00
 g  34   0    0.00    0.00
 l  34   1    0.00    0.00
 g  34   1    0.00    0.00
 l  34   2    0.00    0.00
 g  34   2    0.00    0.00
 l  34   3    0.00    0.00
 g  34   3    0.00    0.00
 l  34   4    0.00    0.00
 g  34   4    0.00    0.00
 l  34   5    0.00    0.00
 g  34   5    0.00    0.00
 l  34   6    0.00    0.00
 g  34   6    0.00    0.00
 l  34   7    0.00    0.00
 g  34   7    0.00    0.00
 l  34   8    0.00    0.00
 g  34   8    0.00    0.00
 l  34   9    0.00    0.00
 g  34   9    0.00    0.00
 l  34  10    0.00    0.00
 g  34  10    0.00    0.00
 l  34  11    0.00    0.00
 g  34  11    0.00    0.00
 l  34  12    0.00    0.00
 g  34  12    0.00    0.00
 l  34  13    0.00    0.00
 g  34  13    0.00    0.00
 l  34  14    0.00    0.00
 g  34  14    0.00    0.00
 l  34  15    0.00    0.00
 g  34  15    0.00    0.00
 l  34  16    0.00    0.00
 g  34  16    0.00    0.00
 l  34  17    0.00    0.00
 g  34  17    0.00    0.00
 l  34  18    0.00    0.00
 g  34  18    0.00    0.00
 l  34  19    0.00    0.00
 g  34  19    0.00    0.00
 l  34  20    0.00    0.00
 g  34  20    0.00    0.00
 l  34  21    0.00    0.00
 g  34  21    0.00    0.00
 l  34  22    0.00    0.00
 g  34  22    0.00    0.00
 l  34  23    0.00    0.00
 g  34  23    0.00    0.00
 l  34  24    0.00    0.00
 g  34  24    0.00    0.00
 l  34  25    0.00    0.00
 g  34  25    0.00    0.00
 l  34  26    0.00    0.00
 g  34  26    0.00    0.00
 l  34  27    0.00    0.00
 g  34  27    0.00    0.00
 l  34  28    0.00    0.00
 g  34  28    0.00    0.00
 l  34  29    0.00    0.00
 g  34  29    0.00    0.00
 l  34  30    0.00    0.00
 g  34  30    0.00    0.00
 l  34  31    0.00    0.00
 g  34  31    0.00    0.00
 l  35   0    0.00    0.00
 g  35   0    0.00    0.00
 l  35   1   -1.73   -8.47
 g  35   1  -74.13   -8.47
 l  35   2   -0.20   -7.94
 g  35   2  -72.60   -7.94
 l  35   3   -1.24   -8.39
 g  35   3  -73.64   -8.39
 l  35   4   -0.27   -8.47
 g  35   4  -72.67   -8.47
 l  35   5   -0.44   -8.60
 g  35   5  -72.84   -8.60
 l  35   6   -1.34   -8.68
 g  35   6  -73.74   -8.68
 l  35   7   -0.51   -8.55
 g  35   7  -72.91   -8.55
 l  35   8   -0.74   -8.46
 g  35   8  -73.14   -8.46
 l  35   9   -1.72   -8.34
 g  35   9  -74.12   -8.34
 l  35  10   -0.65   -8.34
 g  35  10  -73.05   -8.34
 l  35  11   -0.69   -8.50
 g  35  11  -73.09   -8.50
 l  35  12   -0.20   -8.37
 g  35  12  -72.60   -8.37
 l  35  13   -0.83   -8.57
 g  35  13  -73.23   -8.57
 l  35  14   -0.98   -8.68
 g  35  14  -73.38   -8.68
 l  35  15   -0.34   -8.48
 g  35  15  -72.74   -8.48
 l  35  16   -0.16   -8.56
 g  35  16  -72.56   -8.56
 l  35  17   -0.69   -8.28
 g  35  17  -73.09   -8.28
 l  35  18   -0.85   -8.58
 g  35  18  -73.25   -8.58
 l  35  19   -1.08   -8.61
 g  35  19  -73.48   -8.61
 l  35  20    0.11   -8.71
 g  35  20  -72.29   -8.71
 l  35  21   -0.70   -8.21
 g  35  21  -73.10   -8.21
 l  35  22   -0.98   -8.66
 g  35  22  -73.38   -8.66
 l  35  23   -0.17   -8.50
 g  35  23  -72.57   -8.50
 l  35  24   -1.22   -8.75
 g  35  24  -73.62   -8.75
 l  35  25   -0.85   -8.43
 g  35  25  -73.25   -8.43
 l  35  26   -1.72   -8.98
 g  35  26  -74.12   -8.98
 l  35  27   -0.59   -8.58
 g  35  27  -72.99   -8.58
 l  35  28    0.27   -8.56
 g  35  28  -72.13   -8.56
 l  35  29   -2.67   -8.62
 g  35  29  -75.07   -8.62
 l  35  30   -0.97   -8.11
 g  35  30  -73.37   -8.11
 l  35  31   -0.52   -7.99
 g  35  31  -72.92   -7.99
 l  36   0    0.00    0.00
 g  36   0    0.00    0.00
 l  36   1    0.00    0.00
 g  36   1    0.00    0.00
 l  36   2    0.00    0.00
 g  36   2    0.00    0.00
 l  36   3    0.00    0.00
 g  36   3    0.00    0.00
 l  36   4    0.00    0.00
 g  36   4    0.00    0.00
 l  36   5    0.00    0.00
 g  36   5    0.00    0.00
 l  36   6    0.00    0.00
 g  36   6    0.00    0.00
 l  36   7    0.00    0.00
 g  36   7    0.00    0.00
 l  36   8    0.00    0.00
 g  36   8    0.00    0.00
 l  36   9   -0.28   -8.44
 g  36   9  -28.18   -8.44
 l  36  10   -0.71   -8.85
 g  36  10  -28.61   -8.85
 l  36  11   -1.12   -8.43
 g  36  11  -29.02   -8.43
 l  36  12   -1.70   -8.50
 g  36  12  -29.60   -8.50
 l  36  13   -1.54   -8.84
 g  36  13  -29.44   -8.84
 l  36  14   -1.45   -8.79
 g  36  14  -29.35   -8.79
 l  36  15   -1.43   -8.20
 g  36  15  -29.33   -8.20
 l  36  16    0.33   -8.50
 g  36  16  -27.57   -8.50
 l  36  17    1.33   -9.06
 g  36  17  -26.57   -9.06
 l  36  18    1.89   -8.49
 g  36  18  -26.01   -8.49
 l  36  19    1.96   -8.72
 g  36  19  -25.94   -8.72
 l  36  20    0.74   -7.51
 g  36  20  -27.16   -7.51
 l  36  21    0.00    0.00
 g  36  21    0.00    0.00
 l  36  22    2.23   -7.97
 g  36  22  -25.67   -7.97
 l  36  23    1.30   -7.93
 g  36  23  -26.60   -7.93
 l  36  24   -0.75   -8.47
 g  36  24  -28.65   -8.47
 l  36  25   -0.40   -8.95
 g  36  25  -28.30   -8.95
 l  36  26    0.25   -8.94
 g  36  26  -27.65   -8.94
 l  36  27   -2.10   -8.90
 g  36  27  -30.00   -8.90
 l  36  28   -0.84   -8.70
 g  36  28  -28.74   -8.70
 l  36  29   -0.55   -8.46
 g  36  29  -28.45   -8.46
 l  36  30   -1.18   -8.42
 g  36  30  -29.08   -8.42
 l  36  31   -0.68   -8.33
 g  36  31  -28.58   -8.33
 l  37   0    0.00    0.00
 g  37   0    0.00    0.00
 l  37   1    0.00    0.00
 g  37   1    0.00    0.00
 l  37   2    0.00    0.00
 g  37   2    0.00    0.00
 l  37   3    0.00    0.00
 g  37   3    0.00    0.00
 l  37   4    0.00    0.00
 g  37   4    0.00    0.00
 l  37   5    0.00    0.00
 g  37   5    0.00    0.00
 l  37   6    0.00    0.00
 g  37   6    0.00    0.00
 l  37   7    0.00    0.00
 g  37   7    0.00    0.00
 l  37   8    0.00    0.00
 g  37   8    0.00    0.00
 l  37   9   -0.75   -8.32
 g  37   9  -58.45   -8.32
 l  37  10   -0.52   -8.62
 g  37  10  -58.22   -8.62
 l  37  11   -0.68   -8.74
 g  37  11  -58.38   -8.74
 l  37  12   -0.14   -8.21
 g  37  12  -57.84   -8.21
 l  37  13   -0.50   -8.78
 g  37  13  -58.20   -8.78
 l  37  14   -0.70   -8.52
 g  37  14  -58.40   -8.52
 l  37  15   -1.26   -8.37
 g  37  15  -58.96   -8.37
 l  37  16   -1.94   -8.44
 g  37  16  -59.64   -8.44
 l  37  17   -0.95   -8.32
 g  37  17  -58.65   -8.32
 l  37  18   -0.51   -8.59
 g  37  18  -58.21   -8.59
 l  37  19   -0.88   -8.44
 g  37  19  -58.58   -8.44
 l  37  20   -0.24   -8.24
 g  37  20  -57.94   -8.24
 l  37  21   -0.24   -8.43
 g  37  21  -57.94   -8.43
 l  37  22    0.06   -8.25
 g  37  22  -57.64   -8.25
 l  37  23   -0.54   -8.35
 g  37  23  -58.24   -8.35
 l  37  24   -1.19   -8.54
 g  37  24  -58.89   -8.54
 l  37  25   -0.23   -8.18
 g  37  25  -57.93   -8.18
 l  37  26   -0.22   -8.58
 g  37  26  -57.92   -8.58
 l  37  27   -2.20   -8.25
 g  37  27  -59.90   -8.25
 l  37  28   -1.61   -8.51
 g  37  28  -59.31   -8.51
 l  37  29   -0.81   -7.84
 g  37  29  -58.51   -7.84
 l  37  30   -0.59   -8.43
 g  37  30  -58.29   -8.43
 l  37  31   -1.11   -8.32
 g  37  31  -58.81   -8.32
 l  38   0    0.00    0.00
 g  38   0    0.00    0.00
 l  38   1    0.00    0.00
 g  38   1    0.00    0.00
 l  38   2    0.00    0.00
 g  38   2    0.00    0.00
 l  38   3    0.00    0.00
 g  38   3    0.00    0.00
 l  38   4    0.00    0.00
 g  38   4    0.00    0.00
 l  38   5    0.00    0.00
 g  38   5    0.00    0.00
 l  38   6    0.00    0.00
 g  38   6    0.00    0.00
 l  38   7    0.00    0.00
 g  38   7    0.00    0.00
 l  38   8    0.00    0.00
 g  38   8    0.00    0.00
 l  38   9    0.00    0.00
 g  38   9    0.00    0.00
 l  38  10   -2.62   -8.72
 g  38  10  -90.12   -8.72
 l  38  11   -1.97   -7.68
 g  38  11  -89.47   -7.68
 l  38  12   -2.74   -8.41
 g  38  12  -90.24   -8.41
 l  38  13   -1.01   -8.28
 g  38  13  -88.51   -8.28
 l  38  14   -3.05   -8.48
 g  38  14  -90.55   -8.48
 l  38  15   -2.53   -7.89
 g  38  15  -90.03   -7.89
 l  38  16   -0.95   -8.19
 g  38  16  -88.45   -8.19
 l  38  17   -2.00   -8.44
 g  38  17  -89.50   -8.44
 l  38  18   -0.95   -8.04
 g  38  18  -88.45   -8.04
 l  38  19   -1.59   -8.07
 g  38  19  -89.09   -8.07
 l  38  20   -2.43   -8.27
 g  38  20  -89.93   -8.27
 l  38  21   -2.50   -8.06
 g  38  21  -90.00   -8.06
 l  38  22   -2.83   -8.10
 g  38  22  -90.33   -8.10
 l  38  23   -0.64   -7.93
 g  38  23  -88.14   -7.93
 l  38  24   -1.51   -8.11
 g  38  24  -89.01   -8.11
 l  38  25   -0.52   -7.93
 g  38  25  -88.02   -7.93
 l  38  26   -0.69   -7.88
 g  38  26  -88.19   -7.88
 l  38  27   -0.85   -8.28
 g  38  27  -88.35   -8.28
 l  38  28   -0.64   -8.15
 g  38  28  -88.14   -8.15
 l  38  29   -2.13   -8.31
 g  38  29  -89.63   -8.31
 l  38  30   -3.07   -8.19
 g  38  30  -90.57   -8.19
 l  38  31   -1.15   -8.32
 g  38  31  -88.65   -8.32
 l  39   0    0.00    0.00
 g  39   0    0.00    0.00
 l  39   1    0.00    0.00
 g  39   1    0.00    0.00
 l  39   2    0.00    0.00
 g  39   2    0.00    0.00
 l  39   3    0.00    0.00
 g  39   3    0.00    0.00
 l  39   4    0.00    0.00
 g  39   4    0.00    0.00
 l  39   5    0.00    0.00
 g  39   5    0.00    0.00
 l  39   6    0.00    0.00
 g  39   6    0.00    0.00
 l  39   7    0.00    0.00
 g  39   7    0.00    0.00
 l  39   8   -1.58    8.15
 g  39   8  -44.78    8.15
 l  39   9   -2.01    7.95
 g  39   9  -45.21    7.95
 l  39  10   -0.41    8.33
 g  39  10  -43.61    8.33
 l  39  11   -0.25    8.50
 g  39  11  -43.45    8.50
 l  39  12   -0.64    8.32
 g  39  12  -43.84    8.32
 l  39  13    0.00    8.41
 g  39  13  -43.20    8.41
 l  39  14    0.02    8.54
 g  39  14  -43.18    8.54
 l  39  15   -0.41    8.37
 g  39  15  -43.61    8.37
 l  39  16   -0.04    8.31
 g  39  16  -43.24    8.31
 l  39  17   -0.10    8.45
 g  39  17  -43.30    8.45
 l  39  18    0.00    0.00
 g  39  18    0.00    0.00
 l  39  19   -0.65    8.61
 g  39  19  -43.85    8.61
 l  39  20   -2.34    8.76
 g  39  20  -45.54    8.76
 l  39  21   -0.81    8.31
 g  39  21  -44.01    8.31
 l  39  22    0.01    8.34
 g  39  22  -43.19    8.34
 l  39  23   -1.07    8.28
 g  39  23  -44.27    8.28
 l  39  24   -1.05    8.20
 g  39  24  -44.25    8.20
 l  39  25   -0.77    8.34
 g  39  25  -43.97    8.34
 l  39  26    0.00    0.00
 g  39  26    0.00    0.00
 l  39  27   -0.09    8.11
 g  39  27  -43.29    8.11
 l  39  28   -0.87    8.18
 g  39  28  -44.07    8.18
 l  39  29   -1.77    7.77
 g  39  29  -44.97    7.77
 l  39  30   -1.96    8.07
 g  39  30  -45.16    8.07
 l  39  31   -0.39    8.05
 g  39  31  -43.59    8.05
 l  40   0    0.00    0.00
 g  40   0    0.00    0.00
 l  40   1    0.00    0.00
 g  40   1    0.00    0.00
 l  40   2    0.00    0.00
 g  40   2    0.00    0.00
 l  40   3    0.00    0.00
 g  40   3    0.00    0.00
 l  40   4    0.00    0.00
 g  40   4    0.00    0.00
 l  40   5    0.00    0.00
 g  40   5    0.00    0.00
 l  40   6    0.00    0.00
 g  40   6    0.00    0.00
 l  40   7    0.00    0.00
 g  40   7    0.00    0.00
 l  40   8   -0.41    9.27
 g  40   8  -73.81    9.27
 l  40   9   -3.01    8.03
 g  40   9  -76.41    8.03
 l  40  10   -1.13    7.77
 g  40  10  -74.53    7.77
 l  40  11   -0.59    8.36
 g  40  11  -73.99    8.36
 l  40  12   -0.82    8.41
 g  40  12  -74.22    8.41
 l  40  13   -2.04    8.19
 g  40  13  -75.44    8.19
 l  40  14   -2.13    7.97
 g  40  14  -75.53    7.97
 l  40  15   -0.48    8.02
 g  40  15  -73.88    8.02
 l  40  16   -0.65    8.37
 g  40  16  -74.05    8.37
 l  40  17   -1.72    8.11
 g  40  17  -75.12    8.11
 l  40  18   -1.41    8.28
 g  40  18  -74.81    8.28
 l  40  19   -0.90    8.11
 g  40  19  -74.30    8.11
 l  40  20   -1.08    8.04
 g  40  20  -74.48    8.04
 l  40  21   -1.59    8.17
 g  40  21  -74.99    8.17
 l  40  22   -0.58    8.32
 g  40  22  -73.98    8.32
 l  40  23   -1.27    8.12
 g  40  23  -74.67    8.12
 l  40  24   -1.15    8.43
 g  40  24  -74.55    8.43
 l  40  25   -0.62    8.20
 g  40  25  -74.02    8.20
 l  40  26   -2.31    7.89
 g  40  26  -75.71    7.89
 l  40  27   -0.74    8.33
 g  40  27  -74.14    8.33
 l  40  28   -0.60    8.32
 g  40  28  -74.00    8.32
 l  40  29   -0.31    8.36
 g  40  29  -73.71    8.36
 l  40  30   -0.51    8.30
 g  40  30  -73.91    8.30
 l  40  31   -1.28    7.86
 g  40  31  -74.68    7.86
 l  41   0    0.00    0.00
 g  41   0    0.00    0.00
 l  41   1    0.00    0.00
 g  41   1    0.00    0.00
 l  41   2    0.00    0.00
 g  41   2    0.00    0.00
 l  41   3    0.00    0.00
 g  41   3    0.00    0.00
 l  41   4    0.00    0.00
 g  41   4    0.00    0.00
 l  41   5    0.00    0.00
 g  41   5    0.00    0.00
 l  41   6    0.00    0.00
 g  41   6    0.00    0.00
 l  41   7    0.00    0.00
 g  41   7    0.00    0.00
 l  41   8    0.00    0.00
 g  41   8    0.00    0.00
 l  41   9    0.00    0.00
 g  41   9    0.00    0.00
 l  41  10   -3.00    8.34
 g  41  10 -106.60    8.34
 l  41  11   -1.69    7.62
 g  41  11 -105.29    7.62
 l  41  12   -2.12    7.77
 g  41  12 -105.72    7.77
 l  41  13    0.61    7.74
 g  41  13 -102.99    7.74
 l  41  14   -0.76    8.05
 g  41  14 -104.36    8.05
 l  41  15   -1.43    7.81
 g  41  15 -105.03    7.81
 l  41  16   -2.62    8.25
 g  41  16 -106.22    8.25
 l  41  17   -1.11    8.14
 g  41  17 -104.71    8.14
 l  41  18   -1.32    8.32
 g  41  18 -104.92    8.32
 l  41  19   -1.77    8.72
 g  41  19 -105.37    8.72
 l  41  20   -1.07    8.31
 g  41  20 -104.67    8.31
 l  41  21   -1.60    8.25
 g  41  21 -105.20    8.25
 l  41  22   -1.82    8.11
 g  41  22 -105.42    8.11
 l  41  23   -2.40    7.81
 g  41  23 -106.00    7.81
 l  41  24   -2.10    8.62
 g  41  24 -105.70    8.62
 l  41  25   -0.76    8.66
 g  41  25 -104.36    8.66
 l  41  26   -0.92    8.14
 g  41  26 -104.52    8.14
 l  41  27   -2.00    8.26
 g  41  27 -105.60    8.26
 l  41  28   -0.78    8.23
 g  41  28 -104.38    8.23
 l  41  29   -1.59    8.13
 g  41  29 -105.19    8.13
 l  41  30   -0.45    8.53
 g  41  30 -104.05    8.53
 l  41  31   -2.89    8.23
 g  41  31 -106.49    8.23
 l  42   0   -3.53    8.48
 g  42   0  119.57    8.48
 l  42   1   -1.60    8.48
 g  42   1  121.50    8.48
 l  42   2   -2.73    8.47
 g  42   2  120.37    8.47
 l  42   3   -2.55    8.53
 g  42   3  120.55    8.53
 l  42   4   -2.86    8.71
 g  42   4  120.24    8.71
 l  42   5   -3.44    8.64
 g  42   5  119.65    8.64
 l  42   6   -3.03    8.80
 g  42   6  120.07    8.80
 l  42   7   -1.96    8.71
 g  42   7  121.14    8.71
 l  42   8   -3.22    8.65
 g  42   8  119.88    8.65
 l  42   9   -3.25    8.72
 g  42   9  119.85    8.72
 l  42  10   -2.80    8.63
 g  42  10  120.30    8.63
 l  42  11   -2.51    8.77
 g  42  11  120.59    8.77
 l  42  12   -3.02    8.63
 g  42  12  120.08    8.63
 l  42  13   -3.10    8.62
 g  42  13  120.00    8.62
 l  42  14   -3.65    8.66
 g  42  14  119.45    8.66
 l  42  15   -3.07    8.04
 g  42  15  120.03    8.04
 l  43   0   -2.05   -8.85
 g  43   0   73.35   -8.85
 l  43   1   -2.30   -8.93
 g  43   1   73.10   -8.93
 l  43   2   -1.72   -8.88
 g  43   2   73.68   -8.88
 l  43   3   -1.44   -9.51
 g  43   3   73.96   -9.51
 l  43   4    1.05   -9.36
 g  43   4   76.45   -9.36
 l  43   5    0.21   -9.44
 g  43   5   75.61   -9.44
 l  43   6   -1.13   -9.54
 g  43   6   74.27   -9.54
 l  43   7   -1.19   -9.60
 g  43   7   74.21   -9.60
 l  43   8   -0.22   -9.59
 g  43   8   75.18   -9.59
 l  43   9   -1.33   -9.58
 g  43   9   74.07   -9.58
 l  43  10   -1.36   -9.55
 g  43  10   74.04   -9.55
 l  43  11   -0.66   -9.54
 g  43  11   74.74   -9.54
 l  43  12   -0.50   -9.52
 g  43  12   74.90   -9.52
 l  43  13   -0.88   -9.41
 g  43  13   74.52   -9.41
 l  43  14   -2.24   -9.30
 g  43  14   73.16   -9.30
 l  43  15   -2.06   -9.05
 g  43  15   73.34   -9.05
 l  44   0    1.56    8.59
 g  44   0   22.76    8.59
 l  44   1    1.19    8.94
 g  44   1   22.39    8.94
 l  44   2    1.45    8.46
 g  44   2   22.65    8.46
 l  44   3    0.78    9.38
 g  44   3   21.98    9.38
 l  44   4    1.54    8.56
 g  44   4   22.74    8.56
 l  44   5    2.08    8.48
 g  44   5   23.28    8.48
 l  44   6    1.65    8.99
 g  44   6   22.85    8.99
 l  44   7   -0.25    8.98
 g  44   7   20.95    8.98
 l  44   8    0.70    8.51
 g  44   8   21.90    8.51
 l  44   9    1.51    8.93
 g  44   9   22.71    8.93
 l  44  10    1.22    8.38
 g  44  10   22.42    8.38
 l  44  11    1.09    8.89
 g  44  11   22.29    8.89
 l  44  12    1.88    8.75
 g  44  12   23.08    8.75
 l  44  13    0.15    8.60
 g  44  13   21.35    8.60
 l  44  14    0.09    8.85
 g  44  14   21.29    8.85
 l  44  15    2.53    8.19
 g  44  15   23.73    8.19
 l  45   0    1.50   -8.72
 g  45   0  -31.50   -8.72
 l  45   1    0.88   -8.71
 g  45   1  -32.12   -8.71
 l  45   2    1.17   -9.00
 g  45   2  -31.83   -9.00
 l  45   3    0.72   -9.21
 g  45   3  -32.28   -9.21
 l  45   4    0.63   -9.27
 g  45   4  -32.37   -9.27
 l  45   5    1.21   -9.14
 g  45   5  -31.79   -9.14
 l  45   6    0.83   -9.29
 g  45   6  -32.17   -9.29
 l  45   7    0.46   -9.28
 g  45   7  -32.54   -9.28
 l  45   8    1.07   -9.31
 g  45   8  -31.93   -9.31
 l  45   9    1.21   -9.18
 g  45   9  -31.79   -9.18
 l  45  10    0.63   -9.23
 g  45  10  -32.37   -9.23
 l  45  11    0.84   -9.19
 g  45  11  -32.16   -9.19
 l  45  12    0.92   -9.21
 g  45  12  -32.08   -9.21
 l  45  13    0.16   -9.07
 g  45  13  -32.84   -9.07
 l  45  14    1.42   -9.10
 g  45  14  -31.58   -9.10
 l  45  15    0.91   -8.58
 g  45  15  -32.09   -8.58
 l  46   0   -0.18    8.59
 g  46   0  -87.38    8.59
 l  46   1    1.78    8.39
 g  46   1  -85.42    8.39
 l  46   2    0.81    8.59
 g  46   2  -86.39    8.59
 l  46   3   -0.38    9.06
 g  46   3  -87.58    9.06
 l  46   4   -0.15    8.94
 g  46   4  -87.35    8.94
 l  46   5    0.54    9.14
 g  46   5  -86.66    9.14
 l  46   6   -0.59    9.06
 g  46   6  -87.79    9.06
 l  46   7    0.74    9.07
 g  46   7  -86.46    9.07
 l  46   8   -0.07    9.12
 g  46   8  -87.27    9.12
 l  46   9    0.14    9.18
 g  46   9  -87.06    9.18
 l  46  10    0.99    9.12
 g  46  10  -86.21    9.12
 l  46  11   -2.28    9.04
 g  46  11  -89.48    9.04
 l  46  12    0.51    9.08
 g  46  12  -86.69    9.08
 l  46  13    0.61    9.06
 g  46  13  -86.59    9.06
 l  46  14    0.46    8.97
 g  46  14  -86.74    8.97
 l  46  15    0.36    8.76
 g  46  15  -86.84    8.76
 l  47   0    0.41   -8.80
 g  47   0 -135.41   -8.70
 l  47   1   -0.72   -9.38
 g  47   1 -136.18   -8.44
 l  47   2   -3.52   -8.86
 g  47   2 -139.42   -8.87
 l  47   3    0.79   -8.88
 g  47   3 -135.02   -8.77
 l  47   4   -0.79   -8.92
 g  47   4 -136.67   -8.90
 l  47   5    0.22   -8.88
 g  47   5 -135.56   -8.77
 l  47   6   -0.07   -8.95
 g  47   6 -135.94   -8.91
 l  47   7    0.90   -8.79
 g  47   7 -134.90   -8.68
 l  47   8    0.84   -8.67
 g  47   8 -135.17   -8.76
 l  47   9   -0.10   -9.00
 g  47   9 -135.87   -8.88
 l  47  10   -0.72   -9.02
 g  47  10 -136.50   -8.81
 l  47  11    0.26   -8.87
 g  47  11 -135.63   -8.85
 l  47  12   -0.55   -8.80
 g  47  12 -136.40   -8.74
 l  47  13    0.30   -8.70
 g  47  13 -135.59   -8.69
 l  47  14    0.07   -8.70
 g  47  14 -135.81   -8.66
 l  47  15    0.17   -8.91
 g  47  15 -135.37   -8.53
 l  48   0    0.00    0.00
 g  48   0    0.00    0.00
 l  48   1    0.87    9.12
 g  48   1 -137.76    8.88
 l  48   2    0.00    0.00
 g  48   2    0.00    0.00
 l  48   3   -2.23    9.36
 g  48   3 -140.85    8.98
 l  48   4    0.96    9.41
 g  48   4 -137.75    9.29
 l  48   5    0.16    9.07
 g  48   5 -138.65    9.06
 l  48   6    0.00    0.00
 g  48   6    0.00    0.00
 l  48   7   -0.23    9.58
 g  48   7 -138.81    9.34
 l  48   8    0.43    9.45
 g  48   8 -138.31    9.37
 l  48   9    0.80    9.28
 g  48   9 -137.91    9.19
 l  48  10    0.57    9.11
 g  48  10 -138.22    9.09
 l  48  11    0.70    9.25
 g  48  11 -137.97    9.10
 l  48  12    0.02    9.28
 g  48  12 -138.38    8.74
 l  48  13    0.56    9.08
 g  48  13 -137.92    8.60
 l  48  14    0.00    0.00
 g  48  14    0.00    0.00
 l  48  15    0.00    0.00
 g  48  15    0.00    0.00
 l  49   0    0.00    0.00
 g  49   0    0.00    0.00
 l  49   1    0.00    0.00
 g  49   1    0.00    0.00
 l  49   2    0.00    0.00
 g  49   2    0.00    0.00
 l  49   3    0.00    0.00
 g  49   3    0.00    0.00
 l  49   4    0.09   -8.78
 g  49   4 -135.84   -8.81
 l  49   5    1.97   -9.14
 g  49   5 -133.93   -9.14
 l  49   6    0.24   -8.73
 g  49   6 -135.66   -8.04
 l  49   7    0.43   -8.79
 g  49   7 -135.46   -8.73
 l  49   8    0.36   -9.00
 g  49   8 -135.52   -8.96
 l  49   9    0.53   -9.13
 g  49   9 -135.37   -9.13
 l  49  10    0.00    0.00
 g  49  10    0.00    0.00
 l  49  11   -0.17   -9.08
 g  49  11 -136.04   -9.05
 l  49  12   -0.06   -8.98
 g  49  12 -135.91   -8.91
 l  49  13   -0.26   -9.12
 g  49  13 -136.00   -8.92
 l  49  14   -0.98   -8.97
 g  49  14 -136.74   -8.73
 l  49  15    0.54   -8.82
 g  49  15 -135.34   -8.78
 l  50   0    0.00    0.00
 g  50   0    0.00    0.00
 l  50   1    0.00    0.00
 g  50   1    0.00    0.00
 l  50   2    0.00    0.00
 g  50   2    0.00    0.00
 l  50   3    0.00    0.00
 g  50   3    0.00    0.00
 l  50   4    0.00    0.00
 g  50   4    0.00    0.00
 l  50   5    0.00    0.00
 g  50   5    0.00    0.00
 l  50   6    0.00    0.00
 g  50   6    0.00    0.00
 l  50   7    0.00    0.00
 g  50   7    0.00    0.00
 l  50   8    0.00    0.00
 g  50   8    0.00    0.00
 l  50   9    0.00    0.00
 g  50   9    0.00    0.00
 l  50  10    0.00    0.00
 g  50  10    0.00    0.00
 l  50  11    0.00    0.00
 g  50  11    0.00    0.00
 l  50  12    0.00    0.00
 g  50  12    0.00    0.00
 l  50  13    0.00    0.00
 g  50  13    0.00    0.00
 l  50  14    0.00    0.00
 g  50  14    0.00    0.00
 l  50  15    0.00    0.00
 g  50  15    0.00    0.00
 l  51   0    0.00    0.00
 g  51   0    0.00    0.00
 l  51   1   -3.00   -8.91
 g  51   1 -105.10   -8.91
 l  51   2   -2.29   -8.22
 g  51   2 -104.39   -8.22
 l  51   3   -1.12   -8.19
 g  51   3 -103.22   -8.19
 l  51   4   -0.83   -8.53
 g  51   4 -102.93   -8.53
 l  51   5   -1.53   -8.77
 g  51   5 -103.63   -8.77
 l  51   6   -3.08   -9.13
 g  51   6 -105.18   -9.13
 l  51   7    0.00    0.00
 g  51   7    0.00    0.00
 l  51   8   -1.97   -8.34
 g  51   8 -104.07   -8.34
 l  51   9   -2.10   -8.81
 g  51   9 -104.20   -8.81
 l  51  10   -1.46   -8.43
 g  51  10 -103.56   -8.43
 l  51  11   -1.70   -8.69
 g  51  11 -103.80   -8.69
 l  51  12   -1.51   -8.88
 g  51  12 -103.61   -8.88
 l  51  13   -1.58   -8.77
 g  51  13 -103.68   -8.77
 l  51  14   -2.32   -8.75
 g  51  14 -104.42   -8.75
 l  51  15   -2.39   -9.10
 g  51  15 -104.49   -9.10
 l  51  16   -0.84   -8.76
 g  51  16 -102.94   -8.76
 l  51  17   -2.05   -8.25
 g  51  17 -104.15   -8.25
 l  51  18   -1.95   -8.13
 g  51  18 -104.05   -8.13
 l  51  19   -2.24   -8.22
 g  51  19 -104.34   -8.22
 l  51  20   -2.27   -8.14
 g  51  20 -104.37   -8.14
 l  51  21   -2.04   -8.30
 g  51  21 -104.14   -8.30
 l  51  22   -0.27   -8.38
 g  51  22 -102.37   -8.38
 l  51  23   -2.46   -9.06
 g  51  23 -104.56   -9.06
 l  51  24   -0.95   -7.93
 g  51  24 -103.05   -7.93
 l  51  25   -1.84   -8.42
 g  51  25 -103.94   -8.42
 l  51  26   -2.01   -7.86
 g  51  26 -104.11   -7.86
 l  51  27   -0.01   -9.12
 g  51  27 -102.11   -9.12
 l  51  28   -0.79   -7.23
 g  51  28 -102.89   -7.23
 l  51  29   -1.16   -7.77
 g  51  29 -103.26   -7.77
 l  51  30    0.00    0.00
 g  51  30    0.00    0.00
 l  51  31   -0.83   -8.23
 g  51  31 -102.93   -8.23
 l  52   0    0.00    0.00
 g  52   0    0.00    0.00
 l  52   1    0.00    0.00
 g  52   1    0.00    0.00
 l  52   2    0.00    0.00
 g  52   2    0.00    0.00
 l  52   3    0.00    0.00
 g  52   3    0.00    0.00
 l  52   4    0.00    0.00
 g  52   4    0.00    0.00
 l  52   5    0.00    0.00
 g  52   5    0.00    0.00
 l  52   6    0.00    0.00
 g  52   6    0.00    0.00
 l  52   7    0.00    0.00
 g  52   7    0.00    0.00
 l  52   8    0.00    0.00
 g  52   8    0.00    0.00
 l  52   9    0.00    0.00
 g  52   9    0.00    0.00
 l  52  10    0.00    0.00
 g  52  10    0.00    0.00
 l  52  11    0.00    0.00
 g  52  11    0.00    0.00
 l  52  12    0.00    0.00
 g  52  12    0.00    0.00
 l  52  13    0.00    0.00
 g  52  13    0.00    0.00
 l  52  14    0.00    0.00
 g  52  14    0.00    0.00
 l  52  15    0.00    0.00
 g  52  15    0.00    0.00
 l  52  16    0.00    0.00
 g  52  16    0.00    0.00
 l  52  17    0.00    0.00
 g  52  17    0.00    0.00
 l  52  18    0.00    0.00
 g  52  18    0.00    0.00
 l  52  19    0.00    0.00
 g  52  19    0.00    0.00
 l  52  20    0.00    0.00
 g  52  20    0.00    0.00
 l  52  21    0.00    0.00
 g  52  21    0.00    0.00
 l  52  22    0.00    0.00
 g  52  22    0.00    0.00
 l  52  23    0.00    0.00
 g  52  23    0.00    0.00
 l  52  24    0.00    0.00
 g  52  24    0.00    0.00
 l  52  25    0.00    0.00
 g  52  25    0.00    0.00
 l  52  26    0.00    0.00
 g  52  26    0.00    0.00
 l  52  27    0.00    0.00
 g  52  27    0.00    0.00
 l  52  28    0.00    0.00
 g  52  28    0.00    0.00
 l  52  29    0.00    0.00
 g  52  29    0.00    0.00
 l  52  30    0.00    0.00
 g  52  30    0.00    0.00
 l  52  31    0.00    0.00
 g  52  31    0.00    0.00
 l  53   0    0.00    0.00
 g  53   0    0.00    0.00
 l  53   1    0.00    0.00
 g  53   1    0.00    0.00
 l  53   2    0.00    0.00
 g  53   2    0.00    0.00
 l  53   3    0.00    0.00
 g  53   3    0.00    0.00
 l  53   4    0.00    0.00
 g  53   4    0.00    0.00
 l  53   5    0.00    0.00
 g  53   5    0.00    0.00
 l  53   6    0.00    0.00
 g  53   6    0.00    0.00
 l  53   7    0.00    0.00
 g  53   7    0.00    0.00
 l  53   8    0.00    0.00
 g  53   8    0.00    0.00
 l  53   9    0.00    0.00
 g  53   9    0.00    0.00
 l  53  10    0.00    0.00
 g  53  10    0.00    0.00
 l  53  11    0.00    0.00
 g  53  11    0.00    0.00
 l  53  12    0.00    0.00
 g  53  12    0.00    0.00
 l  53  13    0.00    0.00
 g  53  13    0.00    0.00
 l  53  14    0.00    0.00
 g  53  14    0.00    0.00
 l  53  15    0.00    0.00
 g  53  15    0.00    0.00
 l  54   0    0.00    0.00
 g  54   0    0.00    0.00
 l  54   1    0.00    0.00
 g  54   1    0.00    0.00
 l  54   2    0.00    0.00
 g  54   2    0.00    0.00
 l  54   3    0.00    0.00
 g  54   3    0.00    0.00
 l  54   4    0.00    0.00
 g  54   4    0.00    0.00
 l  54   5    0.00    0.00
 g  54   5    0.00    0.00
 l  54   6    0.00    0.00
 g  54   6    0.00    0.00
 l  54   7    0.00    0.00
 g  54   7    0.00    0.00
 l  54   8    0.00    0.00
 g  54   8    0.00    0.00
 l  54   9    0.00    0.00
 g  54   9    0.00    0.00
 l  54  10    0.00    0.00
 g  54  10    0.00    0.00
 l  54  11    0.00    0.00
 g  54  11    0.00    0.00
 l  54  12    0.00    0.00
 g  54  12    0.00    0.00
 l  54  13    0.00    0.00
 g  54  13    0.00    0.00
 l  54  14    0.00    0.00
 g  54  14    0.00    0.00
 l  54  15    0.00    0.00
 g  54  15    0.00    0.00
 l  55   0    0.00    0.00
 g  55   0    0.00    0.00
 l  55   1    0.00    0.00
 g  55   1    0.00    0.00
 l  55   2    0.00    0.00
 g  55   2    0.00    0.00
 l  55   3    0.00    0.00
 g  55   3    0.00    0.00
 l  55   4    0.00    0.00
 g  55   4    0.00    0.00
 l  55   5    0.00    0.00
 g  55   5    0.00    0.00
 l  55   6    0.00    0.00
 g  55   6    0.00    0.00
 l  55   7    0.00    0.00
 g  55   7    0.00    0.00
 l  55   8    0.00    0.00
 g  55   8    0.00    0.00
 l  55   9    0.00    0.00
 g  55   9    0.00    0.00
 l  55  10    0.00    0.00
 g  55  10    0.00    0.00
 l  55  11    0.00    0.00
 g  55  11    0.00    0.00
 l  55  12    0.00    0.00
 g  55  12    0.00    0.00
 l  55  13    0.00    0.00
 g  55  13    0.00    0.00
 l  55  14    0.00    0.00
 g  55  14    0.00    0.00
 l  55  15    0.00    0.00
 g  55  15    0.00    0.00
 l  56   0    0.00    0.00
 g  56   0    0.00    0.00
 l  56   1    0.00    0.00
 g  56   1    0.00    0.00
 l  56   2    0.00    0.00
 g  56   2    0.00    0.00
 l  56   3    0.00    0.00
 g  56   3    0.00    0.00
 l  56   4    0.00    0.00
 g  56   4    0.00    0.00
 l  56   5    0.00    0.00
 g  56   5    0.00    0.00
 l  56   6    0.00    0.00
 g  56   6    0.00    0.00
 l  56   7    0.00    0.00
 g  56   7    0.00    0.00
 l  56   8    0.00    0.00
 g  56   8    0.00    0.00
 l  56   9    0.00    0.00
 g  56   9    0.00    0.00
 l  56  10    0.00    0.00
 g  56  10    0.00    0.00
 l  56  11    0.00    0.00
 g  56  11    0.00    0.00
 l  56  12    0.00    0.00
 g  56  12    0.00    0.00
 l  56  13    0.00    0.00
 g  56  13    0.00    0.00
 l  56  14    0.00    0.00
 g  56  14    0.00    0.00
 l  56  15    0.00    0.00
 g  56  15    0.00    0.00
 l  57   0    0.00    0.00
 g  57   0    0.00    0.00
 l  57   1    0.00    0.00
 g  57   1    0.00    0.00
 l  57   2    0.00    0.00
 g  57   2    0.00    0.00
 l  57   3    0.00    0.00
 g  57   3    0.00    0.00
 l  57   4    0.00    0.00
 g  57   4    0.00    0.00
 l  57   5    0.00    0.00
 g  57   5    0.00    0.00
 l  57   6    0.00    0.00
 g  57   6    0.00    0.00
 l  57   7    0.00    0.00
 g  57   7    0.00    0.00
 l  57   8    0.00    0.00
 g  57   8    0.00    0.00
 l  57   9    0.00    0.00
 g  57   9    0.00    0.00
 l  57  10    0.00    0.00
 g  57  10    0.00    0.00
 l  57  11    0.00    0.00
 g  57  11    0.00    0.00
 l  57  12    0.00    0.00
 g  57  12    0.00    0.00
 l  57  13    0.00    0.00
 g  57  13    0.00    0.00
 l  57  14    0.00    0.00
 g  57  14    0.00    0.00
 l  57  15    0.00    0.00
 g  57  15    0.00    0.00
 l  58   0    0.00    0.00
 g  58   0    0.00    0.00
 l  58   1    0.00    0.00
 g  58   1    0.00    0.00
 l  58   2    0.00    0.00
 g  58   2    0.00    0.00
 l  58   3    0.00    0.00
 g  58   3    0.00    0.00
 l  58   4    0.00    0.00
 g  58   4    0.00    0.00
 l  58   5    0.00    0.00
 g  58   5    0.00    0.00
 l  58   6    0.00    0.00
 g  58   6    0.00    0.00
 l  58   7    0.00    0.00
 g  58   7    0.00    0.00
 l  58   8    0.00    0.00
 g  58   8    0.00    0.00
 l  58   9    0.00    0.00
 g  58   9    0.00    0.00
 l  58  10    0.00    0.00
 g  58  10    0.00    0.00
 l  58  11    0.00    0.00
 g  58  11    0.00    0.00
 l  58  12    0.00    0.00
 g  58  12    0.00    0.00
 l  58  13    0.00    0.00
 g  58  13    0.00    0.00
 l  58  14    0.00    0.00
 g  58  14    0.00    0.00
 l  58  15    0.00    0.00
 g  58  15    0.00    0.00
