   0   0    0.00
   0   1    0.00
   0   2    0.00
   0   3    0.00
   0   4    0.00
   0   5    0.00
   0   6    0.00
   0   7    0.00
   0   8    0.00
   0   9    0.00
   0  10    0.00
   0  11    0.00
   0  12    0.00
   0  13    0.00
   0  14    0.00
   0  15    0.00
   0  16    0.00
   0  17    0.00
   0  18    0.00
   0  19    0.00
   0  20    0.00
   0  21    0.00
   0  22    0.00
   0  23    0.00
   0  24    0.00
   0  25    0.00
   0  26    0.00
   0  27    0.00
   0  28    0.00
   0  29    0.00
   0  30    0.00
   0  31    0.00
   1   0    0.00
   1   1    0.00
   1   2    0.00
   1   3    0.00
   1   4    0.00
   1   5    0.00
   1   6    0.00
   1   7    0.00
   1   8    0.00
   1   9    0.00
   1  10    0.00
   1  11    0.00
   1  12    0.00
   1  13    0.00
   1  14    0.00
   1  15    0.00
   1  16    0.00
   1  17    0.00
   1  18    0.00
   1  19    0.00
   1  20    0.00
   1  21    0.00
   1  22    0.00
   1  23    0.00
   1  24    0.00
   1  25    0.00
   1  26    0.00
   1  27    0.00
   1  28    0.00
   1  29    0.00
   1  30    0.00
   1  31    0.00
   2   0    0.00
   2   1   -1.12
   2   2   -1.00
   2   3   -1.00
   2   4   -1.07
   2   5   -1.08
   2   6   -1.03
   2   7   -0.98
   2   8   -1.13
   2   9   -1.09
   2  10   -1.07
   2  11   -1.07
   2  12   -1.02
   2  13   -1.03
   2  14   -0.98
   2  15   -0.98
   2  16   -1.02
   2  17   -1.00
   2  18   -1.03
   2  19   -1.01
   2  20   -1.04
   2  21   -1.07
   2  22   -0.71
   2  23   -0.93
   2  24   -0.97
   2  25   -0.89
   2  26   -0.96
   2  27   -0.98
   2  28   -0.93
   2  29   -0.86
   2  30   -0.78
   2  31   -0.61
   3   0    0.00
   3   1   -1.21
   3   2   -0.98
   3   3   -1.00
   3   4   -1.06
   3   5   -0.95
   3   6   -0.91
   3   7   -0.94
   3   8   -1.03
   3   9   -1.02
   3  10   -0.93
   3  11   -0.93
   3  12   -0.93
   3  13   -0.95
   3  14   -0.93
   3  15   -0.86
   3  16   -0.90
   3  17   -0.92
   3  18   -0.91
   3  19   -0.90
   3  20   -0.96
   3  21   -1.00
   3  22   -0.72
   3  23   -0.89
   3  24   -0.88
   3  25   -0.87
   3  26   -0.81
   3  27   -0.80
   3  28   -0.83
   3  29   -0.80
   3  30   -0.60
   3  31   -0.38
   4   0    0.00
   4   1    0.00
   4   2    0.00
   4   3    0.00
   4   4    0.00
   4   5    0.00
   4   6    0.00
   4   7    0.00
   4   8    0.00
   4   9    0.00
   4  10    0.00
   4  11    0.00
   4  12    0.00
   4  13    0.00
   4  14    0.00
   4  15    0.00
   4  16    0.00
   4  17    0.00
   4  18    0.00
   4  19    0.00
   4  20    0.00
   4  21    0.00
   4  22    0.00
   4  23    0.00
   4  24    0.00
   4  25    0.00
   4  26    0.00
   4  27    0.00
   4  28    0.00
   4  29    0.00
   4  30    0.00
   4  31    0.00
   5   0    0.00
   5   1   -0.95
   5   2   -0.74
   5   3   -0.86
   5   4   -0.96
   5   5   -1.02
   5   6   -0.90
   5   7   -0.94
   5   8   -1.05
   5   9   -1.04
   5  10   -0.97
   5  11   -0.97
   5  12   -0.98
   5  13   -0.96
   5  14   -0.90
   5  15   -0.89
   5  16   -0.94
   5  17   -0.95
   5  18   -0.92
   5  19   -0.84
   5  20   -0.89
   5  21   -0.81
   5  22   -0.81
   5  23   -0.82
   5  24   -0.88
   5  25   -0.82
   5  26   -0.85
   5  27   -0.87
   5  28   -0.80
   5  29   -0.79
   5  30   -0.74
   5  31   -0.16
   6   0    0.00
   6   1    0.00
   6   2    0.00
   6   3    0.00
   6   4    0.00
   6   5    0.00
   6   6    0.00
   6   7    0.00
   6   8    0.00
   6   9    0.00
   6  10    0.00
   6  11    0.00
   6  12    0.00
   6  13    0.00
   6  14    0.00
   6  15    0.00
   6  16    0.00
   6  17    0.00
   6  18    0.00
   6  19    0.00
   6  20    0.00
   6  21    0.00
   6  22    0.00
   6  23    0.00
   6  24    0.00
   6  25    0.00
   6  26    0.00
   6  27    0.00
   6  28    0.00
   6  29    0.00
   6  30    0.00
   6  31    0.00
   7   0    0.00
   7   1    0.00
   7   2    0.00
   7   3    0.00
   7   4    0.00
   7   5    0.00
   7   6    0.00
   7   7    0.00
   7   8    0.00
   7   9    0.00
   7  10    0.00
   7  11    0.00
   7  12    0.00
   7  13    0.00
   7  14    0.00
   7  15    0.00
   7  16    0.00
   7  17    0.00
   7  18    0.00
   7  19    0.00
   7  20    0.00
   7  21    0.00
   7  22    0.00
   7  23    0.00
   7  24    0.00
   7  25    0.00
   7  26    0.00
   7  27    0.00
   7  28    0.00
   7  29    0.00
   7  30    0.00
   7  31    0.00
   8   0    0.00
   8   1   -0.96
   8   2   -0.87
   8   3   -0.69
   8   4   -0.70
   8   5   -0.73
   8   6   -0.75
   8   7   -0.87
   8   8   -0.97
   8   9   -1.00
   8  10   -0.94
   8  11   -0.95
   8  12   -0.95
   8  13   -0.96
   8  14   -0.90
   8  15   -0.87
   8  16   -0.92
   8  17   -0.91
   8  18   -0.87
   8  19   -0.91
   8  20   -0.90
   8  21   -0.97
   8  22   -0.64
   8  23   -0.80
   8  24   -0.82
   8  25   -0.82
   8  26   -0.80
   8  27   -0.78
   8  28   -0.86
   8  29   -0.66
   8  30   -0.73
   8  31   -0.47
   9   0    0.00
   9   1    0.00
   9   2    0.00
   9   3    2.95
   9   4    0.00
   9   5    0.00
   9   6    1.72
   9   7    0.99
   9   8    0.02
   9   9   -0.63
   9  10   -0.70
   9  11   -0.75
   9  12   -0.40
   9  13   -1.40
   9  14   -1.12
   9  15   -1.32
   9  16   -1.45
   9  17   -1.08
   9  18   -1.20
   9  19   -1.49
   9  20   -1.48
   9  21   -1.32
   9  22   -0.68
   9  23   -1.03
   9  24   -1.25
   9  25   -0.85
   9  26   -0.99
   9  27   -0.88
   9  28   -0.73
   9  29   -1.15
   9  30   -1.12
   9  31   -1.07
  10   0    0.00
  10   1    0.00
  10   2    0.00
  10   3    0.00
  10   4    0.00
  10   5    0.00
  10   6    0.00
  10   7    0.00
  10   8    0.00
  10   9    0.00
  10  10    0.00
  10  11    0.00
  10  12    0.00
  10  13    0.00
  10  14    0.00
  10  15    0.00
  10  16    0.00
  10  17    0.00
  10  18    0.00
  10  19    0.00
  10  20    0.00
  10  21    0.00
  10  22    0.00
  10  23    0.00
  10  24    0.00
  10  25    0.00
  10  26    0.00
  10  27    0.00
  10  28    0.00
  10  29    0.00
  10  30    0.00
  10  31    0.00
  11   0    0.00
  11   1   -1.00
  11   2   -1.01
  11   3   -1.09
  11   4   -1.14
  11   5   -1.04
  11   6   -1.02
  11   7   -0.95
  11   8   -1.16
  11   9   -1.09
  11  10   -0.95
  11  11   -0.97
  11  12   -1.02
  11  13   -0.95
  11  14   -0.91
  11  15   -0.87
  11  16   -0.96
  11  17   -0.93
  11  18   -0.93
  11  19   -0.91
  11  20   -0.96
  11  21   -0.89
  11  22   -0.83
  11  23   -0.80
  11  24   -0.88
  11  25   -0.86
  11  26   -0.92
  11  27   -0.76
  11  28   -0.76
  11  29   -0.76
  11  30   -0.63
  11  31    0.06
  12   0    0.00
  12   1   -0.93
  12   2   -0.90
  12   3   -0.92
  12   4   -0.91
  12   5   -0.91
  12   6   -0.88
  12   7   -0.83
  12   8   -0.92
  12   9   -0.91
  12  10   -0.87
  12  11   -0.79
  12  12   -0.83
  12  13   -0.85
  12  14   -0.80
  12  15   -0.77
  12  16   -0.81
  12  17   -0.79
  12  18   -0.74
  12  19   -0.79
  12  20   -0.83
  12  21   -0.66
  12  22   -0.68
  12  23   -0.70
  12  24   -0.78
  12  25   -0.75
  12  26   -0.80
  12  27   -0.58
  12  28   -0.70
  12  29   -0.64
  12  30   -0.58
  12  31    0.02
  13   0    0.00
  13   1    0.00
  13   2    0.00
  13   3    0.00
  13   4    0.00
  13   5    0.00
  13   6    0.00
  13   7    0.00
  13   8    0.00
  13   9    0.00
  13  10    0.00
  13  11    0.00
  13  12    0.00
  13  13    0.00
  13  14    0.00
  13  15    0.00
  13  16    0.00
  13  17    0.00
  13  18    0.00
  13  19    0.00
  13  20    0.00
  13  21    0.00
  13  22    0.00
  13  23    0.00
  13  24    0.00
  13  25    0.00
  13  26    0.00
  13  27    0.00
  13  28    0.00
  13  29    0.00
  13  30    0.00
  13  31    0.00
  14   0    0.00
  14   1    0.00
  14   2    0.00
  14   3    0.00
  14   4   -0.37
  14   5    0.71
  14   6    0.00
  14   7    0.11
  14   8   -0.03
  14   9    0.05
  14  10   -0.21
  14  11   -0.13
  14  12   -0.33
  14  13   -0.39
  14  14   -0.39
  14  15   -0.32
  14  16   -0.40
  14  17   -0.49
  14  18   -0.46
  14  19   -0.40
  14  20   -0.43
  14  21   -0.43
  14  22   -0.39
  14  23   -0.42
  14  24   -0.48
  14  25   -0.33
  14  26   -0.37
  14  27   -0.35
  14  28   -0.39
  14  29   -0.39
  14  30   -0.44
  14  31   -0.57
  15   0    0.00
  15   1    0.00
  15   2    0.00
  15   3    0.00
  15   4    0.00
  15   5    0.00
  15   6    0.45
  15   7    0.36
  15   8    0.16
  15   9   -0.18
  15  10   -0.45
  15  11   -0.34
  15  12   -0.45
  15  13   -0.52
  15  14   -0.56
  15  15   -0.45
  15  16   -0.65
  15  17   -0.60
  15  18   -0.62
  15  19   -0.58
  15  20   -0.52
  15  21   -0.45
  15  22   -0.52
  15  23   -0.46
  15  24   -0.57
  15  25   -0.45
  15  26   -0.41
  15  27   -0.45
  15  28   -0.49
  15  29   -0.52
  15  30   -0.54
  15  31   -0.32
  16   0    0.00
  16   1    0.00
  16   2    0.00
  16   3    2.79
  16   4    0.00
  16   5    0.00
  16   6    0.52
  16   7    0.16
  16   8   -0.02
  16   9   -0.23
  16  10   -0.39
  16  11   -0.65
  16  12   -0.73
  16  13   -0.83
  16  14   -0.68
  16  15   -0.59
  16  16   -0.60
  16  17   -0.67
  16  18   -0.70
  16  19   -0.65
  16  20   -0.67
  16  21   -0.65
  16  22   -0.50
  16  23   -0.52
  16  24   -0.81
  16  25   -0.61
  16  26   -0.50
  16  27   -0.52
  16  28   -0.71
  16  29   -0.65
  16  30   -0.68
  16  31   -0.50
  17   0    0.00
  17   1    0.00
  17   2    0.00
  17   3    0.00
  17   4    0.00
  17   5    0.00
  17   6    0.00
  17   7    0.25
  17   8   -0.80
  17   9   -0.60
  17  10   -0.64
  17  11   -1.01
  17  12   -0.91
  17  13   -1.15
  17  14   -0.99
  17  15   -0.92
  17  16   -0.79
  17  17   -0.52
  17  18   -0.90
  17  19   -0.41
  17  20   -0.27
  17  21   -0.20
  17  22   -0.40
  17  23   -0.51
  17  24   -0.63
  17  25    0.03
  17  26   -0.07
  17  27   -0.13
  17  28   -0.46
  17  29   -0.53
  17  30   -0.66
  17  31   -0.56
  18   0    0.00
  18   1    0.00
  18   2    0.00
  18   3    0.00
  18   4    2.15
  18   5    0.00
  18   6   -0.18
  18   7    0.21
  18   8   -0.41
  18   9   -0.60
  18  10   -0.66
  18  11   -0.72
  18  12   -0.88
  18  13   -0.89
  18  14   -0.82
  18  15   -1.16
  18  16   -0.96
  18  17   -0.83
  18  18   -1.00
  18  19   -1.26
  18  20   -0.26
  18  21   -0.41
  18  22   -0.05
  18  23   -0.61
  18  24   -0.65
  18  25   -0.29
  18  26   -0.59
  18  27   -0.59
  18  28   -0.40
  18  29   -0.59
  18  30   -0.76
  18  31   -0.83
  19   0    0.00
  19   1    0.00
  19   2    0.00
  19   3    0.00
  19   4    3.46
  19   5    3.17
  19   6    0.47
  19   7    0.31
  19   8   -0.14
  19   9   -0.33
  19  10   -0.62
  19  11   -0.83
  19  12   -0.88
  19  13   -1.01
  19  14   -0.92
  19  15   -0.94
  19  16   -1.00
  19  17   -0.97
  19  18   -0.94
  19  19   -0.88
  19  20   -0.93
  19  21   -0.89
  19  22   -0.82
  19  23   -0.70
  19  24   -0.93
  19  25   -0.78
  19  26   -0.70
  19  27   -0.75
  19  28   -0.85
  19  29   -0.80
  19  30   -0.82
  19  31   -0.55
  20   0    0.00
  20   1   -1.24
  20   2   -1.17
  20   3   -1.11
  20   4   -1.09
  20   5   -1.10
  20   6   -1.03
  20   7   -0.99
  20   8   -1.10
  20   9   -1.04
  20  10   -1.06
  20  11   -1.12
  20  12   -1.01
  20  13   -1.02
  20  14   -0.97
  20  15   -1.01
  20  16   -1.09
  20  17   -1.05
  20  18   -0.93
  20  19   -0.96
  20  20   -0.96
  20  21   -1.00
  20  22   -0.93
  20  23   -0.95
  20  24   -0.91
  20  25   -0.95
  20  26   -0.91
  20  27   -0.95
  20  28   -0.94
  20  29   -0.93
  20  30   -0.69
  20  31   -0.26
  21   0    0.00
  21   1   -0.80
  21   2    1.31
  21   3    0.53
  21   4    0.05
  21   5    0.03
  21   6   -0.24
  21   7   -0.30
  21   8   -0.50
  21   9   -0.46
  21  10   -0.36
  21  11   -0.30
  21  12   -0.29
  21  13   -0.25
  21  14   -0.21
  21  15   -0.05
  22   0    0.00
  22   1   -0.57
  22   2   -0.36
  22   3   -0.24
  22   4   -0.25
  22   5   -0.20
  22   6   -0.25
  22   7   -0.14
  22   8   -0.39
  22   9   -0.27
  22  10   -0.20
  22  11   -0.24
  22  12   -0.34
  22  13   -0.20
  22  14    0.17
  22  15   -0.13
  23   0    0.00
  23   1    0.00
  23   2    0.00
  23   3    0.00
  23   4    0.00
  23   5    0.00
  23   6    0.00
  23   7    0.00
  23   8    0.00
  23   9    0.00
  23  10    0.00
  23  11    0.00
  23  12    0.00
  23  13    0.00
  23  14    0.00
  23  15    0.00
  24   0    0.00
  24   1    0.00
  24   2    0.00
  24   3    0.00
  24   4    0.00
  24   5    0.00
  24   6    0.00
  24   7    0.00
  24   8    0.00
  24   9    0.00
  24  10    0.00
  24  11    0.00
  24  12    0.00
  24  13    0.00
  24  14    0.00
  24  15    0.00
  24  16    0.00
  24  17    0.00
  24  18    0.00
  24  19    0.00
  24  20    0.00
  24  21    0.00
  24  22    0.00
  24  23    0.00
  24  24    0.00
  24  25    0.00
  24  26    0.00
  24  27    0.00
  24  28    0.00
  24  29    0.00
  24  30    0.00
  24  31    0.00
  25   0    0.00
  25   1   -1.23
  25   2   -1.14
  25   3   -1.06
  25   4   -1.05
  25   5   -0.98
  25   6   -1.00
  25   7   -0.99
  25   8   -1.08
  25   9   -0.89
  25  10    0.00
  25  11   -1.06
  25  12   -0.98
  25  13   -0.97
  25  14   -0.96
  25  15   -0.84
  25  16   -0.90
  25  17   -0.90
  25  18   -0.89
  25  19   -0.92
  25  20   -0.92
  25  21   -1.01
  25  22   -0.69
  25  23   -0.85
  25  24   -0.91
  25  25   -0.89
  25  26   -0.91
  25  27   -0.86
  25  28   -0.75
  25  29   -0.81
  25  30   -0.82
  25  31   -0.48
  26   0    0.00
  26   1    0.00
  26   2    0.00
  26   3    0.00
  26   4    0.00
  26   5    0.00
  26   6    0.00
  26   7    0.00
  26   8    0.00
  26   9    0.00
  26  10    0.00
  26  11    0.00
  26  12    0.00
  26  13    0.00
  26  14    0.00
  26  15    0.00
  26  16    0.00
  26  17    0.00
  26  18    0.00
  26  19    0.00
  26  20    0.00
  26  21    0.00
  26  22    0.00
  26  23    0.00
  26  24    0.00
  26  25    0.00
  26  26    0.00
  26  27    0.00
  26  28    0.00
  26  29    0.00
  26  30    0.00
  26  31    0.00
  27   0    0.00
  27   1   -1.15
  27   2   -1.08
  27   3   -0.88
  27   4   -1.01
  27   5   -0.94
  27   6   -0.97
  27   7   -1.01
  27   8   -1.06
  27   9   -0.98
  27  10   -0.94
  27  11   -0.90
  27  12   -0.95
  27  13   -0.92
  27  14   -0.84
  27  15   -0.81
  27  16   -0.93
  27  17   -0.87
  27  18   -0.92
  27  19   -0.91
  27  20   -0.91
  27  21   -0.91
  27  22   -0.60
  27  23   -0.75
  27  24   -0.88
  27  25   -0.86
  27  26   -0.78
  27  27   -0.77
  27  28   -0.44
  27  29    0.00
  27  30   -0.85
  27  31   -0.47
  28   0    0.00
  28   1    0.00
  28   2    0.00
  28   3    0.00
  28   4    0.00
  28   5    0.00
  28   6    0.00
  28   7    0.00
  28   8    0.00
  28   9    0.00
  28  10    0.00
  28  11    0.00
  28  12    0.00
  28  13    0.00
  28  14    0.00
  28  15    0.00
  28  16    0.00
  28  17    0.00
  28  18    0.00
  28  19    0.00
  28  20    0.00
  28  21    0.00
  28  22    0.00
  28  23    0.00
  28  24    0.00
  28  25    0.00
  28  26    0.00
  28  27    0.00
  28  28    0.00
  28  29    0.00
  28  30    0.00
  28  31    0.00
  29   0    0.00
  29   1   -0.82
  29   2   -0.84
  29   3   -0.82
  29   4   -0.78
  29   5   -0.76
  29   6   -0.78
  29   7   -0.90
  29   8   -0.85
  29   9   -0.76
  29  10   -0.82
  29  11   -0.81
  29  12   -0.82
  29  13   -0.75
  29  14   -0.75
  29  15   -0.66
  29  16   -0.70
  29  17   -0.73
  29  18   -0.71
  29  19   -0.70
  29  20   -0.67
  29  21   -0.69
  29  22   -0.63
  29  23   -0.64
  29  24   -0.75
  29  25   -0.71
  29  26   -0.61
  29  27    0.00
  29  28   -0.64
  29  29   -0.63
  29  30   -0.64
  29  31   -0.21
  30   0    0.00
  30   1    0.00
  30   2    0.00
  30   3    0.00
  30   4    0.00
  30   5    0.00
  30   6    0.00
  30   7    0.00
  30   8    0.00
  30   9    0.00
  30  10    0.00
  30  11    0.00
  30  12    0.00
  30  13    0.00
  30  14    0.00
  30  15    0.00
  30  16    0.00
  30  17    0.00
  30  18    0.00
  30  19    0.00
  30  20    0.00
  30  21    0.00
  30  22    0.00
  30  23    0.00
  30  24    0.00
  30  25    0.00
  30  26    0.00
  30  27    0.00
  30  28    0.00
  30  29    0.00
  30  30    0.00
  30  31    0.00
  31   0    0.00
  31   1   -1.40
  31   2   -1.23
  31   3   -1.22
  31   4   -1.28
  31   5   -1.23
  31   6   -1.17
  31   7   -1.17
  31   8   -1.28
  31   9   -1.18
  31  10   -1.13
  31  11   -1.09
  31  12   -1.20
  31  13   -1.15
  31  14   -1.10
  31  15   -1.05
  31  16   -1.13
  31  17   -1.08
  31  18   -1.11
  31  19   -1.03
  31  20   -1.09
  31  21   -1.07
  31  22   -1.06
  31  23   -1.05
  31  24   -0.94
  31  25   -1.05
  31  26   -1.03
  31  27   -0.93
  31  28   -1.06
  31  29   -0.98
  31  30   -0.95
  31  31   -0.39
  32   0    0.00
  32   1    0.00
  32   2    0.00
  32   3    0.00
  32   4    0.00
  32   5    0.00
  32   6    0.00
  32   7    0.00
  32   8    0.00
  32   9    0.00
  32  10    0.00
  32  11    0.00
  32  12    0.00
  32  13    0.00
  32  14    0.00
  32  15    0.00
  32  16    0.00
  32  17    0.00
  32  18    0.00
  32  19    0.00
  32  20    0.00
  32  21    0.00
  32  22    0.00
  32  23    0.00
  32  24    0.00
  32  25    0.00
  32  26    0.00
  32  27    0.00
  32  28    0.00
  32  29    0.00
  32  30    0.00
  32  31    0.00
  33   0    0.00
  33   1   -1.02
  33   2   -1.07
  33   3   -1.03
  33   4   -0.98
  33   5   -0.97
  33   6   -1.00
  33   7   -0.97
  33   8   -0.99
  33   9   -0.98
  33  10   -0.98
  33  11   -0.91
  33  12   -0.93
  33  13   -0.90
  33  14   -0.86
  33  15   -0.80
  33  16   -0.94
  33  17   -0.90
  33  18   -0.82
  33  19   -0.83
  33  20   -0.76
  33  21   -0.59
  33  22   -0.73
  33  23   -0.79
  33  24   -0.85
  33  25   -0.80
  33  26   -0.81
  33  27   -0.61
  33  28   -0.77
  33  29   -0.66
  33  30   -0.71
  33  31   -0.19
  34   0    0.00
  34   1    0.00
  34   2    0.00
  34   3    0.00
  34   4    0.00
  34   5    0.00
  34   6    0.00
  34   7    0.00
  34   8    0.00
  34   9    0.00
  34  10    0.00
  34  11    0.00
  34  12    0.00
  34  13    0.00
  34  14    0.00
  34  15    0.00
  34  16    0.00
  34  17    0.00
  34  18    0.00
  34  19    0.00
  34  20    0.00
  34  21    0.00
  34  22    0.00
  34  23    0.00
  34  24    0.00
  34  25    0.00
  34  26    0.00
  34  27    0.00
  34  28    0.00
  34  29    0.00
  34  30    0.00
  34  31    0.00
  35   0    0.00
  35   1   -1.04
  35   2   -1.13
  35   3   -1.01
  35   4   -1.04
  35   5   -1.06
  35   6   -1.02
  35   7   -0.95
  35   8   -1.03
  35   9   -1.03
  35  10   -1.04
  35  11   -0.97
  35  12   -1.00
  35  13   -0.91
  35  14   -0.87
  35  15   -0.86
  35  16   -0.83
  35  17   -1.00
  35  18   -0.88
  35  19   -0.82
  35  20   -0.97
  35  21   -0.78
  35  22   -0.81
  35  23   -0.79
  35  24   -0.83
  35  25   -0.88
  35  26   -0.87
  35  27   -0.64
  35  28   -0.78
  35  29   -0.84
  35  30   -0.55
  35  31   -0.03
  36   0    0.00
  36   1    0.00
  36   2    0.00
  36   3    0.00
  36   4    0.00
  36   5    0.00
  36   6   -0.24
  36   7   -0.34
  36   8   -0.53
  36   9   -0.70
  36  10   -0.96
  36  11   -0.90
  36  12   -0.97
  36  13   -0.91
  36  14   -0.92
  36  15   -0.96
  36  16   -1.07
  36  17   -0.96
  36  18   -0.91
  36  19   -0.96
  36  20   -0.79
  36  21    0.00
  36  22   -0.97
  36  23   -0.74
  36  24   -0.75
  36  25   -0.80
  36  26   -0.87
  36  27   -0.88
  36  28   -0.85
  36  29   -0.86
  36  30   -0.76
  36  31   -0.70
  37   0    0.00
  37   1    0.00
  37   2    0.00
  37   3    0.00
  37   4    0.00
  37   5    0.00
  37   6   -0.14
  37   7   -0.56
  37   8   -0.60
  37   9   -0.63
  37  10   -0.76
  37  11   -0.72
  37  12   -0.70
  37  13   -0.88
  37  14   -0.86
  37  15   -0.86
  37  16   -0.91
  37  17   -0.85
  37  18   -0.88
  37  19   -0.93
  37  20   -0.88
  37  21   -0.82
  37  22   -0.78
  37  23   -0.74
  37  24   -0.79
  37  25   -0.83
  37  26   -0.73
  37  27   -0.79
  37  28   -0.81
  37  29   -0.73
  37  30   -0.72
  37  31   -0.65
  38   0    0.00
  38   1    0.00
  38   2    0.00
  38   3    0.00
  38   4    0.00
  38   5    0.00
  38   6    0.00
  38   7    0.08
  38   8   -0.70
  38   9   -0.41
  38  10   -0.39
  38  11   -0.67
  38  12   -0.64
  38  13   -0.54
  38  14   -0.71
  38  15   -0.48
  38  16   -0.67
  38  17   -0.68
  38  18   -0.73
  38  19   -0.63
  38  20   -0.59
  38  21   -0.58
  38  22   -0.59
  38  23   -0.51
  38  24   -0.59
  38  25   -0.60
  38  26   -0.50
  38  27   -0.46
  38  28   -0.49
  38  29   -0.56
  38  30   -0.56
  38  31   -0.52
  39   0    0.00
  39   1    0.00
  39   2    0.00
  39   3    0.00
  39   4    0.00
  39   5    2.31
  39   6   -0.20
  39   7   -0.09
  39   8   -0.51
  39   9   -0.71
  39  10   -0.63
  39  11   -0.73
  39  12   -0.77
  39  13   -0.73
  39  14   -0.73
  39  15   -0.75
  39  16   -0.76
  39  17   -0.50
  39  18    0.00
  39  19   -0.80
  39  20   -0.72
  39  21   -0.69
  39  22   -0.62
  39  23   -0.59
  39  24   -0.69
  39  25   -0.57
  39  26    0.00
  39  27   -0.72
  39  28   -0.68
  39  29   -0.59
  39  30   -0.64
  39  31   -0.63
  40   0    0.00
  40   1    0.00
  40   2    0.00
  40   3    0.00
  40   4    0.00
  40   5    0.18
  40   6    0.58
  40   7   -0.08
  40   8   -0.40
  40   9   -0.68
  40  10   -0.65
  40  11   -0.73
  40  12   -0.83
  40  13   -0.81
  40  14   -0.78
  40  15   -0.80
  40  16   -0.85
  40  17   -0.84
  40  18   -0.76
  40  19   -0.81
  40  20   -0.80
  40  21   -0.66
  40  22   -0.75
  40  23   -0.71
  40  24   -0.70
  40  25   -0.67
  40  26   -0.71
  40  27   -0.77
  40  28   -0.73
  40  29   -0.69
  40  30   -0.71
  40  31   -0.69
  41   0    0.00
  41   1    0.00
  41   2    0.00
  41   3    0.00
  41   4    0.00
  41   5    0.00
  41   6   -0.79
  41   7   -0.02
  41   8    0.04
  41   9   -0.31
  41  10   -0.49
  41  11   -0.85
  41  12   -0.98
  41  13   -1.11
  41  14   -1.01
  41  15   -0.75
  41  16   -0.74
  41  17   -0.56
  41  18   -0.61
  41  19   -0.77
  41  20   -0.62
  41  21   -0.55
  41  22   -0.45
  41  23   -0.56
  41  24   -0.63
  41  25   -0.52
  41  26   -0.54
  41  27   -0.52
  41  28   -0.63
  41  29   -0.43
  41  30   -0.64
  41  31   -0.61
  42   0   -0.12
  42   1   -0.14
  42   2    0.37
  42   3    0.15
  42   4    0.07
  42   5    0.06
  42   6    0.27
  42   7    0.24
  42   8    0.00
  42   9    0.13
  42  10    0.09
  42  11    0.13
  42  12    0.24
  42  13    0.24
  42  14    0.26
  42  15    0.61
  43   0    0.04
  43   1    0.42
  43   2    0.66
  43   3    1.07
  43   4    0.66
  43   5    0.50
  43   6    0.72
  43   7    0.86
  43   8    0.65
  43   9    0.75
  43  10    0.85
  43  11    0.74
  43  12    0.87
  43  13    0.96
  43  14    1.13
  43  15    1.53
  44   0   -0.72
  44   1   -0.39
  44   2   -0.21
  44   3    0.28
  44   4   -0.33
  44   5   -0.62
  44   6   -0.57
  44   7   -0.10
  44   8   -0.51
  44   9   -0.61
  44  10   -0.50
  44  11   -0.61
  44  12   -0.23
  44  13   -0.43
  44  14   -0.10
  44  15    0.32
  45   0    0.26
  45   1    0.51
  45   2    0.55
  45   3    0.86
  45   4    0.66
  45   5    0.56
  45   6    0.50
  45   7    0.59
  45   8    0.44
  45   9    0.47
  45  10    0.42
  45  11    0.49
  45  12    0.54
  45  13    0.62
  45  14    0.88
  45  15    1.27
  46   0   -0.44
  46   1   -0.48
  46   2   -0.28
  46   3    0.12
  46   4   -0.30
  46   5   -0.38
  46   6   -0.25
  46   7   -0.35
  46   8   -0.41
  46   9   -0.38
  46  10   -0.37
  46  11   -0.28
  46  12   -0.27
  46  13   -0.20
  46  14   -0.05
  46  15    0.28
  47   0    0.70
  47   1    0.64
  47   2    0.67
  47   3    0.77
  47   4    0.45
  47   5    0.83
  47   6    0.89
  47   7    0.90
  47   8    0.73
  47   9    0.74
  47  10    0.82
  47  11    0.82
  47  12    0.91
  47  13    0.95
  47  14    0.94
  47  15    1.14
  48   0    0.00
  48   1    0.04
  48   2    0.00
  48   3    0.08
  48   4    0.07
  48   5    0.21
  48   6    0.00
  48   7    0.09
  48   8    0.04
  48   9    0.16
  48  10    0.15
  48  11    0.31
  48  12    0.20
  48  13    0.29
  48  14    0.19
  48  15    0.00
  49   0    0.00
  49   1    0.01
  49   2    0.59
  49   3    0.24
  49   4   -0.08
  49   5   -0.63
  49   6   -0.60
  49   7   -0.10
  49   8   -0.38
  49   9   -0.22
  49  10    0.00
  49  11   -0.46
  49  12   -0.50
  49  13   -0.41
  49  14   -0.33
  49  15   -0.10
  50   0    0.00
  50   1    0.00
  50   2    0.00
  50   3    0.00
  50   4    0.00
  50   5    0.00
  50   6    0.00
  50   7    0.00
  50   8    0.00
  50   9    0.00
  50  10    0.00
  50  11    0.00
  50  12    0.00
  50  13    0.00
  50  14    0.00
  50  15    0.00
  51   0    0.00
  51   1   -0.81
  51   2   -0.78
  51   3   -0.75
  51   4   -0.74
  51   5   -0.72
  51   6   -0.66
  51   7    0.00
  51   8   -0.84
  51   9   -0.69
  51  10   -0.75
  51  11   -0.82
  51  12   -0.78
  51  13   -0.70
  51  14   -0.61
  51  15   -0.54
  51  16   -0.55
  51  17   -0.60
  51  18   -0.56
  51  19   -0.64
  51  20   -0.78
  51  21   -0.52
  51  22   -0.66
  51  23   -0.40
  51  24   -0.60
  51  25   -0.69
  51  26   -0.65
  51  27   -0.45
  51  28   -0.45
  51  29   -0.67
  51  30   -0.33
  51  31    0.20
  52   0    0.00
  52   1    0.00
  52   2    0.00
  52   3    0.00
  52   4    0.00
  52   5    0.00
  52   6    0.00
  52   7    0.00
  52   8    0.00
  52   9    0.00
  52  10    0.00
  52  11    0.00
  52  12    0.00
  52  13    0.00
  52  14    0.00
  52  15    0.00
  52  16    0.00
  52  17    0.00
  52  18    0.00
  52  19    0.00
  52  20    0.00
  52  21    0.00
  52  22    0.00
  52  23    0.00
  52  24    0.00
  52  25    0.00
  52  26    0.00
  52  27    0.00
  52  28    0.00
  52  29    0.00
  52  30    0.00
  52  31    0.00
  53   0    0.00
  53   1    0.00
  53   2    0.00
  53   3    0.00
  53   4    0.00
  53   5    0.00
  53   6    0.00
  53   7    0.00
  53   8    0.00
  53   9    0.00
  53  10    0.00
  53  11    0.00
  53  12    0.00
  53  13    0.00
  53  14    0.00
  53  15    0.00
  54   0    0.00
  54   1    0.00
  54   2    0.00
  54   3    0.00
  54   4    0.00
  54   5    0.00
  54   6    0.00
  54   7    0.00
  54   8    0.00
  54   9    0.00
  54  10    0.00
  54  11    0.00
  54  12    0.00
  54  13    0.00
  54  14    0.00
  54  15    0.00
  55   0    0.00
  55   1    0.00
  55   2    0.00
  55   3    0.00
  55   4    0.00
  55   5    0.00
  55   6    0.00
  55   7    0.00
  55   8    0.00
  55   9    0.00
  55  10    0.00
  55  11    0.00
  55  12    0.00
  55  13    0.00
  55  14    0.00
  55  15    0.00
  56   0    0.00
  56   1    0.00
  56   2    0.00
  56   3    0.00
  56   4    0.00
  56   5    0.00
  56   6    0.00
  56   7    0.00
  56   8    0.00
  56   9    0.00
  56  10    0.00
  56  11    0.00
  56  12    0.00
  56  13    0.00
  56  14    0.00
  56  15    0.00
  57   0    0.00
  57   1    0.00
  57   2    0.00
  57   3    0.00
  57   4    0.00
  57   5    0.00
  57   6    0.00
  57   7    0.00
  57   8    0.00
  57   9    0.00
  57  10    0.00
  57  11    0.00
  57  12    0.00
  57  13    0.00
  57  14    0.00
  57  15    0.00
  58   0    0.00
  58   1    0.00
  58   2    0.00
  58   3    0.00
  58   4    0.00
  58   5    0.00
  58   6    0.00
  58   7    0.00
  58   8    0.00
  58   9    0.00
  58  10    0.00
  58  11    0.00
  58  12    0.00
  58  13    0.00
  58  14    0.00
  58  15    0.00
