0		3.63738		0.347906		1.02494		0.0113939
1		3.54164		0.515249		1.02704		0.0190647
2		2.7285		0.285034		1.02651		0.0123429
3		2.81183		0.26724			1.02734		0.0106937
4		4.28029		0.570891		1.04956		0.0221396
5		2.80542		0.305259		1.03123		0.0131505
6		2.67775		0.361588		0.997385	0.0118219
7		4.36984		0.508064		1.05869		0.0192185
8		3.04206		0.256758		1.02166		0.0105158
10	3.5517		0.324982		1.02814		0.0109138
11	3.00787		0.233778		1.0172		0.00877781
12	2.91825		0.427476		1.02364		0.0201931
13	3.21734		0.348765		1.02312		0.0102302
14	4.04026		0.0700995		1.01361		0.00728858
15	3.78964		0.0824699		0.995796	0.00890251
16	3.69821		0.0849386		1.00297		0.0135776
17	3.64822		0.114276		1.00228		0.0151439
18	3.52319		0.0761115		1.01555		0.007559
19	3.53852		0.0741442		1.00868		0.00889798
20	3.10569		0.217637		1.01236		0.00787384
21	3.89388		0.100118		1.00469		0.0117613
22	3.99456		0.459528		0.99652		0.02001
23	3.98622		0.627123		1.01165		0.0228978
30	3.31313		0.65434			1.02692		0.0249251
31	2.83495		0.256611		1.01643		0.00911755
42	4.27238		2.27152			1.00208		0.0526768
43	3.56514		0.800063		1.03814		0.0151952
44	3.44932		0.673869		1.01216		0.0122978
53	3.08947		2.45582			0.990536	0.0500079
54	6.89933		2.22283			1.05087		0.0400557
55	6.32982		1.86437			1.0586		0.033379
