1408 166 2  2 147968 157164 130 135  3 34940 69326 43 71
1409  67 1  2 8697 22519 6 15
1411 171 0
1412 172 0
1413 177 0
1415 215 1  2 97051 100321 118 120
1418 256 0
1420  98 1  9 2 19849 0 27
1422 395 2  2 97184 101683 152 158  2 167127 169729 266 272
1443 273 2  9 2 21264 0 46  3 20839 29719 46 65
1446  95 0
1451  20 0
1461 267 3  2 78070 81859 83 86  2 153744 192280 199 244  4 130463 131656 171 171
1462 219 1  2 73501 116226 85 128
1464 184 0
1468 160 1  2 123294 130128 95 99
1470 229 1  2 63565 88511 57 83
1471 166 0
1472 258 0
1473 215 2  2 11 19517 0 20  2 76453 103480 83 109
1474 104 1  2 75830 100231 79 103
1477 154 0
1479 258 0
1480 129 0
1494  63 1  4 2 56321 0 62
1495 175 1  4 19 169215 0 174
1497 237 2  4 2 200387 0 236  2 2 9458 0 9
1498  21 1  4 2 19382 0 20
1500  23 1  4 2 25645 0 22
1503 143 0
1504 129 1  2 118171 231204 66 128
1505 110 1  2 104726 180908 54 89
1506  95 1  2 91113 213479 41 94
1508 125 0
1518  72 0
1520  28 1  2 2 28443 0 10
1523   7 0
1525  34 0
1526  82 1  2 138499 202289 54 81
1527 100 1  2 2 203465 0 94
1538 123 0
1539 117 2  4 82175 104994 43 54  4 119649 165685 63 90
1540 119 1  2 126152 146713 68 80
1541 118 1  2 99346 134693 60 80
1542 138 0
1543 132 1  2 143958 167745 90 106
1544 185 0
1545 169 0
1546 175 1  0 156676 191909 136 166
1547 194 1  2 52661 78940 46 92
1549  63 0
1551  72 1  4 39289 75273 14 26
1552  71 2  2 53167 81857 19 28  4 124516 200211 44 70
1555  70 2  2 2 20518 0 6  2 52869 84919 18 28
1556  72 1  2 118378 156255 42 54
1557  68 0
1558  74 0
1559  82 1  2 36860 129832 16 55
1560  78 1  2 112783 180782 43 69
1561  65 1  2 187722 196846 62 64
1563  87 0
1567  63 0
1569  67 0
1570  62 0
1571  63 0
1572  62 1  2 45463 200541 14 61
1573  61 1  2 2 188647 0 56
1574  61 1  0 49627 201981 15 60
1579  71 0
1580  38 0
1581  49 1  2 168623 198285 40 46
1582  51 0
1583  51 0
1584  49 0
1585  50 1  2 113815 132575 44 49
1586  87 0
1587  90 0
1588  84 0
1589  47 0
1591  88 2  6 146158 178333 60 74  6 183261 200234 77 83
1592  75 0
1594  34 1  2 6321 30229 3 14
1596  61 1  2 76903 109968 41 60
1599 124 2  2 2 74583 0 37  6 27728 100498 15 51
1600  20 0
1630  27 1  2 18221 40497 9 21
1631 100 4  2 2 2688 0 0  2 45032 55671 21 25  2 61825 78589 30 38  2 140218 163423 72 81
1636 107 1  2 52673 76206 24 32
1641 142 0
1642 190 2  2 134229 144815 94 104  2 167364 171927 135 143
1643 180 2  1 43954 82197 42 66  9 121473 172926 104 145
1647  76 0
1649  53 0
1650  38 1  2 82449 101399 30 37
1651  96 1  2 64668 90766 29 41
1652 137 0
1657  79 1  2 198443 202782 77 78
1666  97 2  0 125249 156834 60 74  2 2 18639 0 8
1683  79 3  0 2 51769 0 18  2 88981 120041 32 42  2 125961 211875 45 78
1684  82 2  0 4716 37452 3 15  2 83844 90960 33 35
1686  77 1  2 24605 85717 12 35
1687  77 1  2 157841 196580 61 74
1694  71 4  0 23 39825 0 13  0 105971 157062 36 54  2 23 34127 0 11  2 152501 178884 53 62
1696  71 1  2 2 202017 0 70
1697  72 4  0 94 133949 0 46  0 143150 145992 52 52  2 94 38053 0 12  2 110641 151698 39 54
1699  72 4  0 89942 129301 31 46  0 141354 203621 51 71  2 72470 101458 25 34  2 162233 203621 58 71
1700  77 3  0 101 36120 0 14  1 184371 204889 70 76  2 160841 204889 62 76
1703  78 1  2 20011 238940 6 77
1704  74 1  2 101 134899 0 44
1705  58 1  2 122024 166103 35 47
1706  62 2  0 85049 202565 26 61  2 57847 150272 18 45
1708  63 2  0 2 21239 0 7  2 2 21239 0 7
1709  76 1  2 39106 138837 12 46
1710  74 3  0 57198 135887 21 49  1 122883 150000 44 56  2 2 33834 0 11
1757  76 2  2 57323 92162 21 32  6 63144 97900 23 34
1759  68 3  0 134654 175092 45 58  2 23738 51546 8 16  2 159082 184175 53 61
1760  31 1  2 7437 42414 3 14
1764  42 2  0 90247 119570 30 41  2 98978 119570 33 41
1795  74 0
1796  78 0
1797  75 1  0 41435 144826 15 50
1798  87 1  2 150527 182831 52 62
1800  65 0
1802  63 2  0 2 59324 0 16  2 27855 87783 8 24
1804  75 1  2 78225 95987 55 74
1811  67 0
1818  58 1  2 2 3445 0 0
1819  59 1  2 114765 156395 31 41
1820  27 0
1825  56 1  2 193321 208144 52 55
1827  59 0
1835  35 0
1837 102 1  2 7138 43831 4 19
1841  71 3  0 137293 177015 44 56  2 22002 24495 7 7  2 102455 122210 32 38
1842  67 1  5 167228 201865 54 64
1843  67 1  2 172705 185091 56 59
1844  66 0
1848  72 0
1849 100 0
1850 115 0
1853   7 0
1854  61 0
1855  35 0
1858  61 0
1859  62 0
1860  59 1  2 196197 199557 56 56
1861  67 0
1862  69 1  0 132651 207295 44 68
1864 101 1  2 203711 210737 98 100
1865  65 0
1866  61 1  2 123083 133380 36 38
1869  66 1  2 31552 41835 10 12
1870  15 0
1872  60 0
1873  48 0
1875  66 1  2 177161 189894 54 59
1876  59 0
1877  16 0
1878  90 0
1880  62 1  2 2 163862 0 48
1881  73 1  2 2 145420 0 42
1882  71 0
