[CbmStsDigiPar]
1   0   8
   1    1
     1      2    15.850    -8.075    32.000     0.00    23.30    24.55     0.02   0.0400   0.0400     0.00    15.00
   2    1
     1      2     8.200     0.200    32.000     0.00     8.00     8.00     0.02   0.0400   0.0400     0.00    15.00
   3    1
     1      2    -7.450   -16.475    33.000     0.00    23.30    24.55     0.02   0.0400   0.0400     0.00    15.00
   4    1
     1      2     0.200    -8.200    33.000     0.00     8.00     8.00     0.02   0.0400   0.0400     0.00    15.00
   5    1
     1      2   -15.850     8.075    32.000     0.00    23.30    24.55     0.02   0.0400   0.0400     0.00    15.00
   6    1
     1      2    -8.200    -0.200    32.000     0.00     8.00     8.00     0.02   0.0400   0.0400     0.00    15.00
   7    1
     1      2     7.450    16.475    33.000     0.00    23.30    24.55     0.02   0.0400   0.0400     0.00    15.00
   8    1
     1      2    -0.200     8.200    33.000     0.00     8.00     8.00     0.02   0.0400   0.0400     0.00    15.00
2   0   8
   1    1
     1      2    16.002    -7.923    52.000    -0.00    23.30    24.55     0.02   0.0400   0.0400     0.00   -15.00
   2    1
     1      2     8.352     0.352    52.000    -0.00     8.00     8.00     0.02   0.0400   0.0400     0.00   -15.00
   3    1
     1      2    -7.298   -16.627    53.000    -0.00    23.30    24.55     0.02   0.0400   0.0400     0.00   -15.00
   4    1
     1      2     0.352    -8.352    53.000    -0.00     8.00     8.00     0.02   0.0400   0.0400     0.00   -15.00
   5    1
     1      2   -16.002     7.923    52.000    -0.00    23.30    24.55     0.02   0.0400   0.0400     0.00   -15.00
   6    1
     1      2    -8.352    -0.352    52.000    -0.00     8.00     8.00     0.02   0.0400   0.0400     0.00   -15.00
   7    1
     1      2     7.298    16.627    53.000    -0.00    23.30    24.55     0.02   0.0400   0.0400     0.00   -15.00
   8    1
     1      2    -0.352     8.352    53.000    -0.00     8.00     8.00     0.02   0.0400   0.0400     0.00   -15.00
3   0   8
   1    1
     1      2    21.153   -12.772    72.000    -0.00    33.30    34.55     0.02   0.0400   0.0400     0.00    15.00
   2    1
     1      2     8.503     0.503    72.000    -0.00     8.00     8.00     0.02   0.0400   0.0400     0.00    15.00
   3    1
     1      2   -12.147   -21.778    73.000    -0.00    33.30    34.55     0.02   0.0400   0.0400     0.00    15.00
   4    1
     1      2     0.503    -8.503    73.000    -0.00     8.00     8.00     0.02   0.0400   0.0400     0.00    15.00
   5    1
     1      2   -21.153    12.772    72.000    -0.00    33.30    34.55     0.02   0.0400   0.0400     0.00    15.00
   6    1
     1      2    -8.503    -0.503    72.000    -0.00     8.00     8.00     0.02   0.0400   0.0400     0.00    15.00
   7    1
     1      2    12.147    21.778    73.000    -0.00    33.30    34.55     0.02   0.0400   0.0400     0.00    15.00
   8    1
     1      2    -0.503     8.503    73.000    -0.00     8.00     8.00     0.02   0.0400   0.0400     0.00    15.00
4   0   8
   1    1
     1      2    34.305   -13.120    92.000    -0.00    59.30    35.55     0.02   0.0400   0.0400     0.00   -15.00
   2    1
     1      2     8.655     0.655    92.000    -0.00     8.00     8.00     0.02   0.0400   0.0400     0.00   -15.00
   3    1
     1      2   -24.995   -22.430    93.000    -0.00    59.30    35.55     0.02   0.0400   0.0400     0.00   -15.00
   4    1
     1      2     0.655    -8.655    93.000    -0.00     8.00     8.00     0.02   0.0400   0.0400     0.00   -15.00
   5    1
     1      2   -34.305    13.120    92.000    -0.00    59.30    35.55     0.02   0.0400   0.0400     0.00   -15.00
   6    1
     1      2    -8.655    -0.655    92.000    -0.00     8.00     8.00     0.02   0.0400   0.0400     0.00   -15.00
   7    1
     1      2    24.995    22.430    93.000    -0.00    59.30    35.55     0.02   0.0400   0.0400     0.00   -15.00
   8    1
     1      2    -0.655     8.655    93.000    -0.00     8.00     8.00     0.02   0.0400   0.0400     0.00   -15.00
5   0   8
   1    1
     1      2    41.456   -12.469   112.000    -0.00    73.30    34.55     0.02   0.0800   0.0800     0.00    15.00
   2    1
     1      2     8.806     0.806   112.000    -0.00     8.00     8.00     0.02   0.0800   0.0800     0.00    15.00
   3    1
     1      2   -31.844   -22.081   113.000    -0.00    73.30    34.55     0.02   0.0800   0.0800     0.00    15.00
   4    1
     1      2     0.806    -8.806   113.000    -0.00     8.00     8.00     0.02   0.0800   0.0800     0.00    15.00
   5    1
     1      2   -41.456    12.469   112.000    -0.00    73.30    34.55     0.02   0.0800   0.0800     0.00    15.00
   6    1
     1      2    -8.806    -0.806   112.000    -0.00     8.00     8.00     0.02   0.0800   0.0800     0.00    15.00
   7    1
     1      2    31.844    22.081   113.000    -0.00    73.30    34.55     0.02   0.0800   0.0800     0.00    15.00
   8    1
     1      2    -0.806     8.806   113.000    -0.00     8.00     8.00     0.02   0.0800   0.0800     0.00    15.00
6   0   8
   1    1
     1      2    41.683   -12.242   142.000    -0.00    73.30    34.55     0.02   0.0800   0.0800     0.00   -15.00
   2    1
     1      2     9.033     1.033   142.000    -0.00     8.00     8.00     0.02   0.0800   0.0800     0.00   -15.00
   3    1
     1      2   -31.617   -22.308   143.000    -0.00    73.30    34.55     0.02   0.0800   0.0800     0.00   -15.00
   4    1
     1      2     1.033    -9.033   143.000    -0.00     8.00     8.00     0.02   0.0800   0.0800     0.00   -15.00
   5    1
     1      2   -41.683    12.242   142.000    -0.00    73.30    34.55     0.02   0.0800   0.0800     0.00   -15.00
   6    1
     1      2    -9.033    -1.033   142.000    -0.00     8.00     8.00     0.02   0.0800   0.0800     0.00   -15.00
   7    1
     1      2    31.617    22.308   143.000    -0.00    73.30    34.55     0.02   0.0800   0.0800     0.00   -15.00
   8    1
     1      2    -1.033     9.033   143.000    -0.00     8.00     8.00     0.02   0.0800   0.0800     0.00   -15.00
7   0   8
   1    1
     1      2    61.911   -12.014   172.000    -0.00   113.30    34.55     0.02   0.0800   0.0800     0.00    15.00
   2    1
     1      2     9.261     1.261   172.000    -0.00     8.00     8.00     0.02   0.0800   0.0800     0.00    15.00
   3    1
     1      2   -51.389   -22.536   173.000    -0.00   113.30    34.55     0.02   0.0800   0.0800     0.00    15.00
   4    1
     1      2     1.261    -9.261   173.000    -0.00     8.00     8.00     0.02   0.0800   0.0800     0.00    15.00
   5    1
     1      2   -61.911    12.014   172.000    -0.00   113.30    34.55     0.02   0.0800   0.0800     0.00    15.00
   6    1
     1      2    -9.261    -1.261   172.000    -0.00     8.00     8.00     0.02   0.0800   0.0800     0.00    15.00
   7    1
     1      2    51.389    22.536   173.000    -0.00   113.30    34.55     0.02   0.0800   0.0800     0.00    15.00
   8    1
     1      2    -1.261     9.261   173.000    -0.00     8.00     8.00     0.02   0.0800   0.0800     0.00    15.00
8   0   8
   1    1
     1      2    62.138   -11.787   202.000    -0.00   113.30    34.55     0.02   0.0800   0.0800     0.00   -15.00
   2    1
     1      2     9.488     1.488   202.000    -0.00     8.00     8.00     0.02   0.0800   0.0800     0.00   -15.00
   3    1
     1      2   -51.162   -22.763   203.000    -0.00   113.30    34.55     0.02   0.0800   0.0800     0.00   -15.00
   4    1
     1      2     1.488    -9.488   203.000    -0.00     8.00     8.00     0.02   0.0800   0.0800     0.00   -15.00
   5    1
     1      2   -62.138    11.787   202.000    -0.00   113.30    34.55     0.02   0.0800   0.0800     0.00   -15.00
   6    1
     1      2    -9.488    -1.488   202.000    -0.00     8.00     8.00     0.02   0.0800   0.0800     0.00   -15.00
   7    1
     1      2    51.162    22.763   203.000    -0.00   113.30    34.55     0.02   0.0800   0.0800     0.00   -15.00
   8    1
     1      2    -1.488     9.488   203.000    -0.00     8.00     8.00     0.02   0.0800   0.0800     0.00   -15.00
9   0   8
   1    1
     1      2    62.441   -11.484   242.000    -0.00   113.30    34.55     0.02   0.0800   0.0800     0.00    15.00
   2    1
     1      2     9.791     1.791   242.000    -0.00     8.00     8.00     0.02   0.0800   0.0800     0.00    15.00
   3    1
     1      2   -50.859   -23.066   243.000    -0.00   113.30    34.55     0.02   0.0800   0.0800     0.00    15.00
   4    1
     1      2     1.791    -9.791   243.000    -0.00     8.00     8.00     0.02   0.0800   0.0800     0.00    15.00
   5    1
     1      2   -62.441    11.484   242.000    -0.00   113.30    34.55     0.02   0.0800   0.0800     0.00    15.00
   6    1
     1      2    -9.791    -1.791   242.000    -0.00     8.00     8.00     0.02   0.0800   0.0800     0.00    15.00
   7    1
     1      2    50.859    23.066   243.000    -0.00   113.30    34.55     0.02   0.0800   0.0800     0.00    15.00
   8    1
     1      2    -1.791     9.791   243.000    -0.00     8.00     8.00     0.02   0.0800   0.0800     0.00    15.00
10   0   8
   1    1
     1      2    62.744   -11.181   282.000    -0.00   113.30    34.55     0.02   0.0800   0.0800     0.00   -15.00
   2    1
     1      2    10.094     2.094   282.000    -0.00     8.00     8.00     0.02   0.0800   0.0800     0.00   -15.00
   3    1
     1      2   -50.556   -23.369   283.000    -0.00   113.30    34.55     0.02   0.0800   0.0800     0.00   -15.00
   4    1
     1      2     2.094   -10.094   283.000    -0.00     8.00     8.00     0.02   0.0800   0.0800     0.00   -15.00
   5    1
     1      2   -62.744    11.181   282.000    -0.00   113.30    34.55     0.02   0.0800   0.0800     0.00   -15.00
   6    1
     1      2   -10.094    -2.094   282.000    -0.00     8.00     8.00     0.02   0.0800   0.0800     0.00   -15.00
   7    1
     1      2    50.556    23.369   283.000    -0.00   113.30    34.55     0.02   0.0800   0.0800     0.00   -15.00
   8    1
     1      2    -2.094    10.094   283.000    -0.00     8.00     8.00     0.02   0.0800   0.0800     0.00   -15.00
11   0   8
   1    1
     1      2    63.047   -10.878   322.000    -0.00   113.30    34.55     0.02   0.0800   0.0800     0.00    15.00
   2    1
     1      2    10.397     2.397   322.000    -0.00     8.00     8.00     0.02   0.0800   0.0800     0.00    15.00
   3    1
     1      2   -50.253   -23.672   323.000    -0.00   113.30    34.55     0.02   0.0800   0.0800     0.00    15.00
   4    1
     1      2     2.397   -10.397   323.000    -0.00     8.00     8.00     0.02   0.0800   0.0800     0.00    15.00
   5    1
     1      2   -63.047    10.878   322.000    -0.00   113.30    34.55     0.02   0.0800   0.0800     0.00    15.00
   6    1
     1      2   -10.397    -2.397   322.000    -0.00     8.00     8.00     0.02   0.0800   0.0800     0.00    15.00
   7    1
     1      2    50.253    23.672   323.000    -0.00   113.30    34.55     0.02   0.0800   0.0800     0.00    15.00
   8    1
     1      2    -2.397    10.397   323.000    -0.00     8.00     8.00     0.02   0.0800   0.0800     0.00    15.00
12   0   8
   1    1
     1      2    63.350   -10.575   362.000    -0.00   113.30    34.55     0.02   0.0800   0.0800     0.00   -15.00
   2    1
     1      2    10.700     2.700   362.000    -0.00     8.00     8.00     0.02   0.0800   0.0800     0.00   -15.00
   3    1
     1      2   -49.950   -23.975   363.000    -0.00   113.30    34.55     0.02   0.0800   0.0800     0.00   -15.00
   4    1
     1      2     2.700   -10.700   363.000    -0.00     8.00     8.00     0.02   0.0800   0.0800     0.00   -15.00
   5    1
     1      2   -63.350    10.575   362.000    -0.00   113.30    34.55     0.02   0.0800   0.0800     0.00   -15.00
   6    1
     1      2   -10.700    -2.700   362.000    -0.00     8.00     8.00     0.02   0.0800   0.0800     0.00   -15.00
   7    1
     1      2    49.950    23.975   363.000    -0.00   113.30    34.55     0.02   0.0800   0.0800     0.00   -15.00
   8    1
     1      2    -2.700    10.700   363.000    -0.00     8.00     8.00     0.02   0.0800   0.0800     0.00   -15.00
