[CbmStsDigiPar]
1   0   48
   1    1
     1      2     6.550     1.450    31.000     0.00     7.96     7.96     0.02   0.0400   0.0400     0.00    15.00
   2    1
     1      2    26.550     1.450    31.000     0.00    31.96     7.96     0.02   0.0400   0.0400     0.00    15.00
   3    1
     1      2    26.550    21.450    31.000     0.00    31.96    31.96     0.02   0.0400   0.0400     0.00    15.00
   4    1
     1      2     6.550    21.450    31.000     0.00     7.96    31.96     0.02   0.0400   0.0400     0.00    15.00
   5    1
     1      2    -1.450     6.550    29.000     0.00     7.96     7.96     0.02   0.0400   0.0400     0.00    15.00
   6    1
     1      2    -1.450    26.550    29.000     0.00     7.96    31.96     0.02   0.0400   0.0400     0.00    15.00
   7    1
     1      2   -21.450    26.550    29.000     0.00    31.96    31.96     0.02   0.0400   0.0400     0.00    15.00
   8    1
     1      2   -21.450     6.550    29.000     0.00    31.96     7.96     0.02   0.0400   0.0400     0.00    15.00
   9    1
     1      2    -6.550    -1.450    31.000     0.00     7.96     7.96     0.02   0.0400   0.0400     0.00    15.00
  10    1
     1      2   -26.550    -1.450    31.000     0.00    31.96     7.96     0.02   0.0400   0.0400     0.00    15.00
  11    1
     1      2   -26.550   -21.450    31.000     0.00    31.96    31.96     0.02   0.0400   0.0400     0.00    15.00
  12    1
     1      2    -6.550   -21.450    31.000     0.00     7.96    31.96     0.02   0.0400   0.0400     0.00    15.00
  13    1
     1      2     1.450    -6.550    29.000     0.00     7.96     7.96     0.02   0.0400   0.0400     0.00    15.00
  14    1
     1      2     1.450   -26.550    29.000     0.00     7.96    31.96     0.02   0.0400   0.0400     0.00    15.00
  15    1
     1      2    21.450   -26.550    29.000     0.00    31.96    31.96     0.02   0.0400   0.0400     0.00    15.00
  16    1
     1      2    21.450    -6.550    29.000     0.00    31.96     7.96     0.02   0.0400   0.0400     0.00    15.00
  17    1
     1      2    52.550     7.450    29.000     0.00    19.96    19.96     0.02   0.0400   0.0400     0.00    15.00
  18    1
     1      2    72.550     7.450    29.000     0.00    19.96    19.96     0.02   0.0400   0.0400     0.00    15.00
  19    1
     1      2    72.550    27.450    29.000     0.00    19.96    19.96     0.02   0.0400   0.0400     0.00    15.00
  20    1
     1      2    52.550    27.450    29.000     0.00    19.96    19.96     0.02   0.0400   0.0400     0.00    15.00
  21    1
     1      2    47.450   -32.550    27.000     0.00    19.96    19.96     0.02   0.0400   0.0400     0.00    15.00
  22    1
     1      2    67.450   -32.550    27.000     0.00    19.96    19.96     0.02   0.0400   0.0400     0.00    15.00
  23    1
     1      2    67.450   -12.550    27.000     0.00    19.96    19.96     0.02   0.0400   0.0400     0.00    15.00
  24    1
     1      2    47.450   -12.550    27.000     0.00    19.96    19.96     0.02   0.0400   0.0400     0.00    15.00
  25    1
     1      2    87.450   -32.550    25.000     0.00    19.96    19.96     0.02   0.0400   0.0400     0.00    15.00
  26    1
     1      2   107.450   -32.550    25.000     0.00    19.96    19.96     0.02   0.0400   0.0400     0.00    15.00
  27    1
     1      2   107.450   -12.550    25.000     0.00    19.96    19.96     0.02   0.0400   0.0400     0.00    15.00
  28    1
     1      2    87.450   -12.550    25.000     0.00    19.96    19.96     0.02   0.0400   0.0400     0.00    15.00
  29    1
     1      2    92.550     7.450    27.000     0.00    19.96    19.96     0.02   0.0400   0.0400     0.00    15.00
  30    1
     1      2   112.550     7.450    27.000     0.00    19.96    19.96     0.02   0.0400   0.0400     0.00    15.00
  31    1
     1      2   112.550    27.450    27.000     0.00    19.96    19.96     0.02   0.0400   0.0400     0.00    15.00
  32    1
     1      2    92.550    27.450    27.000     0.00    19.96    19.96     0.02   0.0400   0.0400     0.00    15.00
  33    1
     1      2   -72.550   -27.450    29.000     0.00    19.96    19.96     0.02   0.0400   0.0400     0.00    15.00
  34    1
     1      2   -52.550   -27.450    29.000     0.00    19.96    19.96     0.02   0.0400   0.0400     0.00    15.00
  35    1
     1      2   -52.550    -7.450    29.000     0.00    19.96    19.96     0.02   0.0400   0.0400     0.00    15.00
  36    1
     1      2   -72.550    -7.450    29.000     0.00    19.96    19.96     0.02   0.0400   0.0400     0.00    15.00
  37    1
     1      2   -67.450    12.550    27.000     0.00    19.96    19.96     0.02   0.0400   0.0400     0.00    15.00
  38    1
     1      2   -47.450    12.550    27.000     0.00    19.96    19.96     0.02   0.0400   0.0400     0.00    15.00
  39    1
     1      2   -47.450    32.550    27.000     0.00    19.96    19.96     0.02   0.0400   0.0400     0.00    15.00
  40    1
     1      2   -67.450    32.550    27.000     0.00    19.96    19.96     0.02   0.0400   0.0400     0.00    15.00
  41    1
     1      2  -107.450    12.550    25.000     0.00    19.96    19.96     0.02   0.0400   0.0400     0.00    15.00
  42    1
     1      2   -87.450    12.550    25.000     0.00    19.96    19.96     0.02   0.0400   0.0400     0.00    15.00
  43    1
     1      2   -87.450    32.550    25.000     0.00    19.96    19.96     0.02   0.0400   0.0400     0.00    15.00
  44    1
     1      2  -107.450    32.550    25.000     0.00    19.96    19.96     0.02   0.0400   0.0400     0.00    15.00
  45    1
     1      2  -112.550   -27.450    27.000     0.00    19.96    19.96     0.02   0.0400   0.0400     0.00    15.00
  46    1
     1      2   -92.550   -27.450    27.000     0.00    19.96    19.96     0.02   0.0400   0.0400     0.00    15.00
  47    1
     1      2   -92.550    -7.450    27.000     0.00    19.96    19.96     0.02   0.0400   0.0400     0.00    15.00
  48    1
     1      2  -112.550    -7.450    27.000     0.00    19.96    19.96     0.02   0.0400   0.0400     0.00    15.00
2   0   48
   1    1
     1      2     6.550     1.450    51.000    -0.00     7.96     7.96     0.02   0.0400   0.0400     0.00   -15.00
   2    1
     1      2    26.550     1.450    51.000    -0.00    31.96     7.96     0.02   0.0400   0.0400     0.00   -15.00
   3    1
     1      2    26.550    21.450    51.000    -0.00    31.96    31.96     0.02   0.0400   0.0400     0.00   -15.00
   4    1
     1      2     6.550    21.450    51.000    -0.00     7.96    31.96     0.02   0.0400   0.0400     0.00   -15.00
   5    1
     1      2    -1.450     6.550    49.000    -0.00     7.96     7.96     0.02   0.0400   0.0400     0.00   -15.00
   6    1
     1      2    -1.450    26.550    49.000    -0.00     7.96    31.96     0.02   0.0400   0.0400     0.00   -15.00
   7    1
     1      2   -21.450    26.550    49.000    -0.00    31.96    31.96     0.02   0.0400   0.0400     0.00   -15.00
   8    1
     1      2   -21.450     6.550    49.000    -0.00    31.96     7.96     0.02   0.0400   0.0400     0.00   -15.00
   9    1
     1      2    -6.550    -1.450    51.000    -0.00     7.96     7.96     0.02   0.0400   0.0400     0.00   -15.00
  10    1
     1      2   -26.550    -1.450    51.000    -0.00    31.96     7.96     0.02   0.0400   0.0400     0.00   -15.00
  11    1
     1      2   -26.550   -21.450    51.000    -0.00    31.96    31.96     0.02   0.0400   0.0400     0.00   -15.00
  12    1
     1      2    -6.550   -21.450    51.000    -0.00     7.96    31.96     0.02   0.0400   0.0400     0.00   -15.00
  13    1
     1      2     1.450    -6.550    49.000    -0.00     7.96     7.96     0.02   0.0400   0.0400     0.00   -15.00
  14    1
     1      2     1.450   -26.550    49.000    -0.00     7.96    31.96     0.02   0.0400   0.0400     0.00   -15.00
  15    1
     1      2    21.450   -26.550    49.000    -0.00    31.96    31.96     0.02   0.0400   0.0400     0.00   -15.00
  16    1
     1      2    21.450    -6.550    49.000    -0.00    31.96     7.96     0.02   0.0400   0.0400     0.00   -15.00
  17    1
     1      2    52.550     7.450    49.000    -0.00    19.96    19.96     0.02   0.0400   0.0400     0.00   -15.00
  18    1
     1      2    72.550     7.450    49.000    -0.00    19.96    19.96     0.02   0.0400   0.0400     0.00   -15.00
  19    1
     1      2    72.550    27.450    49.000    -0.00    19.96    19.96     0.02   0.0400   0.0400     0.00   -15.00
  20    1
     1      2    52.550    27.450    49.000    -0.00    19.96    19.96     0.02   0.0400   0.0400     0.00   -15.00
  21    1
     1      2    47.450   -32.550    47.000    -0.00    19.96    19.96     0.02   0.0400   0.0400     0.00   -15.00
  22    1
     1      2    67.450   -32.550    47.000    -0.00    19.96    19.96     0.02   0.0400   0.0400     0.00   -15.00
  23    1
     1      2    67.450   -12.550    47.000    -0.00    19.96    19.96     0.02   0.0400   0.0400     0.00   -15.00
  24    1
     1      2    47.450   -12.550    47.000    -0.00    19.96    19.96     0.02   0.0400   0.0400     0.00   -15.00
  25    1
     1      2    87.450   -32.550    45.000    -0.00    19.96    19.96     0.02   0.0400   0.0400     0.00   -15.00
  26    1
     1      2   107.450   -32.550    45.000    -0.00    19.96    19.96     0.02   0.0400   0.0400     0.00   -15.00
  27    1
     1      2   107.450   -12.550    45.000    -0.00    19.96    19.96     0.02   0.0400   0.0400     0.00   -15.00
  28    1
     1      2    87.450   -12.550    45.000    -0.00    19.96    19.96     0.02   0.0400   0.0400     0.00   -15.00
  29    1
     1      2    92.550     7.450    47.000    -0.00    19.96    19.96     0.02   0.0400   0.0400     0.00   -15.00
  30    1
     1      2   112.550     7.450    47.000    -0.00    19.96    19.96     0.02   0.0400   0.0400     0.00   -15.00
  31    1
     1      2   112.550    27.450    47.000    -0.00    19.96    19.96     0.02   0.0400   0.0400     0.00   -15.00
  32    1
     1      2    92.550    27.450    47.000    -0.00    19.96    19.96     0.02   0.0400   0.0400     0.00   -15.00
  33    1
     1      2   -72.550   -27.450    49.000    -0.00    19.96    19.96     0.02   0.0400   0.0400     0.00   -15.00
  34    1
     1      2   -52.550   -27.450    49.000    -0.00    19.96    19.96     0.02   0.0400   0.0400     0.00   -15.00
  35    1
     1      2   -52.550    -7.450    49.000    -0.00    19.96    19.96     0.02   0.0400   0.0400     0.00   -15.00
  36    1
     1      2   -72.550    -7.450    49.000    -0.00    19.96    19.96     0.02   0.0400   0.0400     0.00   -15.00
  37    1
     1      2   -67.450    12.550    47.000    -0.00    19.96    19.96     0.02   0.0400   0.0400     0.00   -15.00
  38    1
     1      2   -47.450    12.550    47.000    -0.00    19.96    19.96     0.02   0.0400   0.0400     0.00   -15.00
  39    1
     1      2   -47.450    32.550    47.000    -0.00    19.96    19.96     0.02   0.0400   0.0400     0.00   -15.00
  40    1
     1      2   -67.450    32.550    47.000    -0.00    19.96    19.96     0.02   0.0400   0.0400     0.00   -15.00
  41    1
     1      2  -107.450    12.550    45.000    -0.00    19.96    19.96     0.02   0.0400   0.0400     0.00   -15.00
  42    1
     1      2   -87.450    12.550    45.000    -0.00    19.96    19.96     0.02   0.0400   0.0400     0.00   -15.00
  43    1
     1      2   -87.450    32.550    45.000    -0.00    19.96    19.96     0.02   0.0400   0.0400     0.00   -15.00
  44    1
     1      2  -107.450    32.550    45.000    -0.00    19.96    19.96     0.02   0.0400   0.0400     0.00   -15.00
  45    1
     1      2  -112.550   -27.450    47.000    -0.00    19.96    19.96     0.02   0.0400   0.0400     0.00   -15.00
  46    1
     1      2   -92.550   -27.450    47.000    -0.00    19.96    19.96     0.02   0.0400   0.0400     0.00   -15.00
  47    1
     1      2   -92.550    -7.450    47.000    -0.00    19.96    19.96     0.02   0.0400   0.0400     0.00   -15.00
  48    1
     1      2  -112.550    -7.450    47.000    -0.00    19.96    19.96     0.02   0.0400   0.0400     0.00   -15.00
3   0   48
   1    1
     1      2     6.550     1.450    71.000    -0.00     7.96     7.96     0.02   0.0400   0.0400     0.00    15.00
   2    1
     1      2    26.550     1.450    71.000    -0.00    31.96     7.96     0.02   0.0400   0.0400     0.00    15.00
   3    1
     1      2    26.550    21.450    71.000    -0.00    31.96    31.96     0.02   0.0400   0.0400     0.00    15.00
   4    1
     1      2     6.550    21.450    71.000    -0.00     7.96    31.96     0.02   0.0400   0.0400     0.00    15.00
   5    1
     1      2    -1.450     6.550    69.000    -0.00     7.96     7.96     0.02   0.0400   0.0400     0.00    15.00
   6    1
     1      2    -1.450    26.550    69.000    -0.00     7.96    31.96     0.02   0.0400   0.0400     0.00    15.00
   7    1
     1      2   -21.450    26.550    69.000    -0.00    31.96    31.96     0.02   0.0400   0.0400     0.00    15.00
   8    1
     1      2   -21.450     6.550    69.000    -0.00    31.96     7.96     0.02   0.0400   0.0400     0.00    15.00
   9    1
     1      2    -6.550    -1.450    71.000    -0.00     7.96     7.96     0.02   0.0400   0.0400     0.00    15.00
  10    1
     1      2   -26.550    -1.450    71.000    -0.00    31.96     7.96     0.02   0.0400   0.0400     0.00    15.00
  11    1
     1      2   -26.550   -21.450    71.000    -0.00    31.96    31.96     0.02   0.0400   0.0400     0.00    15.00
  12    1
     1      2    -6.550   -21.450    71.000    -0.00     7.96    31.96     0.02   0.0400   0.0400     0.00    15.00
  13    1
     1      2     1.450    -6.550    69.000    -0.00     7.96     7.96     0.02   0.0400   0.0400     0.00    15.00
  14    1
     1      2     1.450   -26.550    69.000    -0.00     7.96    31.96     0.02   0.0400   0.0400     0.00    15.00
  15    1
     1      2    21.450   -26.550    69.000    -0.00    31.96    31.96     0.02   0.0400   0.0400     0.00    15.00
  16    1
     1      2    21.450    -6.550    69.000    -0.00    31.96     7.96     0.02   0.0400   0.0400     0.00    15.00
  17    1
     1      2    52.550     7.450    69.000    -0.00    19.96    19.96     0.02   0.0400   0.0400     0.00    15.00
  18    1
     1      2    72.550     7.450    69.000    -0.00    19.96    19.96     0.02   0.0400   0.0400     0.00    15.00
  19    1
     1      2    72.550    27.450    69.000    -0.00    19.96    19.96     0.02   0.0400   0.0400     0.00    15.00
  20    1
     1      2    52.550    27.450    69.000    -0.00    19.96    19.96     0.02   0.0400   0.0400     0.00    15.00
  21    1
     1      2    47.450   -32.550    67.000    -0.00    19.96    19.96     0.02   0.0400   0.0400     0.00    15.00
  22    1
     1      2    67.450   -32.550    67.000    -0.00    19.96    19.96     0.02   0.0400   0.0400     0.00    15.00
  23    1
     1      2    67.450   -12.550    67.000    -0.00    19.96    19.96     0.02   0.0400   0.0400     0.00    15.00
  24    1
     1      2    47.450   -12.550    67.000    -0.00    19.96    19.96     0.02   0.0400   0.0400     0.00    15.00
  25    1
     1      2    87.450   -32.550    65.000    -0.00    19.96    19.96     0.02   0.0400   0.0400     0.00    15.00
  26    1
     1      2   107.450   -32.550    65.000    -0.00    19.96    19.96     0.02   0.0400   0.0400     0.00    15.00
  27    1
     1      2   107.450   -12.550    65.000    -0.00    19.96    19.96     0.02   0.0400   0.0400     0.00    15.00
  28    1
     1      2    87.450   -12.550    65.000    -0.00    19.96    19.96     0.02   0.0400   0.0400     0.00    15.00
  29    1
     1      2    92.550     7.450    67.000    -0.00    19.96    19.96     0.02   0.0400   0.0400     0.00    15.00
  30    1
     1      2   112.550     7.450    67.000    -0.00    19.96    19.96     0.02   0.0400   0.0400     0.00    15.00
  31    1
     1      2   112.550    27.450    67.000    -0.00    19.96    19.96     0.02   0.0400   0.0400     0.00    15.00
  32    1
     1      2    92.550    27.450    67.000    -0.00    19.96    19.96     0.02   0.0400   0.0400     0.00    15.00
  33    1
     1      2   -72.550   -27.450    69.000    -0.00    19.96    19.96     0.02   0.0400   0.0400     0.00    15.00
  34    1
     1      2   -52.550   -27.450    69.000    -0.00    19.96    19.96     0.02   0.0400   0.0400     0.00    15.00
  35    1
     1      2   -52.550    -7.450    69.000    -0.00    19.96    19.96     0.02   0.0400   0.0400     0.00    15.00
  36    1
     1      2   -72.550    -7.450    69.000    -0.00    19.96    19.96     0.02   0.0400   0.0400     0.00    15.00
  37    1
     1      2   -67.450    12.550    67.000    -0.00    19.96    19.96     0.02   0.0400   0.0400     0.00    15.00
  38    1
     1      2   -47.450    12.550    67.000    -0.00    19.96    19.96     0.02   0.0400   0.0400     0.00    15.00
  39    1
     1      2   -47.450    32.550    67.000    -0.00    19.96    19.96     0.02   0.0400   0.0400     0.00    15.00
  40    1
     1      2   -67.450    32.550    67.000    -0.00    19.96    19.96     0.02   0.0400   0.0400     0.00    15.00
  41    1
     1      2  -107.450    12.550    65.000    -0.00    19.96    19.96     0.02   0.0400   0.0400     0.00    15.00
  42    1
     1      2   -87.450    12.550    65.000    -0.00    19.96    19.96     0.02   0.0400   0.0400     0.00    15.00
  43    1
     1      2   -87.450    32.550    65.000    -0.00    19.96    19.96     0.02   0.0400   0.0400     0.00    15.00
  44    1
     1      2  -107.450    32.550    65.000    -0.00    19.96    19.96     0.02   0.0400   0.0400     0.00    15.00
  45    1
     1      2  -112.550   -27.450    67.000    -0.00    19.96    19.96     0.02   0.0400   0.0400     0.00    15.00
  46    1
     1      2   -92.550   -27.450    67.000    -0.00    19.96    19.96     0.02   0.0400   0.0400     0.00    15.00
  47    1
     1      2   -92.550    -7.450    67.000    -0.00    19.96    19.96     0.02   0.0400   0.0400     0.00    15.00
  48    1
     1      2  -112.550    -7.450    67.000    -0.00    19.96    19.96     0.02   0.0400   0.0400     0.00    15.00
4   0   48
   1    1
     1      2     6.550     1.450    91.000    -0.00     7.96     7.96     0.02   0.0400   0.0400     0.00   -15.00
   2    1
     1      2    26.550     1.450    91.000    -0.00    31.96     7.96     0.02   0.0400   0.0400     0.00   -15.00
   3    1
     1      2    26.550    21.450    91.000    -0.00    31.96    31.96     0.02   0.0400   0.0400     0.00   -15.00
   4    1
     1      2     6.550    21.450    91.000    -0.00     7.96    31.96     0.02   0.0400   0.0400     0.00   -15.00
   5    1
     1      2    -1.450     6.550    89.000    -0.00     7.96     7.96     0.02   0.0400   0.0400     0.00   -15.00
   6    1
     1      2    -1.450    26.550    89.000    -0.00     7.96    31.96     0.02   0.0400   0.0400     0.00   -15.00
   7    1
     1      2   -21.450    26.550    89.000    -0.00    31.96    31.96     0.02   0.0400   0.0400     0.00   -15.00
   8    1
     1      2   -21.450     6.550    89.000    -0.00    31.96     7.96     0.02   0.0400   0.0400     0.00   -15.00
   9    1
     1      2    -6.550    -1.450    91.000    -0.00     7.96     7.96     0.02   0.0400   0.0400     0.00   -15.00
  10    1
     1      2   -26.550    -1.450    91.000    -0.00    31.96     7.96     0.02   0.0400   0.0400     0.00   -15.00
  11    1
     1      2   -26.550   -21.450    91.000    -0.00    31.96    31.96     0.02   0.0400   0.0400     0.00   -15.00
  12    1
     1      2    -6.550   -21.450    91.000    -0.00     7.96    31.96     0.02   0.0400   0.0400     0.00   -15.00
  13    1
     1      2     1.450    -6.550    89.000    -0.00     7.96     7.96     0.02   0.0400   0.0400     0.00   -15.00
  14    1
     1      2     1.450   -26.550    89.000    -0.00     7.96    31.96     0.02   0.0400   0.0400     0.00   -15.00
  15    1
     1      2    21.450   -26.550    89.000    -0.00    31.96    31.96     0.02   0.0400   0.0400     0.00   -15.00
  16    1
     1      2    21.450    -6.550    89.000    -0.00    31.96     7.96     0.02   0.0400   0.0400     0.00   -15.00
  17    1
     1      2    52.550     7.450    89.000    -0.00    19.96    19.96     0.02   0.0400   0.0400     0.00   -15.00
  18    1
     1      2    72.550     7.450    89.000    -0.00    19.96    19.96     0.02   0.0400   0.0400     0.00   -15.00
  19    1
     1      2    72.550    27.450    89.000    -0.00    19.96    19.96     0.02   0.0400   0.0400     0.00   -15.00
  20    1
     1      2    52.550    27.450    89.000    -0.00    19.96    19.96     0.02   0.0400   0.0400     0.00   -15.00
  21    1
     1      2    47.450   -32.550    87.000    -0.00    19.96    19.96     0.02   0.0400   0.0400     0.00   -15.00
  22    1
     1      2    67.450   -32.550    87.000    -0.00    19.96    19.96     0.02   0.0400   0.0400     0.00   -15.00
  23    1
     1      2    67.450   -12.550    87.000    -0.00    19.96    19.96     0.02   0.0400   0.0400     0.00   -15.00
  24    1
     1      2    47.450   -12.550    87.000    -0.00    19.96    19.96     0.02   0.0400   0.0400     0.00   -15.00
  25    1
     1      2    87.450   -32.550    85.000    -0.00    19.96    19.96     0.02   0.0400   0.0400     0.00   -15.00
  26    1
     1      2   107.450   -32.550    85.000    -0.00    19.96    19.96     0.02   0.0400   0.0400     0.00   -15.00
  27    1
     1      2   107.450   -12.550    85.000    -0.00    19.96    19.96     0.02   0.0400   0.0400     0.00   -15.00
  28    1
     1      2    87.450   -12.550    85.000    -0.00    19.96    19.96     0.02   0.0400   0.0400     0.00   -15.00
  29    1
     1      2    92.550     7.450    87.000    -0.00    19.96    19.96     0.02   0.0400   0.0400     0.00   -15.00
  30    1
     1      2   112.550     7.450    87.000    -0.00    19.96    19.96     0.02   0.0400   0.0400     0.00   -15.00
  31    1
     1      2   112.550    27.450    87.000    -0.00    19.96    19.96     0.02   0.0400   0.0400     0.00   -15.00
  32    1
     1      2    92.550    27.450    87.000    -0.00    19.96    19.96     0.02   0.0400   0.0400     0.00   -15.00
  33    1
     1      2   -72.550   -27.450    89.000    -0.00    19.96    19.96     0.02   0.0400   0.0400     0.00   -15.00
  34    1
     1      2   -52.550   -27.450    89.000    -0.00    19.96    19.96     0.02   0.0400   0.0400     0.00   -15.00
  35    1
     1      2   -52.550    -7.450    89.000    -0.00    19.96    19.96     0.02   0.0400   0.0400     0.00   -15.00
  36    1
     1      2   -72.550    -7.450    89.000    -0.00    19.96    19.96     0.02   0.0400   0.0400     0.00   -15.00
  37    1
     1      2   -67.450    12.550    87.000    -0.00    19.96    19.96     0.02   0.0400   0.0400     0.00   -15.00
  38    1
     1      2   -47.450    12.550    87.000    -0.00    19.96    19.96     0.02   0.0400   0.0400     0.00   -15.00
  39    1
     1      2   -47.450    32.550    87.000    -0.00    19.96    19.96     0.02   0.0400   0.0400     0.00   -15.00
  40    1
     1      2   -67.450    32.550    87.000    -0.00    19.96    19.96     0.02   0.0400   0.0400     0.00   -15.00
  41    1
     1      2  -107.450    12.550    85.000    -0.00    19.96    19.96     0.02   0.0400   0.0400     0.00   -15.00
  42    1
     1      2   -87.450    12.550    85.000    -0.00    19.96    19.96     0.02   0.0400   0.0400     0.00   -15.00
  43    1
     1      2   -87.450    32.550    85.000    -0.00    19.96    19.96     0.02   0.0400   0.0400     0.00   -15.00
  44    1
     1      2  -107.450    32.550    85.000    -0.00    19.96    19.96     0.02   0.0400   0.0400     0.00   -15.00
  45    1
     1      2  -112.550   -27.450    87.000    -0.00    19.96    19.96     0.02   0.0400   0.0400     0.00   -15.00
  46    1
     1      2   -92.550   -27.450    87.000    -0.00    19.96    19.96     0.02   0.0400   0.0400     0.00   -15.00
  47    1
     1      2   -92.550    -7.450    87.000    -0.00    19.96    19.96     0.02   0.0400   0.0400     0.00   -15.00
  48    1
     1      2  -112.550    -7.450    87.000    -0.00    19.96    19.96     0.02   0.0400   0.0400     0.00   -15.00
5   0   48
   1    1
     1      2     6.550     1.450   111.000    -0.00     7.96     7.96     0.02   0.0800   0.0800     0.00    15.00
   2    1
     1      2    26.550     1.450   111.000    -0.00    31.96     7.96     0.02   0.0800   0.0800     0.00    15.00
   3    1
     1      2    26.550    21.450   111.000    -0.00    31.96    31.96     0.02   0.0800   0.0800     0.00    15.00
   4    1
     1      2     6.550    21.450   111.000    -0.00     7.96    31.96     0.02   0.0800   0.0800     0.00    15.00
   5    1
     1      2    -1.450     6.550   109.000    -0.00     7.96     7.96     0.02   0.0800   0.0800     0.00    15.00
   6    1
     1      2    -1.450    26.550   109.000    -0.00     7.96    31.96     0.02   0.0800   0.0800     0.00    15.00
   7    1
     1      2   -21.450    26.550   109.000    -0.00    31.96    31.96     0.02   0.0800   0.0800     0.00    15.00
   8    1
     1      2   -21.450     6.550   109.000    -0.00    31.96     7.96     0.02   0.0800   0.0800     0.00    15.00
   9    1
     1      2    -6.550    -1.450   111.000    -0.00     7.96     7.96     0.02   0.0800   0.0800     0.00    15.00
  10    1
     1      2   -26.550    -1.450   111.000    -0.00    31.96     7.96     0.02   0.0800   0.0800     0.00    15.00
  11    1
     1      2   -26.550   -21.450   111.000    -0.00    31.96    31.96     0.02   0.0800   0.0800     0.00    15.00
  12    1
     1      2    -6.550   -21.450   111.000    -0.00     7.96    31.96     0.02   0.0800   0.0800     0.00    15.00
  13    1
     1      2     1.450    -6.550   109.000    -0.00     7.96     7.96     0.02   0.0800   0.0800     0.00    15.00
  14    1
     1      2     1.450   -26.550   109.000    -0.00     7.96    31.96     0.02   0.0800   0.0800     0.00    15.00
  15    1
     1      2    21.450   -26.550   109.000    -0.00    31.96    31.96     0.02   0.0800   0.0800     0.00    15.00
  16    1
     1      2    21.450    -6.550   109.000    -0.00    31.96     7.96     0.02   0.0800   0.0800     0.00    15.00
  17    1
     1      2    52.550     7.450   109.000    -0.00    19.96    19.96     0.02   0.0800   0.0800     0.00    15.00
  18    1
     1      2    72.550     7.450   109.000    -0.00    19.96    19.96     0.02   0.0800   0.0800     0.00    15.00
  19    1
     1      2    72.550    27.450   109.000    -0.00    19.96    19.96     0.02   0.0800   0.0800     0.00    15.00
  20    1
     1      2    52.550    27.450   109.000    -0.00    19.96    19.96     0.02   0.0800   0.0800     0.00    15.00
  21    1
     1      2    47.450   -32.550   107.000    -0.00    19.96    19.96     0.02   0.0800   0.0800     0.00    15.00
  22    1
     1      2    67.450   -32.550   107.000    -0.00    19.96    19.96     0.02   0.0800   0.0800     0.00    15.00
  23    1
     1      2    67.450   -12.550   107.000    -0.00    19.96    19.96     0.02   0.0800   0.0800     0.00    15.00
  24    1
     1      2    47.450   -12.550   107.000    -0.00    19.96    19.96     0.02   0.0800   0.0800     0.00    15.00
  25    1
     1      2    87.450   -32.550   105.000    -0.00    19.96    19.96     0.02   0.0800   0.0800     0.00    15.00
  26    1
     1      2   107.450   -32.550   105.000    -0.00    19.96    19.96     0.02   0.0800   0.0800     0.00    15.00
  27    1
     1      2   107.450   -12.550   105.000    -0.00    19.96    19.96     0.02   0.0800   0.0800     0.00    15.00
  28    1
     1      2    87.450   -12.550   105.000    -0.00    19.96    19.96     0.02   0.0800   0.0800     0.00    15.00
  29    1
     1      2    92.550     7.450   107.000    -0.00    19.96    19.96     0.02   0.0800   0.0800     0.00    15.00
  30    1
     1      2   112.550     7.450   107.000    -0.00    19.96    19.96     0.02   0.0800   0.0800     0.00    15.00
  31    1
     1      2   112.550    27.450   107.000    -0.00    19.96    19.96     0.02   0.0800   0.0800     0.00    15.00
  32    1
     1      2    92.550    27.450   107.000    -0.00    19.96    19.96     0.02   0.0800   0.0800     0.00    15.00
  33    1
     1      2   -72.550   -27.450   109.000    -0.00    19.96    19.96     0.02   0.0800   0.0800     0.00    15.00
  34    1
     1      2   -52.550   -27.450   109.000    -0.00    19.96    19.96     0.02   0.0800   0.0800     0.00    15.00
  35    1
     1      2   -52.550    -7.450   109.000    -0.00    19.96    19.96     0.02   0.0800   0.0800     0.00    15.00
  36    1
     1      2   -72.550    -7.450   109.000    -0.00    19.96    19.96     0.02   0.0800   0.0800     0.00    15.00
  37    1
     1      2   -67.450    12.550   107.000    -0.00    19.96    19.96     0.02   0.0800   0.0800     0.00    15.00
  38    1
     1      2   -47.450    12.550   107.000    -0.00    19.96    19.96     0.02   0.0800   0.0800     0.00    15.00
  39    1
     1      2   -47.450    32.550   107.000    -0.00    19.96    19.96     0.02   0.0800   0.0800     0.00    15.00
  40    1
     1      2   -67.450    32.550   107.000    -0.00    19.96    19.96     0.02   0.0800   0.0800     0.00    15.00
  41    1
     1      2  -107.450    12.550   105.000    -0.00    19.96    19.96     0.02   0.0800   0.0800     0.00    15.00
  42    1
     1      2   -87.450    12.550   105.000    -0.00    19.96    19.96     0.02   0.0800   0.0800     0.00    15.00
  43    1
     1      2   -87.450    32.550   105.000    -0.00    19.96    19.96     0.02   0.0800   0.0800     0.00    15.00
  44    1
     1      2  -107.450    32.550   105.000    -0.00    19.96    19.96     0.02   0.0800   0.0800     0.00    15.00
  45    1
     1      2  -112.550   -27.450   107.000    -0.00    19.96    19.96     0.02   0.0800   0.0800     0.00    15.00
  46    1
     1      2   -92.550   -27.450   107.000    -0.00    19.96    19.96     0.02   0.0800   0.0800     0.00    15.00
  47    1
     1      2   -92.550    -7.450   107.000    -0.00    19.96    19.96     0.02   0.0800   0.0800     0.00    15.00
  48    1
     1      2  -112.550    -7.450   107.000    -0.00    19.96    19.96     0.02   0.0800   0.0800     0.00    15.00
6   0   48
   1    1
     1      2     6.550     1.450   141.000    -0.00     7.96     7.96     0.02   0.0800   0.0800     0.00   -15.00
   2    1
     1      2    26.550     1.450   141.000    -0.00    31.96     7.96     0.02   0.0800   0.0800     0.00   -15.00
   3    1
     1      2    26.550    21.450   141.000    -0.00    31.96    31.96     0.02   0.0800   0.0800     0.00   -15.00
   4    1
     1      2     6.550    21.450   141.000    -0.00     7.96    31.96     0.02   0.0800   0.0800     0.00   -15.00
   5    1
     1      2    -1.450     6.550   139.000    -0.00     7.96     7.96     0.02   0.0800   0.0800     0.00   -15.00
   6    1
     1      2    -1.450    26.550   139.000    -0.00     7.96    31.96     0.02   0.0800   0.0800     0.00   -15.00
   7    1
     1      2   -21.450    26.550   139.000    -0.00    31.96    31.96     0.02   0.0800   0.0800     0.00   -15.00
   8    1
     1      2   -21.450     6.550   139.000    -0.00    31.96     7.96     0.02   0.0800   0.0800     0.00   -15.00
   9    1
     1      2    -6.550    -1.450   141.000    -0.00     7.96     7.96     0.02   0.0800   0.0800     0.00   -15.00
  10    1
     1      2   -26.550    -1.450   141.000    -0.00    31.96     7.96     0.02   0.0800   0.0800     0.00   -15.00
  11    1
     1      2   -26.550   -21.450   141.000    -0.00    31.96    31.96     0.02   0.0800   0.0800     0.00   -15.00
  12    1
     1      2    -6.550   -21.450   141.000    -0.00     7.96    31.96     0.02   0.0800   0.0800     0.00   -15.00
  13    1
     1      2     1.450    -6.550   139.000    -0.00     7.96     7.96     0.02   0.0800   0.0800     0.00   -15.00
  14    1
     1      2     1.450   -26.550   139.000    -0.00     7.96    31.96     0.02   0.0800   0.0800     0.00   -15.00
  15    1
     1      2    21.450   -26.550   139.000    -0.00    31.96    31.96     0.02   0.0800   0.0800     0.00   -15.00
  16    1
     1      2    21.450    -6.550   139.000    -0.00    31.96     7.96     0.02   0.0800   0.0800     0.00   -15.00
  17    1
     1      2    52.550     7.450   139.000    -0.00    19.96    19.96     0.02   0.0800   0.0800     0.00   -15.00
  18    1
     1      2    72.550     7.450   139.000    -0.00    19.96    19.96     0.02   0.0800   0.0800     0.00   -15.00
  19    1
     1      2    72.550    27.450   139.000    -0.00    19.96    19.96     0.02   0.0800   0.0800     0.00   -15.00
  20    1
     1      2    52.550    27.450   139.000    -0.00    19.96    19.96     0.02   0.0800   0.0800     0.00   -15.00
  21    1
     1      2    47.450   -32.550   137.000    -0.00    19.96    19.96     0.02   0.0800   0.0800     0.00   -15.00
  22    1
     1      2    67.450   -32.550   137.000    -0.00    19.96    19.96     0.02   0.0800   0.0800     0.00   -15.00
  23    1
     1      2    67.450   -12.550   137.000    -0.00    19.96    19.96     0.02   0.0800   0.0800     0.00   -15.00
  24    1
     1      2    47.450   -12.550   137.000    -0.00    19.96    19.96     0.02   0.0800   0.0800     0.00   -15.00
  25    1
     1      2    87.450   -32.550   135.000    -0.00    19.96    19.96     0.02   0.0800   0.0800     0.00   -15.00
  26    1
     1      2   107.450   -32.550   135.000    -0.00    19.96    19.96     0.02   0.0800   0.0800     0.00   -15.00
  27    1
     1      2   107.450   -12.550   135.000    -0.00    19.96    19.96     0.02   0.0800   0.0800     0.00   -15.00
  28    1
     1      2    87.450   -12.550   135.000    -0.00    19.96    19.96     0.02   0.0800   0.0800     0.00   -15.00
  29    1
     1      2    92.550     7.450   137.000    -0.00    19.96    19.96     0.02   0.0800   0.0800     0.00   -15.00
  30    1
     1      2   112.550     7.450   137.000    -0.00    19.96    19.96     0.02   0.0800   0.0800     0.00   -15.00
  31    1
     1      2   112.550    27.450   137.000    -0.00    19.96    19.96     0.02   0.0800   0.0800     0.00   -15.00
  32    1
     1      2    92.550    27.450   137.000    -0.00    19.96    19.96     0.02   0.0800   0.0800     0.00   -15.00
  33    1
     1      2   -72.550   -27.450   139.000    -0.00    19.96    19.96     0.02   0.0800   0.0800     0.00   -15.00
  34    1
     1      2   -52.550   -27.450   139.000    -0.00    19.96    19.96     0.02   0.0800   0.0800     0.00   -15.00
  35    1
     1      2   -52.550    -7.450   139.000    -0.00    19.96    19.96     0.02   0.0800   0.0800     0.00   -15.00
  36    1
     1      2   -72.550    -7.450   139.000    -0.00    19.96    19.96     0.02   0.0800   0.0800     0.00   -15.00
  37    1
     1      2   -67.450    12.550   137.000    -0.00    19.96    19.96     0.02   0.0800   0.0800     0.00   -15.00
  38    1
     1      2   -47.450    12.550   137.000    -0.00    19.96    19.96     0.02   0.0800   0.0800     0.00   -15.00
  39    1
     1      2   -47.450    32.550   137.000    -0.00    19.96    19.96     0.02   0.0800   0.0800     0.00   -15.00
  40    1
     1      2   -67.450    32.550   137.000    -0.00    19.96    19.96     0.02   0.0800   0.0800     0.00   -15.00
  41    1
     1      2  -107.450    12.550   135.000    -0.00    19.96    19.96     0.02   0.0800   0.0800     0.00   -15.00
  42    1
     1      2   -87.450    12.550   135.000    -0.00    19.96    19.96     0.02   0.0800   0.0800     0.00   -15.00
  43    1
     1      2   -87.450    32.550   135.000    -0.00    19.96    19.96     0.02   0.0800   0.0800     0.00   -15.00
  44    1
     1      2  -107.450    32.550   135.000    -0.00    19.96    19.96     0.02   0.0800   0.0800     0.00   -15.00
  45    1
     1      2  -112.550   -27.450   137.000    -0.00    19.96    19.96     0.02   0.0800   0.0800     0.00   -15.00
  46    1
     1      2   -92.550   -27.450   137.000    -0.00    19.96    19.96     0.02   0.0800   0.0800     0.00   -15.00
  47    1
     1      2   -92.550    -7.450   137.000    -0.00    19.96    19.96     0.02   0.0800   0.0800     0.00   -15.00
  48    1
     1      2  -112.550    -7.450   137.000    -0.00    19.96    19.96     0.02   0.0800   0.0800     0.00   -15.00
7   0   48
   1    1
     1      2     6.550     1.450   171.000    -0.00     7.96     7.96     0.02   0.0800   0.0800     0.00    15.00
   2    1
     1      2    26.550     1.450   171.000    -0.00    31.96     7.96     0.02   0.0800   0.0800     0.00    15.00
   3    1
     1      2    26.550    21.450   171.000    -0.00    31.96    31.96     0.02   0.0800   0.0800     0.00    15.00
   4    1
     1      2     6.550    21.450   171.000    -0.00     7.96    31.96     0.02   0.0800   0.0800     0.00    15.00
   5    1
     1      2    -1.450     6.550   169.000    -0.00     7.96     7.96     0.02   0.0800   0.0800     0.00    15.00
   6    1
     1      2    -1.450    26.550   169.000    -0.00     7.96    31.96     0.02   0.0800   0.0800     0.00    15.00
   7    1
     1      2   -21.450    26.550   169.000    -0.00    31.96    31.96     0.02   0.0800   0.0800     0.00    15.00
   8    1
     1      2   -21.450     6.550   169.000    -0.00    31.96     7.96     0.02   0.0800   0.0800     0.00    15.00
   9    1
     1      2    -6.550    -1.450   171.000    -0.00     7.96     7.96     0.02   0.0800   0.0800     0.00    15.00
  10    1
     1      2   -26.550    -1.450   171.000    -0.00    31.96     7.96     0.02   0.0800   0.0800     0.00    15.00
  11    1
     1      2   -26.550   -21.450   171.000    -0.00    31.96    31.96     0.02   0.0800   0.0800     0.00    15.00
  12    1
     1      2    -6.550   -21.450   171.000    -0.00     7.96    31.96     0.02   0.0800   0.0800     0.00    15.00
  13    1
     1      2     1.450    -6.550   169.000    -0.00     7.96     7.96     0.02   0.0800   0.0800     0.00    15.00
  14    1
     1      2     1.450   -26.550   169.000    -0.00     7.96    31.96     0.02   0.0800   0.0800     0.00    15.00
  15    1
     1      2    21.450   -26.550   169.000    -0.00    31.96    31.96     0.02   0.0800   0.0800     0.00    15.00
  16    1
     1      2    21.450    -6.550   169.000    -0.00    31.96     7.96     0.02   0.0800   0.0800     0.00    15.00
  17    1
     1      2    52.550     7.450   169.000    -0.00    19.96    19.96     0.02   0.0800   0.0800     0.00    15.00
  18    1
     1      2    72.550     7.450   169.000    -0.00    19.96    19.96     0.02   0.0800   0.0800     0.00    15.00
  19    1
     1      2    72.550    27.450   169.000    -0.00    19.96    19.96     0.02   0.0800   0.0800     0.00    15.00
  20    1
     1      2    52.550    27.450   169.000    -0.00    19.96    19.96     0.02   0.0800   0.0800     0.00    15.00
  21    1
     1      2    47.450   -32.550   167.000    -0.00    19.96    19.96     0.02   0.0800   0.0800     0.00    15.00
  22    1
     1      2    67.450   -32.550   167.000    -0.00    19.96    19.96     0.02   0.0800   0.0800     0.00    15.00
  23    1
     1      2    67.450   -12.550   167.000    -0.00    19.96    19.96     0.02   0.0800   0.0800     0.00    15.00
  24    1
     1      2    47.450   -12.550   167.000    -0.00    19.96    19.96     0.02   0.0800   0.0800     0.00    15.00
  25    1
     1      2    87.450   -32.550   165.000    -0.00    19.96    19.96     0.02   0.0800   0.0800     0.00    15.00
  26    1
     1      2   107.450   -32.550   165.000    -0.00    19.96    19.96     0.02   0.0800   0.0800     0.00    15.00
  27    1
     1      2   107.450   -12.550   165.000    -0.00    19.96    19.96     0.02   0.0800   0.0800     0.00    15.00
  28    1
     1      2    87.450   -12.550   165.000    -0.00    19.96    19.96     0.02   0.0800   0.0800     0.00    15.00
  29    1
     1      2    92.550     7.450   167.000    -0.00    19.96    19.96     0.02   0.0800   0.0800     0.00    15.00
  30    1
     1      2   112.550     7.450   167.000    -0.00    19.96    19.96     0.02   0.0800   0.0800     0.00    15.00
  31    1
     1      2   112.550    27.450   167.000    -0.00    19.96    19.96     0.02   0.0800   0.0800     0.00    15.00
  32    1
     1      2    92.550    27.450   167.000    -0.00    19.96    19.96     0.02   0.0800   0.0800     0.00    15.00
  33    1
     1      2   -72.550   -27.450   169.000    -0.00    19.96    19.96     0.02   0.0800   0.0800     0.00    15.00
  34    1
     1      2   -52.550   -27.450   169.000    -0.00    19.96    19.96     0.02   0.0800   0.0800     0.00    15.00
  35    1
     1      2   -52.550    -7.450   169.000    -0.00    19.96    19.96     0.02   0.0800   0.0800     0.00    15.00
  36    1
     1      2   -72.550    -7.450   169.000    -0.00    19.96    19.96     0.02   0.0800   0.0800     0.00    15.00
  37    1
     1      2   -67.450    12.550   167.000    -0.00    19.96    19.96     0.02   0.0800   0.0800     0.00    15.00
  38    1
     1      2   -47.450    12.550   167.000    -0.00    19.96    19.96     0.02   0.0800   0.0800     0.00    15.00
  39    1
     1      2   -47.450    32.550   167.000    -0.00    19.96    19.96     0.02   0.0800   0.0800     0.00    15.00
  40    1
     1      2   -67.450    32.550   167.000    -0.00    19.96    19.96     0.02   0.0800   0.0800     0.00    15.00
  41    1
     1      2  -107.450    12.550   165.000    -0.00    19.96    19.96     0.02   0.0800   0.0800     0.00    15.00
  42    1
     1      2   -87.450    12.550   165.000    -0.00    19.96    19.96     0.02   0.0800   0.0800     0.00    15.00
  43    1
     1      2   -87.450    32.550   165.000    -0.00    19.96    19.96     0.02   0.0800   0.0800     0.00    15.00
  44    1
     1      2  -107.450    32.550   165.000    -0.00    19.96    19.96     0.02   0.0800   0.0800     0.00    15.00
  45    1
     1      2  -112.550   -27.450   167.000    -0.00    19.96    19.96     0.02   0.0800   0.0800     0.00    15.00
  46    1
     1      2   -92.550   -27.450   167.000    -0.00    19.96    19.96     0.02   0.0800   0.0800     0.00    15.00
  47    1
     1      2   -92.550    -7.450   167.000    -0.00    19.96    19.96     0.02   0.0800   0.0800     0.00    15.00
  48    1
     1      2  -112.550    -7.450   167.000    -0.00    19.96    19.96     0.02   0.0800   0.0800     0.00    15.00
8   0   48
   1    1
     1      2     6.550     1.450   201.000    -0.00     7.96     7.96     0.02   0.0800   0.0800     0.00   -15.00
   2    1
     1      2    26.550     1.450   201.000    -0.00    31.96     7.96     0.02   0.0800   0.0800     0.00   -15.00
   3    1
     1      2    26.550    21.450   201.000    -0.00    31.96    31.96     0.02   0.0800   0.0800     0.00   -15.00
   4    1
     1      2     6.550    21.450   201.000    -0.00     7.96    31.96     0.02   0.0800   0.0800     0.00   -15.00
   5    1
     1      2    -1.450     6.550   199.000    -0.00     7.96     7.96     0.02   0.0800   0.0800     0.00   -15.00
   6    1
     1      2    -1.450    26.550   199.000    -0.00     7.96    31.96     0.02   0.0800   0.0800     0.00   -15.00
   7    1
     1      2   -21.450    26.550   199.000    -0.00    31.96    31.96     0.02   0.0800   0.0800     0.00   -15.00
   8    1
     1      2   -21.450     6.550   199.000    -0.00    31.96     7.96     0.02   0.0800   0.0800     0.00   -15.00
   9    1
     1      2    -6.550    -1.450   201.000    -0.00     7.96     7.96     0.02   0.0800   0.0800     0.00   -15.00
  10    1
     1      2   -26.550    -1.450   201.000    -0.00    31.96     7.96     0.02   0.0800   0.0800     0.00   -15.00
  11    1
     1      2   -26.550   -21.450   201.000    -0.00    31.96    31.96     0.02   0.0800   0.0800     0.00   -15.00
  12    1
     1      2    -6.550   -21.450   201.000    -0.00     7.96    31.96     0.02   0.0800   0.0800     0.00   -15.00
  13    1
     1      2     1.450    -6.550   199.000    -0.00     7.96     7.96     0.02   0.0800   0.0800     0.00   -15.00
  14    1
     1      2     1.450   -26.550   199.000    -0.00     7.96    31.96     0.02   0.0800   0.0800     0.00   -15.00
  15    1
     1      2    21.450   -26.550   199.000    -0.00    31.96    31.96     0.02   0.0800   0.0800     0.00   -15.00
  16    1
     1      2    21.450    -6.550   199.000    -0.00    31.96     7.96     0.02   0.0800   0.0800     0.00   -15.00
  17    1
     1      2    52.550     7.450   199.000    -0.00    19.96    19.96     0.02   0.0800   0.0800     0.00   -15.00
  18    1
     1      2    72.550     7.450   199.000    -0.00    19.96    19.96     0.02   0.0800   0.0800     0.00   -15.00
  19    1
     1      2    72.550    27.450   199.000    -0.00    19.96    19.96     0.02   0.0800   0.0800     0.00   -15.00
  20    1
     1      2    52.550    27.450   199.000    -0.00    19.96    19.96     0.02   0.0800   0.0800     0.00   -15.00
  21    1
     1      2    47.450   -32.550   197.000    -0.00    19.96    19.96     0.02   0.0800   0.0800     0.00   -15.00
  22    1
     1      2    67.450   -32.550   197.000    -0.00    19.96    19.96     0.02   0.0800   0.0800     0.00   -15.00
  23    1
     1      2    67.450   -12.550   197.000    -0.00    19.96    19.96     0.02   0.0800   0.0800     0.00   -15.00
  24    1
     1      2    47.450   -12.550   197.000    -0.00    19.96    19.96     0.02   0.0800   0.0800     0.00   -15.00
  25    1
     1      2    87.450   -32.550   195.000    -0.00    19.96    19.96     0.02   0.0800   0.0800     0.00   -15.00
  26    1
     1      2   107.450   -32.550   195.000    -0.00    19.96    19.96     0.02   0.0800   0.0800     0.00   -15.00
  27    1
     1      2   107.450   -12.550   195.000    -0.00    19.96    19.96     0.02   0.0800   0.0800     0.00   -15.00
  28    1
     1      2    87.450   -12.550   195.000    -0.00    19.96    19.96     0.02   0.0800   0.0800     0.00   -15.00
  29    1
     1      2    92.550     7.450   197.000    -0.00    19.96    19.96     0.02   0.0800   0.0800     0.00   -15.00
  30    1
     1      2   112.550     7.450   197.000    -0.00    19.96    19.96     0.02   0.0800   0.0800     0.00   -15.00
  31    1
     1      2   112.550    27.450   197.000    -0.00    19.96    19.96     0.02   0.0800   0.0800     0.00   -15.00
  32    1
     1      2    92.550    27.450   197.000    -0.00    19.96    19.96     0.02   0.0800   0.0800     0.00   -15.00
  33    1
     1      2   -72.550   -27.450   199.000    -0.00    19.96    19.96     0.02   0.0800   0.0800     0.00   -15.00
  34    1
     1      2   -52.550   -27.450   199.000    -0.00    19.96    19.96     0.02   0.0800   0.0800     0.00   -15.00
  35    1
     1      2   -52.550    -7.450   199.000    -0.00    19.96    19.96     0.02   0.0800   0.0800     0.00   -15.00
  36    1
     1      2   -72.550    -7.450   199.000    -0.00    19.96    19.96     0.02   0.0800   0.0800     0.00   -15.00
  37    1
     1      2   -67.450    12.550   197.000    -0.00    19.96    19.96     0.02   0.0800   0.0800     0.00   -15.00
  38    1
     1      2   -47.450    12.550   197.000    -0.00    19.96    19.96     0.02   0.0800   0.0800     0.00   -15.00
  39    1
     1      2   -47.450    32.550   197.000    -0.00    19.96    19.96     0.02   0.0800   0.0800     0.00   -15.00
  40    1
     1      2   -67.450    32.550   197.000    -0.00    19.96    19.96     0.02   0.0800   0.0800     0.00   -15.00
  41    1
     1      2  -107.450    12.550   195.000    -0.00    19.96    19.96     0.02   0.0800   0.0800     0.00   -15.00
  42    1
     1      2   -87.450    12.550   195.000    -0.00    19.96    19.96     0.02   0.0800   0.0800     0.00   -15.00
  43    1
     1      2   -87.450    32.550   195.000    -0.00    19.96    19.96     0.02   0.0800   0.0800     0.00   -15.00
  44    1
     1      2  -107.450    32.550   195.000    -0.00    19.96    19.96     0.02   0.0800   0.0800     0.00   -15.00
  45    1
     1      2  -112.550   -27.450   197.000    -0.00    19.96    19.96     0.02   0.0800   0.0800     0.00   -15.00
  46    1
     1      2   -92.550   -27.450   197.000    -0.00    19.96    19.96     0.02   0.0800   0.0800     0.00   -15.00
  47    1
     1      2   -92.550    -7.450   197.000    -0.00    19.96    19.96     0.02   0.0800   0.0800     0.00   -15.00
  48    1
     1      2  -112.550    -7.450   197.000    -0.00    19.96    19.96     0.02   0.0800   0.0800     0.00   -15.00
9   0   48
   1    1
     1      2     6.550     1.450   241.000    -0.00     7.96     7.96     0.02   0.0800   0.0800     0.00    15.00
   2    1
     1      2    26.550     1.450   241.000    -0.00    31.96     7.96     0.02   0.0800   0.0800     0.00    15.00
   3    1
     1      2    26.550    21.450   241.000    -0.00    31.96    31.96     0.02   0.0800   0.0800     0.00    15.00
   4    1
     1      2     6.550    21.450   241.000    -0.00     7.96    31.96     0.02   0.0800   0.0800     0.00    15.00
   5    1
     1      2    -1.450     6.550   239.000    -0.00     7.96     7.96     0.02   0.0800   0.0800     0.00    15.00
   6    1
     1      2    -1.450    26.550   239.000    -0.00     7.96    31.96     0.02   0.0800   0.0800     0.00    15.00
   7    1
     1      2   -21.450    26.550   239.000    -0.00    31.96    31.96     0.02   0.0800   0.0800     0.00    15.00
   8    1
     1      2   -21.450     6.550   239.000    -0.00    31.96     7.96     0.02   0.0800   0.0800     0.00    15.00
   9    1
     1      2    -6.550    -1.450   241.000    -0.00     7.96     7.96     0.02   0.0800   0.0800     0.00    15.00
  10    1
     1      2   -26.550    -1.450   241.000    -0.00    31.96     7.96     0.02   0.0800   0.0800     0.00    15.00
  11    1
     1      2   -26.550   -21.450   241.000    -0.00    31.96    31.96     0.02   0.0800   0.0800     0.00    15.00
  12    1
     1      2    -6.550   -21.450   241.000    -0.00     7.96    31.96     0.02   0.0800   0.0800     0.00    15.00
  13    1
     1      2     1.450    -6.550   239.000    -0.00     7.96     7.96     0.02   0.0800   0.0800     0.00    15.00
  14    1
     1      2     1.450   -26.550   239.000    -0.00     7.96    31.96     0.02   0.0800   0.0800     0.00    15.00
  15    1
     1      2    21.450   -26.550   239.000    -0.00    31.96    31.96     0.02   0.0800   0.0800     0.00    15.00
  16    1
     1      2    21.450    -6.550   239.000    -0.00    31.96     7.96     0.02   0.0800   0.0800     0.00    15.00
  17    1
     1      2    52.550     7.450   239.000    -0.00    19.96    19.96     0.02   0.0800   0.0800     0.00    15.00
  18    1
     1      2    72.550     7.450   239.000    -0.00    19.96    19.96     0.02   0.0800   0.0800     0.00    15.00
  19    1
     1      2    72.550    27.450   239.000    -0.00    19.96    19.96     0.02   0.0800   0.0800     0.00    15.00
  20    1
     1      2    52.550    27.450   239.000    -0.00    19.96    19.96     0.02   0.0800   0.0800     0.00    15.00
  21    1
     1      2    47.450   -32.550   237.000    -0.00    19.96    19.96     0.02   0.0800   0.0800     0.00    15.00
  22    1
     1      2    67.450   -32.550   237.000    -0.00    19.96    19.96     0.02   0.0800   0.0800     0.00    15.00
  23    1
     1      2    67.450   -12.550   237.000    -0.00    19.96    19.96     0.02   0.0800   0.0800     0.00    15.00
  24    1
     1      2    47.450   -12.550   237.000    -0.00    19.96    19.96     0.02   0.0800   0.0800     0.00    15.00
  25    1
     1      2    87.450   -32.550   235.000    -0.00    19.96    19.96     0.02   0.0800   0.0800     0.00    15.00
  26    1
     1      2   107.450   -32.550   235.000    -0.00    19.96    19.96     0.02   0.0800   0.0800     0.00    15.00
  27    1
     1      2   107.450   -12.550   235.000    -0.00    19.96    19.96     0.02   0.0800   0.0800     0.00    15.00
  28    1
     1      2    87.450   -12.550   235.000    -0.00    19.96    19.96     0.02   0.0800   0.0800     0.00    15.00
  29    1
     1      2    92.550     7.450   237.000    -0.00    19.96    19.96     0.02   0.0800   0.0800     0.00    15.00
  30    1
     1      2   112.550     7.450   237.000    -0.00    19.96    19.96     0.02   0.0800   0.0800     0.00    15.00
  31    1
     1      2   112.550    27.450   237.000    -0.00    19.96    19.96     0.02   0.0800   0.0800     0.00    15.00
  32    1
     1      2    92.550    27.450   237.000    -0.00    19.96    19.96     0.02   0.0800   0.0800     0.00    15.00
  33    1
     1      2   -72.550   -27.450   239.000    -0.00    19.96    19.96     0.02   0.0800   0.0800     0.00    15.00
  34    1
     1      2   -52.550   -27.450   239.000    -0.00    19.96    19.96     0.02   0.0800   0.0800     0.00    15.00
  35    1
     1      2   -52.550    -7.450   239.000    -0.00    19.96    19.96     0.02   0.0800   0.0800     0.00    15.00
  36    1
     1      2   -72.550    -7.450   239.000    -0.00    19.96    19.96     0.02   0.0800   0.0800     0.00    15.00
  37    1
     1      2   -67.450    12.550   237.000    -0.00    19.96    19.96     0.02   0.0800   0.0800     0.00    15.00
  38    1
     1      2   -47.450    12.550   237.000    -0.00    19.96    19.96     0.02   0.0800   0.0800     0.00    15.00
  39    1
     1      2   -47.450    32.550   237.000    -0.00    19.96    19.96     0.02   0.0800   0.0800     0.00    15.00
  40    1
     1      2   -67.450    32.550   237.000    -0.00    19.96    19.96     0.02   0.0800   0.0800     0.00    15.00
  41    1
     1      2  -107.450    12.550   235.000    -0.00    19.96    19.96     0.02   0.0800   0.0800     0.00    15.00
  42    1
     1      2   -87.450    12.550   235.000    -0.00    19.96    19.96     0.02   0.0800   0.0800     0.00    15.00
  43    1
     1      2   -87.450    32.550   235.000    -0.00    19.96    19.96     0.02   0.0800   0.0800     0.00    15.00
  44    1
     1      2  -107.450    32.550   235.000    -0.00    19.96    19.96     0.02   0.0800   0.0800     0.00    15.00
  45    1
     1      2  -112.550   -27.450   237.000    -0.00    19.96    19.96     0.02   0.0800   0.0800     0.00    15.00
  46    1
     1      2   -92.550   -27.450   237.000    -0.00    19.96    19.96     0.02   0.0800   0.0800     0.00    15.00
  47    1
     1      2   -92.550    -7.450   237.000    -0.00    19.96    19.96     0.02   0.0800   0.0800     0.00    15.00
  48    1
     1      2  -112.550    -7.450   237.000    -0.00    19.96    19.96     0.02   0.0800   0.0800     0.00    15.00
10   0   48
   1    1
     1      2     6.550     1.450   281.000    -0.00     7.96     7.96     0.02   0.0800   0.0800     0.00   -15.00
   2    1
     1      2    26.550     1.450   281.000    -0.00    31.96     7.96     0.02   0.0800   0.0800     0.00   -15.00
   3    1
     1      2    26.550    21.450   281.000    -0.00    31.96    31.96     0.02   0.0800   0.0800     0.00   -15.00
   4    1
     1      2     6.550    21.450   281.000    -0.00     7.96    31.96     0.02   0.0800   0.0800     0.00   -15.00
   5    1
     1      2    -1.450     6.550   279.000    -0.00     7.96     7.96     0.02   0.0800   0.0800     0.00   -15.00
   6    1
     1      2    -1.450    26.550   279.000    -0.00     7.96    31.96     0.02   0.0800   0.0800     0.00   -15.00
   7    1
     1      2   -21.450    26.550   279.000    -0.00    31.96    31.96     0.02   0.0800   0.0800     0.00   -15.00
   8    1
     1      2   -21.450     6.550   279.000    -0.00    31.96     7.96     0.02   0.0800   0.0800     0.00   -15.00
   9    1
     1      2    -6.550    -1.450   281.000    -0.00     7.96     7.96     0.02   0.0800   0.0800     0.00   -15.00
  10    1
     1      2   -26.550    -1.450   281.000    -0.00    31.96     7.96     0.02   0.0800   0.0800     0.00   -15.00
  11    1
     1      2   -26.550   -21.450   281.000    -0.00    31.96    31.96     0.02   0.0800   0.0800     0.00   -15.00
  12    1
     1      2    -6.550   -21.450   281.000    -0.00     7.96    31.96     0.02   0.0800   0.0800     0.00   -15.00
  13    1
     1      2     1.450    -6.550   279.000    -0.00     7.96     7.96     0.02   0.0800   0.0800     0.00   -15.00
  14    1
     1      2     1.450   -26.550   279.000    -0.00     7.96    31.96     0.02   0.0800   0.0800     0.00   -15.00
  15    1
     1      2    21.450   -26.550   279.000    -0.00    31.96    31.96     0.02   0.0800   0.0800     0.00   -15.00
  16    1
     1      2    21.450    -6.550   279.000    -0.00    31.96     7.96     0.02   0.0800   0.0800     0.00   -15.00
  17    1
     1      2    52.550     7.450   279.000    -0.00    19.96    19.96     0.02   0.0800   0.0800     0.00   -15.00
  18    1
     1      2    72.550     7.450   279.000    -0.00    19.96    19.96     0.02   0.0800   0.0800     0.00   -15.00
  19    1
     1      2    72.550    27.450   279.000    -0.00    19.96    19.96     0.02   0.0800   0.0800     0.00   -15.00
  20    1
     1      2    52.550    27.450   279.000    -0.00    19.96    19.96     0.02   0.0800   0.0800     0.00   -15.00
  21    1
     1      2    47.450   -32.550   277.000    -0.00    19.96    19.96     0.02   0.0800   0.0800     0.00   -15.00
  22    1
     1      2    67.450   -32.550   277.000    -0.00    19.96    19.96     0.02   0.0800   0.0800     0.00   -15.00
  23    1
     1      2    67.450   -12.550   277.000    -0.00    19.96    19.96     0.02   0.0800   0.0800     0.00   -15.00
  24    1
     1      2    47.450   -12.550   277.000    -0.00    19.96    19.96     0.02   0.0800   0.0800     0.00   -15.00
  25    1
     1      2    87.450   -32.550   275.000    -0.00    19.96    19.96     0.02   0.0800   0.0800     0.00   -15.00
  26    1
     1      2   107.450   -32.550   275.000    -0.00    19.96    19.96     0.02   0.0800   0.0800     0.00   -15.00
  27    1
     1      2   107.450   -12.550   275.000    -0.00    19.96    19.96     0.02   0.0800   0.0800     0.00   -15.00
  28    1
     1      2    87.450   -12.550   275.000    -0.00    19.96    19.96     0.02   0.0800   0.0800     0.00   -15.00
  29    1
     1      2    92.550     7.450   277.000    -0.00    19.96    19.96     0.02   0.0800   0.0800     0.00   -15.00
  30    1
     1      2   112.550     7.450   277.000    -0.00    19.96    19.96     0.02   0.0800   0.0800     0.00   -15.00
  31    1
     1      2   112.550    27.450   277.000    -0.00    19.96    19.96     0.02   0.0800   0.0800     0.00   -15.00
  32    1
     1      2    92.550    27.450   277.000    -0.00    19.96    19.96     0.02   0.0800   0.0800     0.00   -15.00
  33    1
     1      2   -72.550   -27.450   279.000    -0.00    19.96    19.96     0.02   0.0800   0.0800     0.00   -15.00
  34    1
     1      2   -52.550   -27.450   279.000    -0.00    19.96    19.96     0.02   0.0800   0.0800     0.00   -15.00
  35    1
     1      2   -52.550    -7.450   279.000    -0.00    19.96    19.96     0.02   0.0800   0.0800     0.00   -15.00
  36    1
     1      2   -72.550    -7.450   279.000    -0.00    19.96    19.96     0.02   0.0800   0.0800     0.00   -15.00
  37    1
     1      2   -67.450    12.550   277.000    -0.00    19.96    19.96     0.02   0.0800   0.0800     0.00   -15.00
  38    1
     1      2   -47.450    12.550   277.000    -0.00    19.96    19.96     0.02   0.0800   0.0800     0.00   -15.00
  39    1
     1      2   -47.450    32.550   277.000    -0.00    19.96    19.96     0.02   0.0800   0.0800     0.00   -15.00
  40    1
     1      2   -67.450    32.550   277.000    -0.00    19.96    19.96     0.02   0.0800   0.0800     0.00   -15.00
  41    1
     1      2  -107.450    12.550   275.000    -0.00    19.96    19.96     0.02   0.0800   0.0800     0.00   -15.00
  42    1
     1      2   -87.450    12.550   275.000    -0.00    19.96    19.96     0.02   0.0800   0.0800     0.00   -15.00
  43    1
     1      2   -87.450    32.550   275.000    -0.00    19.96    19.96     0.02   0.0800   0.0800     0.00   -15.00
  44    1
     1      2  -107.450    32.550   275.000    -0.00    19.96    19.96     0.02   0.0800   0.0800     0.00   -15.00
  45    1
     1      2  -112.550   -27.450   277.000    -0.00    19.96    19.96     0.02   0.0800   0.0800     0.00   -15.00
  46    1
     1      2   -92.550   -27.450   277.000    -0.00    19.96    19.96     0.02   0.0800   0.0800     0.00   -15.00
  47    1
     1      2   -92.550    -7.450   277.000    -0.00    19.96    19.96     0.02   0.0800   0.0800     0.00   -15.00
  48    1
     1      2  -112.550    -7.450   277.000    -0.00    19.96    19.96     0.02   0.0800   0.0800     0.00   -15.00
11   0   48
   1    1
     1      2     6.550     1.450   321.000    -0.00     7.96     7.96     0.02   0.0800   0.0800     0.00    15.00
   2    1
     1      2    26.550     1.450   321.000    -0.00    31.96     7.96     0.02   0.0800   0.0800     0.00    15.00
   3    1
     1      2    26.550    21.450   321.000    -0.00    31.96    31.96     0.02   0.0800   0.0800     0.00    15.00
   4    1
     1      2     6.550    21.450   321.000    -0.00     7.96    31.96     0.02   0.0800   0.0800     0.00    15.00
   5    1
     1      2    -1.450     6.550   319.000    -0.00     7.96     7.96     0.02   0.0800   0.0800     0.00    15.00
   6    1
     1      2    -1.450    26.550   319.000    -0.00     7.96    31.96     0.02   0.0800   0.0800     0.00    15.00
   7    1
     1      2   -21.450    26.550   319.000    -0.00    31.96    31.96     0.02   0.0800   0.0800     0.00    15.00
   8    1
     1      2   -21.450     6.550   319.000    -0.00    31.96     7.96     0.02   0.0800   0.0800     0.00    15.00
   9    1
     1      2    -6.550    -1.450   321.000    -0.00     7.96     7.96     0.02   0.0800   0.0800     0.00    15.00
  10    1
     1      2   -26.550    -1.450   321.000    -0.00    31.96     7.96     0.02   0.0800   0.0800     0.00    15.00
  11    1
     1      2   -26.550   -21.450   321.000    -0.00    31.96    31.96     0.02   0.0800   0.0800     0.00    15.00
  12    1
     1      2    -6.550   -21.450   321.000    -0.00     7.96    31.96     0.02   0.0800   0.0800     0.00    15.00
  13    1
     1      2     1.450    -6.550   319.000    -0.00     7.96     7.96     0.02   0.0800   0.0800     0.00    15.00
  14    1
     1      2     1.450   -26.550   319.000    -0.00     7.96    31.96     0.02   0.0800   0.0800     0.00    15.00
  15    1
     1      2    21.450   -26.550   319.000    -0.00    31.96    31.96     0.02   0.0800   0.0800     0.00    15.00
  16    1
     1      2    21.450    -6.550   319.000    -0.00    31.96     7.96     0.02   0.0800   0.0800     0.00    15.00
  17    1
     1      2    52.550     7.450   319.000    -0.00    19.96    19.96     0.02   0.0800   0.0800     0.00    15.00
  18    1
     1      2    72.550     7.450   319.000    -0.00    19.96    19.96     0.02   0.0800   0.0800     0.00    15.00
  19    1
     1      2    72.550    27.450   319.000    -0.00    19.96    19.96     0.02   0.0800   0.0800     0.00    15.00
  20    1
     1      2    52.550    27.450   319.000    -0.00    19.96    19.96     0.02   0.0800   0.0800     0.00    15.00
  21    1
     1      2    47.450   -32.550   317.000    -0.00    19.96    19.96     0.02   0.0800   0.0800     0.00    15.00
  22    1
     1      2    67.450   -32.550   317.000    -0.00    19.96    19.96     0.02   0.0800   0.0800     0.00    15.00
  23    1
     1      2    67.450   -12.550   317.000    -0.00    19.96    19.96     0.02   0.0800   0.0800     0.00    15.00
  24    1
     1      2    47.450   -12.550   317.000    -0.00    19.96    19.96     0.02   0.0800   0.0800     0.00    15.00
  25    1
     1      2    87.450   -32.550   315.000    -0.00    19.96    19.96     0.02   0.0800   0.0800     0.00    15.00
  26    1
     1      2   107.450   -32.550   315.000    -0.00    19.96    19.96     0.02   0.0800   0.0800     0.00    15.00
  27    1
     1      2   107.450   -12.550   315.000    -0.00    19.96    19.96     0.02   0.0800   0.0800     0.00    15.00
  28    1
     1      2    87.450   -12.550   315.000    -0.00    19.96    19.96     0.02   0.0800   0.0800     0.00    15.00
  29    1
     1      2    92.550     7.450   317.000    -0.00    19.96    19.96     0.02   0.0800   0.0800     0.00    15.00
  30    1
     1      2   112.550     7.450   317.000    -0.00    19.96    19.96     0.02   0.0800   0.0800     0.00    15.00
  31    1
     1      2   112.550    27.450   317.000    -0.00    19.96    19.96     0.02   0.0800   0.0800     0.00    15.00
  32    1
     1      2    92.550    27.450   317.000    -0.00    19.96    19.96     0.02   0.0800   0.0800     0.00    15.00
  33    1
     1      2   -72.550   -27.450   319.000    -0.00    19.96    19.96     0.02   0.0800   0.0800     0.00    15.00
  34    1
     1      2   -52.550   -27.450   319.000    -0.00    19.96    19.96     0.02   0.0800   0.0800     0.00    15.00
  35    1
     1      2   -52.550    -7.450   319.000    -0.00    19.96    19.96     0.02   0.0800   0.0800     0.00    15.00
  36    1
     1      2   -72.550    -7.450   319.000    -0.00    19.96    19.96     0.02   0.0800   0.0800     0.00    15.00
  37    1
     1      2   -67.450    12.550   317.000    -0.00    19.96    19.96     0.02   0.0800   0.0800     0.00    15.00
  38    1
     1      2   -47.450    12.550   317.000    -0.00    19.96    19.96     0.02   0.0800   0.0800     0.00    15.00
  39    1
     1      2   -47.450    32.550   317.000    -0.00    19.96    19.96     0.02   0.0800   0.0800     0.00    15.00
  40    1
     1      2   -67.450    32.550   317.000    -0.00    19.96    19.96     0.02   0.0800   0.0800     0.00    15.00
  41    1
     1      2  -107.450    12.550   315.000    -0.00    19.96    19.96     0.02   0.0800   0.0800     0.00    15.00
  42    1
     1      2   -87.450    12.550   315.000    -0.00    19.96    19.96     0.02   0.0800   0.0800     0.00    15.00
  43    1
     1      2   -87.450    32.550   315.000    -0.00    19.96    19.96     0.02   0.0800   0.0800     0.00    15.00
  44    1
     1      2  -107.450    32.550   315.000    -0.00    19.96    19.96     0.02   0.0800   0.0800     0.00    15.00
  45    1
     1      2  -112.550   -27.450   317.000    -0.00    19.96    19.96     0.02   0.0800   0.0800     0.00    15.00
  46    1
     1      2   -92.550   -27.450   317.000    -0.00    19.96    19.96     0.02   0.0800   0.0800     0.00    15.00
  47    1
     1      2   -92.550    -7.450   317.000    -0.00    19.96    19.96     0.02   0.0800   0.0800     0.00    15.00
  48    1
     1      2  -112.550    -7.450   317.000    -0.00    19.96    19.96     0.02   0.0800   0.0800     0.00    15.00
12   0   48
   1    1
     1      2     6.550     1.450   361.000    -0.00     7.96     7.96     0.02   0.0800   0.0800     0.00   -15.00
   2    1
     1      2    26.550     1.450   361.000    -0.00    31.96     7.96     0.02   0.0800   0.0800     0.00   -15.00
   3    1
     1      2    26.550    21.450   361.000    -0.00    31.96    31.96     0.02   0.0800   0.0800     0.00   -15.00
   4    1
     1      2     6.550    21.450   361.000    -0.00     7.96    31.96     0.02   0.0800   0.0800     0.00   -15.00
   5    1
     1      2    -1.450     6.550   359.000    -0.00     7.96     7.96     0.02   0.0800   0.0800     0.00   -15.00
   6    1
     1      2    -1.450    26.550   359.000    -0.00     7.96    31.96     0.02   0.0800   0.0800     0.00   -15.00
   7    1
     1      2   -21.450    26.550   359.000    -0.00    31.96    31.96     0.02   0.0800   0.0800     0.00   -15.00
   8    1
     1      2   -21.450     6.550   359.000    -0.00    31.96     7.96     0.02   0.0800   0.0800     0.00   -15.00
   9    1
     1      2    -6.550    -1.450   361.000    -0.00     7.96     7.96     0.02   0.0800   0.0800     0.00   -15.00
  10    1
     1      2   -26.550    -1.450   361.000    -0.00    31.96     7.96     0.02   0.0800   0.0800     0.00   -15.00
  11    1
     1      2   -26.550   -21.450   361.000    -0.00    31.96    31.96     0.02   0.0800   0.0800     0.00   -15.00
  12    1
     1      2    -6.550   -21.450   361.000    -0.00     7.96    31.96     0.02   0.0800   0.0800     0.00   -15.00
  13    1
     1      2     1.450    -6.550   359.000    -0.00     7.96     7.96     0.02   0.0800   0.0800     0.00   -15.00
  14    1
     1      2     1.450   -26.550   359.000    -0.00     7.96    31.96     0.02   0.0800   0.0800     0.00   -15.00
  15    1
     1      2    21.450   -26.550   359.000    -0.00    31.96    31.96     0.02   0.0800   0.0800     0.00   -15.00
  16    1
     1      2    21.450    -6.550   359.000    -0.00    31.96     7.96     0.02   0.0800   0.0800     0.00   -15.00
  17    1
     1      2    52.550     7.450   359.000    -0.00    19.96    19.96     0.02   0.0800   0.0800     0.00   -15.00
  18    1
     1      2    72.550     7.450   359.000    -0.00    19.96    19.96     0.02   0.0800   0.0800     0.00   -15.00
  19    1
     1      2    72.550    27.450   359.000    -0.00    19.96    19.96     0.02   0.0800   0.0800     0.00   -15.00
  20    1
     1      2    52.550    27.450   359.000    -0.00    19.96    19.96     0.02   0.0800   0.0800     0.00   -15.00
  21    1
     1      2    47.450   -32.550   357.000    -0.00    19.96    19.96     0.02   0.0800   0.0800     0.00   -15.00
  22    1
     1      2    67.450   -32.550   357.000    -0.00    19.96    19.96     0.02   0.0800   0.0800     0.00   -15.00
  23    1
     1      2    67.450   -12.550   357.000    -0.00    19.96    19.96     0.02   0.0800   0.0800     0.00   -15.00
  24    1
     1      2    47.450   -12.550   357.000    -0.00    19.96    19.96     0.02   0.0800   0.0800     0.00   -15.00
  25    1
     1      2    87.450   -32.550   355.000    -0.00    19.96    19.96     0.02   0.0800   0.0800     0.00   -15.00
  26    1
     1      2   107.450   -32.550   355.000    -0.00    19.96    19.96     0.02   0.0800   0.0800     0.00   -15.00
  27    1
     1      2   107.450   -12.550   355.000    -0.00    19.96    19.96     0.02   0.0800   0.0800     0.00   -15.00
  28    1
     1      2    87.450   -12.550   355.000    -0.00    19.96    19.96     0.02   0.0800   0.0800     0.00   -15.00
  29    1
     1      2    92.550     7.450   357.000    -0.00    19.96    19.96     0.02   0.0800   0.0800     0.00   -15.00
  30    1
     1      2   112.550     7.450   357.000    -0.00    19.96    19.96     0.02   0.0800   0.0800     0.00   -15.00
  31    1
     1      2   112.550    27.450   357.000    -0.00    19.96    19.96     0.02   0.0800   0.0800     0.00   -15.00
  32    1
     1      2    92.550    27.450   357.000    -0.00    19.96    19.96     0.02   0.0800   0.0800     0.00   -15.00
  33    1
     1      2   -72.550   -27.450   359.000    -0.00    19.96    19.96     0.02   0.0800   0.0800     0.00   -15.00
  34    1
     1      2   -52.550   -27.450   359.000    -0.00    19.96    19.96     0.02   0.0800   0.0800     0.00   -15.00
  35    1
     1      2   -52.550    -7.450   359.000    -0.00    19.96    19.96     0.02   0.0800   0.0800     0.00   -15.00
  36    1
     1      2   -72.550    -7.450   359.000    -0.00    19.96    19.96     0.02   0.0800   0.0800     0.00   -15.00
  37    1
     1      2   -67.450    12.550   357.000    -0.00    19.96    19.96     0.02   0.0800   0.0800     0.00   -15.00
  38    1
     1      2   -47.450    12.550   357.000    -0.00    19.96    19.96     0.02   0.0800   0.0800     0.00   -15.00
  39    1
     1      2   -47.450    32.550   357.000    -0.00    19.96    19.96     0.02   0.0800   0.0800     0.00   -15.00
  40    1
     1      2   -67.450    32.550   357.000    -0.00    19.96    19.96     0.02   0.0800   0.0800     0.00   -15.00
  41    1
     1      2  -107.450    12.550   355.000    -0.00    19.96    19.96     0.02   0.0800   0.0800     0.00   -15.00
  42    1
     1      2   -87.450    12.550   355.000    -0.00    19.96    19.96     0.02   0.0800   0.0800     0.00   -15.00
  43    1
     1      2   -87.450    32.550   355.000    -0.00    19.96    19.96     0.02   0.0800   0.0800     0.00   -15.00
  44    1
     1      2  -107.450    32.550   355.000    -0.00    19.96    19.96     0.02   0.0800   0.0800     0.00   -15.00
  45    1
     1      2  -112.550   -27.450   357.000    -0.00    19.96    19.96     0.02   0.0800   0.0800     0.00   -15.00
  46    1
     1      2   -92.550   -27.450   357.000    -0.00    19.96    19.96     0.02   0.0800   0.0800     0.00   -15.00
  47    1
     1      2   -92.550    -7.450   357.000    -0.00    19.96    19.96     0.02   0.0800   0.0800     0.00   -15.00
  48    1
     1      2  -112.550    -7.450   357.000    -0.00    19.96    19.96     0.02   0.0800   0.0800     0.00   -15.00
