[CbmStsDigiPar]
1   0   16
   1    1
     1      2    15.000   -15.000    32.500     0.00    30.00    30.00     0.02   0.0400   0.0400     0.00     7.50
   2    1
     1      2     8.000    -6.000    32.500     0.00    16.00    12.00     0.02   0.0400   0.0400     0.00     7.50
   3    1
     1      2     6.000    -3.500    32.500     0.00    12.00     7.00     0.02   0.0400   0.0400     0.00     7.50
   4    1
     1      2     4.000    -1.500    32.500     0.00     8.00     3.00     0.02   0.0400   0.0400     0.00     7.50
   5    1
     1      2   -15.000   -15.000    32.500     0.00    30.00    30.00     0.02   0.0400   0.0400     0.00     7.50
   6    1
     1      2    -8.000    -6.000    32.500     0.00    16.00    12.00     0.02   0.0400   0.0400     0.00     7.50
   7    1
     1      2    -6.000    -3.500    32.500     0.00    12.00     7.00     0.02   0.0400   0.0400     0.00     7.50
   8    1
     1      2    -4.000    -1.500    32.500     0.00     8.00     3.00     0.02   0.0400   0.0400     0.00     7.50
   9    1
     1      2   -15.000    15.000    32.500     0.00    30.00    30.00     0.02   0.0400   0.0400     0.00     7.50
  10    1
     1      2    -8.000     6.000    32.500     0.00    16.00    12.00     0.02   0.0400   0.0400     0.00     7.50
  11    1
     1      2    -6.000     3.500    32.500     0.00    12.00     7.00     0.02   0.0400   0.0400     0.00     7.50
  12    1
     1      2    -4.000     1.500    32.500     0.00     8.00     3.00     0.02   0.0400   0.0400     0.00     7.50
  13    1
     1      2    15.000    15.000    32.500     0.00    30.00    30.00     0.02   0.0400   0.0400     0.00     7.50
  14    1
     1      2     8.000     6.000    32.500     0.00    16.00    12.00     0.02   0.0400   0.0400     0.00     7.50
  15    1
     1      2     6.000     3.500    32.500     0.00    12.00     7.00     0.02   0.0400   0.0400     0.00     7.50
  16    1
     1      2     4.000     1.500    32.500     0.00     8.00     3.00     0.02   0.0400   0.0400     0.00     7.50
2   0   16
   1    1
     1      2    15.000   -15.000    47.500    -0.00    30.00    30.00     0.02   0.0400   0.0400     0.00    -7.50
   2    1
     1      2     8.000    -6.000    47.500    -0.00    16.00    12.00     0.02   0.0400   0.0400     0.00    -7.50
   3    1
     1      2     6.000    -3.500    47.500    -0.00    12.00     7.00     0.02   0.0400   0.0400     0.00    -7.50
   4    1
     1      2     4.000    -1.500    47.500    -0.00     8.00     3.00     0.02   0.0400   0.0400     0.00    -7.50
   5    1
     1      2   -15.000   -15.000    47.500    -0.00    30.00    30.00     0.02   0.0400   0.0400     0.00    -7.50
   6    1
     1      2    -8.000    -6.000    47.500    -0.00    16.00    12.00     0.02   0.0400   0.0400     0.00    -7.50
   7    1
     1      2    -6.000    -3.500    47.500    -0.00    12.00     7.00     0.02   0.0400   0.0400     0.00    -7.50
   8    1
     1      2    -4.000    -1.500    47.500    -0.00     8.00     3.00     0.02   0.0400   0.0400     0.00    -7.50
   9    1
     1      2   -15.000    15.000    47.500    -0.00    30.00    30.00     0.02   0.0400   0.0400     0.00    -7.50
  10    1
     1      2    -8.000     6.000    47.500    -0.00    16.00    12.00     0.02   0.0400   0.0400     0.00    -7.50
  11    1
     1      2    -6.000     3.500    47.500    -0.00    12.00     7.00     0.02   0.0400   0.0400     0.00    -7.50
  12    1
     1      2    -4.000     1.500    47.500    -0.00     8.00     3.00     0.02   0.0400   0.0400     0.00    -7.50
  13    1
     1      2    15.000    15.000    47.500    -0.00    30.00    30.00     0.02   0.0400   0.0400     0.00    -7.50
  14    1
     1      2     8.000     6.000    47.500    -0.00    16.00    12.00     0.02   0.0400   0.0400     0.00    -7.50
  15    1
     1      2     6.000     3.500    47.500    -0.00    12.00     7.00     0.02   0.0400   0.0400     0.00    -7.50
  16    1
     1      2     4.000     1.500    47.500    -0.00     8.00     3.00     0.02   0.0400   0.0400     0.00    -7.50
3   0   16
   1    1
     1      2    20.000   -20.000    62.500    -0.00    40.00    40.00     0.02   0.0400   0.0400     0.00     7.50
   2    1
     1      2    10.000    -7.500    62.500    -0.00    20.00    15.00     0.02   0.0400   0.0400     0.00     7.50
   3    1
     1      2     7.500    -4.500    62.500    -0.00    15.00     9.00     0.02   0.0400   0.0400     0.00     7.50
   4    1
     1      2     5.000    -2.000    62.500    -0.00    10.00     4.00     0.02   0.0400   0.0400     0.00     7.50
   5    1
     1      2   -20.000   -20.000    62.500    -0.00    40.00    40.00     0.02   0.0400   0.0400     0.00     7.50
   6    1
     1      2   -10.000    -7.500    62.500    -0.00    20.00    15.00     0.02   0.0400   0.0400     0.00     7.50
   7    1
     1      2    -7.500    -4.500    62.500    -0.00    15.00     9.00     0.02   0.0400   0.0400     0.00     7.50
   8    1
     1      2    -5.000    -2.000    62.500    -0.00    10.00     4.00     0.02   0.0400   0.0400     0.00     7.50
   9    1
     1      2   -20.000    20.000    62.500    -0.00    40.00    40.00     0.02   0.0400   0.0400     0.00     7.50
  10    1
     1      2   -10.000     7.500    62.500    -0.00    20.00    15.00     0.02   0.0400   0.0400     0.00     7.50
  11    1
     1      2    -7.500     4.500    62.500    -0.00    15.00     9.00     0.02   0.0400   0.0400     0.00     7.50
  12    1
     1      2    -5.000     2.000    62.500    -0.00    10.00     4.00     0.02   0.0400   0.0400     0.00     7.50
  13    1
     1      2    20.000    20.000    62.500    -0.00    40.00    40.00     0.02   0.0400   0.0400     0.00     7.50
  14    1
     1      2    10.000     7.500    62.500    -0.00    20.00    15.00     0.02   0.0400   0.0400     0.00     7.50
  15    1
     1      2     7.500     4.500    62.500    -0.00    15.00     9.00     0.02   0.0400   0.0400     0.00     7.50
  16    1
     1      2     5.000     2.000    62.500    -0.00    10.00     4.00     0.02   0.0400   0.0400     0.00     7.50
4   0   16
   1    1
     1      2    20.000   -20.000    82.500    -0.00    40.00    40.00     0.02   0.0400   0.0400     0.00    -7.50
   2    1
     1      2    10.000    -7.500    82.500    -0.00    20.00    15.00     0.02   0.0400   0.0400     0.00    -7.50
   3    1
     1      2     7.500    -4.500    82.500    -0.00    15.00     9.00     0.02   0.0400   0.0400     0.00    -7.50
   4    1
     1      2     5.000    -2.000    82.500    -0.00    10.00     4.00     0.02   0.0400   0.0400     0.00    -7.50
   5    1
     1      2   -20.000   -20.000    82.500    -0.00    40.00    40.00     0.02   0.0400   0.0400     0.00    -7.50
   6    1
     1      2   -10.000    -7.500    82.500    -0.00    20.00    15.00     0.02   0.0400   0.0400     0.00    -7.50
   7    1
     1      2    -7.500    -4.500    82.500    -0.00    15.00     9.00     0.02   0.0400   0.0400     0.00    -7.50
   8    1
     1      2    -5.000    -2.000    82.500    -0.00    10.00     4.00     0.02   0.0400   0.0400     0.00    -7.50
   9    1
     1      2   -20.000    20.000    82.500    -0.00    40.00    40.00     0.02   0.0400   0.0400     0.00    -7.50
  10    1
     1      2   -10.000     7.500    82.500    -0.00    20.00    15.00     0.02   0.0400   0.0400     0.00    -7.50
  11    1
     1      2    -7.500     4.500    82.500    -0.00    15.00     9.00     0.02   0.0400   0.0400     0.00    -7.50
  12    1
     1      2    -5.000     2.000    82.500    -0.00    10.00     4.00     0.02   0.0400   0.0400     0.00    -7.50
  13    1
     1      2    20.000    20.000    82.500    -0.00    40.00    40.00     0.02   0.0400   0.0400     0.00    -7.50
  14    1
     1      2    10.000     7.500    82.500    -0.00    20.00    15.00     0.02   0.0400   0.0400     0.00    -7.50
  15    1
     1      2     7.500     4.500    82.500    -0.00    15.00     9.00     0.02   0.0400   0.0400     0.00    -7.50
  16    1
     1      2     5.000     2.000    82.500    -0.00    10.00     4.00     0.02   0.0400   0.0400     0.00    -7.50
5   0   8
   1    1
     1      2    41.380   -12.545   102.000    -0.00    73.30    34.55     0.02   0.0800   0.0800     0.00    15.00
   2    1
     1      2    24.730    -2.770   102.000    -0.00    40.00    15.00     0.02   0.0800   0.0800     0.00    15.00
   3    1
     1      2   -31.920   -22.005   103.000    -0.00    73.30    34.55     0.02   0.0800   0.0800     0.00    15.00
   4    1
     1      2   -15.270   -12.230   103.000    -0.00    40.00    15.00     0.02   0.0800   0.0800     0.00    15.00
   5    1
     1      2   -41.380    12.545   102.000    -0.00    73.30    34.55     0.02   0.0800   0.0800     0.00    15.00
   6    1
     1      2   -24.730     2.770   102.000    -0.00    40.00    15.00     0.02   0.0800   0.0800     0.00    15.00
   7    1
     1      2    31.920    22.005   103.000    -0.00    73.30    34.55     0.02   0.0800   0.0800     0.00    15.00
   8    1
     1      2    15.270    12.230   103.000    -0.00    40.00    15.00     0.02   0.0800   0.0800     0.00    15.00
6   0   8
   1    1
     1      2    41.608   -12.317   132.000    -0.00    73.30    34.55     0.02   0.0800   0.0800     0.00   -15.00
   2    1
     1      2    24.958    -5.042   132.000    -0.00    40.00    20.00     0.02   0.0800   0.0800     0.00   -15.00
   3    1
     1      2   -31.692   -22.233   133.000    -0.00    73.30    34.55     0.02   0.0800   0.0800     0.00   -15.00
   4    1
     1      2   -15.042   -14.958   133.000    -0.00    40.00    20.00     0.02   0.0800   0.0800     0.00   -15.00
   5    1
     1      2   -41.608    12.317   132.000    -0.00    73.30    34.55     0.02   0.0800   0.0800     0.00   -15.00
   6    1
     1      2   -24.958     5.042   132.000    -0.00    40.00    20.00     0.02   0.0800   0.0800     0.00   -15.00
   7    1
     1      2    31.692    22.233   133.000    -0.00    73.30    34.55     0.02   0.0800   0.0800     0.00   -15.00
   8    1
     1      2    15.042    14.958   133.000    -0.00    40.00    20.00     0.02   0.0800   0.0800     0.00   -15.00
7   0   8
   1    1
     1      2    61.835   -12.090   162.000    -0.00   113.30    34.55     0.02   0.0800   0.0800     0.00    15.00
   2    1
     1      2    35.185    -4.815   162.000    -0.00    60.00    20.00     0.02   0.0800   0.0800     0.00    15.00
   3    1
     1      2   -51.465   -22.460   163.000    -0.00   113.30    34.55     0.02   0.0800   0.0800     0.00    15.00
   4    1
     1      2   -24.815   -15.185   163.000    -0.00    60.00    20.00     0.02   0.0800   0.0800     0.00    15.00
   5    1
     1      2   -61.835    12.090   162.000    -0.00   113.30    34.55     0.02   0.0800   0.0800     0.00    15.00
   6    1
     1      2   -35.185     4.815   162.000    -0.00    60.00    20.00     0.02   0.0800   0.0800     0.00    15.00
   7    1
     1      2    51.465    22.460   163.000    -0.00   113.30    34.55     0.02   0.0800   0.0800     0.00    15.00
   8    1
     1      2    24.815    15.185   163.000    -0.00    60.00    20.00     0.02   0.0800   0.0800     0.00    15.00
8   0   8
   1    1
     1      2    62.062   -11.863   192.000    -0.00   113.30    34.55     0.02   0.0800   0.0800     0.00   -15.00
   2    1
     1      2    35.412    -4.588   192.000    -0.00    60.00    20.00     0.02   0.0800   0.0800     0.00   -15.00
   3    1
     1      2   -51.238   -22.687   193.000    -0.00   113.30    34.55     0.02   0.0800   0.0800     0.00   -15.00
   4    1
     1      2   -24.588   -15.412   193.000    -0.00    60.00    20.00     0.02   0.0800   0.0800     0.00   -15.00
   5    1
     1      2   -62.062    11.863   192.000    -0.00   113.30    34.55     0.02   0.0800   0.0800     0.00   -15.00
   6    1
     1      2   -35.412     4.588   192.000    -0.00    60.00    20.00     0.02   0.0800   0.0800     0.00   -15.00
   7    1
     1      2    51.238    22.687   193.000    -0.00   113.30    34.55     0.02   0.0800   0.0800     0.00   -15.00
   8    1
     1      2    24.588    15.412   193.000    -0.00    60.00    20.00     0.02   0.0800   0.0800     0.00   -15.00
9   0   8
   1    1
     1      2    62.365   -11.560   232.000    -0.00   113.30    34.55     0.02   0.0800   0.0800     0.00    15.00
   2    1
     1      2    35.715    -4.285   232.000    -0.00    60.00    20.00     0.02   0.0800   0.0800     0.00    15.00
   3    1
     1      2   -50.935   -22.990   233.000    -0.00   113.30    34.55     0.02   0.0800   0.0800     0.00    15.00
   4    1
     1      2   -24.285   -15.715   233.000    -0.00    60.00    20.00     0.02   0.0800   0.0800     0.00    15.00
   5    1
     1      2   -62.365    11.560   232.000    -0.00   113.30    34.55     0.02   0.0800   0.0800     0.00    15.00
   6    1
     1      2   -35.715     4.285   232.000    -0.00    60.00    20.00     0.02   0.0800   0.0800     0.00    15.00
   7    1
     1      2    50.935    22.990   233.000    -0.00   113.30    34.55     0.02   0.0800   0.0800     0.00    15.00
   8    1
     1      2    24.285    15.715   233.000    -0.00    60.00    20.00     0.02   0.0800   0.0800     0.00    15.00
10   0   8
   1    1
     1      2    62.668   -11.257   272.000    -0.00   113.30    34.55     0.02   0.0800   0.0800     0.00   -15.00
   2    1
     1      2    36.018    -3.982   272.000    -0.00    60.00    20.00     0.02   0.0800   0.0800     0.00   -15.00
   3    1
     1      2   -50.632   -23.293   273.000    -0.00   113.30    34.55     0.02   0.0800   0.0800     0.00   -15.00
   4    1
     1      2   -23.982   -16.018   273.000    -0.00    60.00    20.00     0.02   0.0800   0.0800     0.00   -15.00
   5    1
     1      2   -62.668    11.257   272.000    -0.00   113.30    34.55     0.02   0.0800   0.0800     0.00   -15.00
   6    1
     1      2   -36.018     3.982   272.000    -0.00    60.00    20.00     0.02   0.0800   0.0800     0.00   -15.00
   7    1
     1      2    50.632    23.293   273.000    -0.00   113.30    34.55     0.02   0.0800   0.0800     0.00   -15.00
   8    1
     1      2    23.982    16.018   273.000    -0.00    60.00    20.00     0.02   0.0800   0.0800     0.00   -15.00
11   0   8
   1    1
     1      2    63.009   -10.916   317.000    -0.00   113.30    34.55     0.02   0.0800   0.0800     0.00    15.00
   2    1
     1      2    36.359    -3.641   317.000    -0.00    60.00    20.00     0.02   0.0800   0.0800     0.00    15.00
   3    1
     1      2   -50.291   -23.634   318.000    -0.00   113.30    34.55     0.02   0.0800   0.0800     0.00    15.00
   4    1
     1      2   -23.641   -16.359   318.000    -0.00    60.00    20.00     0.02   0.0800   0.0800     0.00    15.00
   5    1
     1      2   -63.009    10.916   317.000    -0.00   113.30    34.55     0.02   0.0800   0.0800     0.00    15.00
   6    1
     1      2   -36.359     3.641   317.000    -0.00    60.00    20.00     0.02   0.0800   0.0800     0.00    15.00
   7    1
     1      2    50.291    23.634   318.000    -0.00   113.30    34.55     0.02   0.0800   0.0800     0.00    15.00
   8    1
     1      2    23.641    16.359   318.000    -0.00    60.00    20.00     0.02   0.0800   0.0800     0.00    15.00
12   0   8
   1    1
     1      2    63.350   -10.575   362.000    -0.00   113.30    34.55     0.02   0.0800   0.0800     0.00   -15.00
   2    1
     1      2    36.700    -3.300   362.000    -0.00    60.00    20.00     0.02   0.0800   0.0800     0.00   -15.00
   3    1
     1      2   -49.950   -23.975   363.000    -0.00   113.30    34.55     0.02   0.0800   0.0800     0.00   -15.00
   4    1
     1      2   -23.300   -16.700   363.000    -0.00    60.00    20.00     0.02   0.0800   0.0800     0.00   -15.00
   5    1
     1      2   -63.350    10.575   362.000    -0.00   113.30    34.55     0.02   0.0800   0.0800     0.00   -15.00
   6    1
     1      2   -36.700     3.300   362.000    -0.00    60.00    20.00     0.02   0.0800   0.0800     0.00   -15.00
   7    1
     1      2    49.950    23.975   363.000    -0.00   113.30    34.55     0.02   0.0800   0.0800     0.00   -15.00
   8    1
     1      2    23.300    16.700   363.000    -0.00    60.00    20.00     0.02   0.0800   0.0800     0.00   -15.00
