-228 -215 -130 -31 -31
51.381 0.406694 0.00080921 0 0
-3.38402 -0.343942 -0.00261492 -5.19778e-06 0
13.1283 0.0250223 0.000114988 1.00099e-06 -3.73148e-09
0
-225 -215 -130 -22 -22
41.4625 0.336219 0.000686348 0 0
-3.62861 -0.255329 -0.00189908 -3.76474e-06 0
8.81738 0.0167932 7.42059e-05 6.05359e-07 -2.83777e-09
0
-217 -206 -121 -20 -20
37.8211 0.303392 0.000610282 0 0
-2.13758 -0.310508 -0.00251933 -5.29655e-06 0
11.9881 0.0245105 0.000200917 2.50094e-06 1.88735e-09
0
-220 -207 -122 -20 -20
42.1024 0.344957 0.000711182 0 0
-1.97301 -0.29378 -0.00237518 -4.97211e-06 0
11.4856 0.0230132 0.000158457 2.04317e-06 1.00126e-09
0
-222 -214 -129 -21 -21
37.2997 0.300181 0.000607831 0 0
-2.90415 -0.247683 -0.00187966 -3.76287e-06 0
9.13421 0.0217153 0.000167064 1.5547e-06 2.64696e-10
0
-220 -215 -130 -21 -21
34.5022 0.274428 0.000548739 0 0
-3.13347 -0.23666 -0.00177129 -3.52131e-06 0
8.53356 0.0208102 0.000148913 1.29829e-06 -1.79177e-10
0
-208 -210 -125 -21 -21
3.10381 -0.0276853 -0.000178024 0 0
-3.21657 -0.30131 -0.00236768 -4.90529e-06 0
10.4645 0.0167417 0.000110654 1.37172e-06 -1.62321e-09
0
-208 -211 -126 -21 -21
73.5208 0.64557 0.0014312 0 0
-2.39473 -0.276442 -0.0021829 -4.50037e-06 0
10.2369 0.0212999 0.000221484 2.47289e-06 2.59822e-09
0
-209 -196 -111 39 39
7.01667 0.0589461 0.000121658 0 0
0.800062 -0.0143856 -0.000141289 -2.58165e-07 0
1.21738 0.000918947 -4.77929e-06 -1.60678e-07 -1.77241e-09
0
-209 -196 -111 39 39
7.34633 0.0622773 0.000130043 0 0
0.6721 -0.0169042 -0.000157477 -2.91976e-07 0
1.22015 0.000878322 -4.32064e-06 -1.42585e-07 -1.69278e-09
0
-209 -192 -107 39 39
12.465 0.11538 0.000266778 0 0
1.0324 -0.0105082 -0.000121588 -2.22466e-07 0
1.26395 0.00103953 -2.66254e-06 -1.63315e-07 -2.18808e-09
0
-209 -193 -108 39 39
12.0583 0.110707 0.00025374 0 0
1.09547 -0.00919376 -0.000112832 -2.05022e-07 0
1.25684 0.000992667 -3.00798e-06 -1.64091e-07 -2.16508e-09
0
-209 -196 -111 39 39
6.39889 0.0530378 0.000107521 0 0
0.712693 -0.0164196 -0.00015682 -2.95804e-07 0
1.21807 0.000939949 -3.71468e-06 -1.57895e-07 -1.82105e-09
0
-209 -196 -111 39 39
6.40922 0.0528319 0.000106324 0 0
0.74175 -0.0153301 -0.000146012 -2.65693e-07 0
1.21527 0.000888471 -4.53006e-06 -1.42429e-07 -1.63776e-09
0
-209 -197 -112 39 39
6.74542 0.0558748 0.000113199 0 0
0.844993 -0.0132725 -0.000132296 -2.36131e-07 0
1.21627 0.000895148 -5.14797e-06 -1.45773e-07 -1.62186e-09
0
-209 -196 -111 39 39
7.09022 0.0597003 0.000123574 0 0
0.696505 -0.0160867 -0.000149739 -2.70846e-07 0
1.2131 0.000893267 -4.68527e-06 -1.4718e-07 -1.64559e-09
0
