100	43.6185
200	77.5486
300	109.128
400	139.338
500	168.6
600	197.144
700	225.117
800	252.616
900	279.713
1000	306.462
1100	332.905
1200	359.076
1300	385.001
1400	410.704
1500	436.204
1600	461.516
1700	486.654
1800	511.632
1900	536.46
2000	561.146
2100	585.7
2200	610.13
2300	634.441
2400	658.64
2500	682.733
2600	706.724
2700	730.619
2800	754.421
2900	778.135
3000	801.764
3100	825.311
3200	848.78
3300	872.174
3400	895.495
3500	918.745
3600	941.928
3700	965.045
3800	988.099
3900	1011.09
4000	1034.02
4100	1056.9
4200	1079.72
4300	1102.48
4400	1125.19
4500	1147.85
4600	1170.46
4700	1193.02
4800	1215.53
4900	1238
5000	1260.42
5100	1282.8
5200	1305.13
5300	1327.42
5400	1349.67
5500	1371.88
5600	1394.04
5700	1416.17
5800	1438.27
5900	1460.32
6000	1482.34
6100	1504.32
6200	1526.27
6300	1548.18
6400	1570.06
6500	1591.91
6600	1613.72
6700	1635.5
6800	1657.25
6900	1678.97
7000	1700.66
7100	1722.32
7200	1743.95
7300	1765.55
7400	1787.12
7500	1808.67
7600	1830.19
7700	1851.68
7800	1873.14
7900	1894.58
8000	1915.99
8100	1937.38
8200	1958.74
8300	1980.07
8400	2001.39
8500	2022.67
8600	2043.94
8700	2065.18
8800	2086.4
8900	2107.59
9000	2128.76
9100	2149.91
9200	2171.04
9300	2192.15
9400	2213.24
9500	2234.3
9600	2255.34
9700	2276.37
9800	2297.37
9900	2318.35
10000	2339.32
10100	2360.26
10200	2381.18
10300	2402.09
10400	2422.98
10500	2443.84
10600	2464.69
10700	2485.52
10800	2506.34
10900	2527.13
11000	2547.91
11100	2568.67
11200	2589.41
11300	2610.13
11400	2630.84
11500	2651.53
11600	2672.21
11700	2692.87
11800	2713.51
11900	2734.14
12000	2754.75
12100	2775.34
12200	2795.92
12300	2816.48
12400	2837.03
12500	2857.56
12600	2878.08
12700	2898.58
12800	2919.07
12900	2939.54
13000	2960
13100	2980.45
13200	3000.88
13300	3021.29
13400	3041.69
13500	3062.08
13600	3082.45
13700	3102.82
13800	3123.16
13900	3143.5
14000	3163.82
14100	3184.12
14200	3204.42
14300	3224.7
14400	3244.97
14500	3265.22
14600	3285.46
14700	3305.69
14800	3325.91
14900	3346.12
15000	3366.31
15100	3386.49
15200	3406.66
15300	3426.82
15400	3446.96
15500	3467.1
15600	3487.22
15700	3507.33
15800	3527.43
15900	3547.51
16000	3567.59
16100	3587.65
16200	3607.71
16300	3627.75
16400	3647.78
16500	3667.8
16600	3687.81
16700	3707.81
16800	3727.79
16900	3747.77
17000	3767.74
17100	3787.69
17200	3807.64
17300	3827.57
17400	3847.5
17500	3867.41
17600	3887.32
17700	3907.21
17800	3927.1
17900	3946.97
18000	3966.83
18100	3986.69
18200	4006.53
18300	4026.37
18400	4046.19
18500	4066.01
18600	4085.82
18700	4105.61
18800	4125.4
18900	4145.18
19000	4164.95
19100	4184.71
19200	4204.46
19300	4224.2
19400	4243.93
19500	4263.65
19600	4283.37
19700	4303.07
19800	4322.77
19900	4342.46
20000	4362.14
20100	4381.81
20200	4401.47
20300	4421.12
20400	4440.77
20500	4460.4
20600	4480.03
20700	4499.65
20800	4519.26
20900	4538.86
21000	4558.46
21100	4578.04
21200	4597.62
21300	4617.19
21400	4636.75
21500	4656.31
21600	4675.85
21700	4695.39
21800	4714.92
21900	4734.44
22000	4753.96
22100	4773.46
22200	4792.96
22300	4812.45
22400	4831.94
22500	4851.41
22600	4870.88
22700	4890.34
22800	4909.8
22900	4929.24
23000	4948.68
23100	4968.11
23200	4987.53
23300	5006.95
23400	5026.36
23500	5045.76
23600	5065.16
23700	5084.54
23800	5103.92
23900	5123.3
24000	5142.66
24100	5162.02
24200	5181.37
24300	5200.72
24400	5220.06
24500	5239.39
24600	5258.71
24700	5278.03
24800	5297.34
24900	5316.64
25000	5335.94
25100	5355.23
25200	5374.52
25300	5393.79
25400	5413.06
25500	5432.33
25600	5451.59
25700	5470.84
25800	5490.08
25900	5509.32
26000	5528.55
26100	5547.78
26200	5567
26300	5586.21
26400	5605.41
26500	5624.61
26600	5643.81
26700	5663
26800	5682.18
26900	5701.35
27000	5720.52
27100	5739.68
27200	5758.84
27300	5777.99
27400	5797.14
27500	5816.27
27600	5835.41
27700	5854.53
27800	5873.65
27900	5892.77
28000	5911.88
28100	5930.98
28200	5950.08
28300	5969.17
28400	5988.25
28500	6007.33
28600	6026.41
28700	6045.48
28800	6064.54
28900	6083.6
29000	6102.65
29100	6121.69
29200	6140.73
29300	6159.77
29400	6178.8
29500	6197.82
29600	6216.84
29700	6235.85
29800	6254.86
29900	6273.86
30000	6292.85
30100	6311.84
30200	6330.83
30300	6349.81
30400	6368.78
30500	6387.75
30600	6406.71
30700	6425.67
30800	6444.63
30900	6463.57
31000	6482.52
31100	6501.45
31200	6520.39
31300	6539.31
31400	6558.23
31500	6577.15
31600	6596.06
31700	6614.97
31800	6633.87
31900	6652.77
32000	6671.66
32100	6690.54
32200	6709.42
32300	6728.3
32400	6747.17
32500	6766.04
32600	6784.9
32700	6803.76
32800	6822.61
32900	6841.45
33000	6860.3
33100	6879.13
33200	6897.96
33300	6916.79
33400	6935.61
33500	6954.43
33600	6973.24
33700	6992.05
33800	7010.86
33900	7029.66
34000	7048.45
34100	7067.24
34200	7086.02
34300	7104.8
34400	7123.58
34500	7142.35
34600	7161.12
34700	7179.88
34800	7198.63
34900	7217.39
35000	7236.13
35100	7254.88
35200	7273.62
35300	7292.35
35400	7311.08
35500	7329.81
35600	7348.53
35700	7367.24
35800	7385.95
35900	7404.66
36000	7423.37
36100	7442.06
36200	7460.76
36300	7479.45
36400	7498.13
36500	7516.82
36600	7535.49
36700	7554.17
36800	7572.83
36900	7591.5
37000	7610.16
37100	7628.81
37200	7647.47
37300	7666.11
37400	7684.76
37500	7703.39
37600	7722.03
37700	7740.66
37800	7759.29
37900	7777.91
38000	7796.53
38100	7815.14
38200	7833.75
38300	7852.36
38400	7870.96
38500	7889.55
38600	7908.15
38700	7926.74
38800	7945.32
38900	7963.9
39000	7982.48
39100	8001.06
39200	8019.63
39300	8038.19
39400	8056.75
39500	8075.31
39600	8093.86
39700	8112.41
39800	8130.96
39900	8149.5
40000	8168.04
40100	8186.57
40200	8205.1
40300	8223.63
40400	8242.15
40500	8260.67
40600	8279.19
40700	8297.7
40800	8316.2
40900	8334.71
41000	8353.21
41100	8371.7
41200	8390.19
41300	8408.68
41400	8427.17
41500	8445.65
41600	8464.13
41700	8482.6
41800	8501.07
41900	8519.54
42000	8538
42100	8556.46
42200	8574.91
42300	8593.36
42400	8611.81
42500	8630.25
42600	8648.7
42700	8667.13
42800	8685.57
42900	8704
43000	8722.42
43100	8740.84
43200	8759.26
43300	8777.68
43400	8796.09
43500	8814.5
43600	8832.9
43700	8851.31
43800	8869.7
43900	8888.1
44000	8906.49
44100	8924.88
44200	8943.26
44300	8961.64
44400	8980.02
44500	8998.39
44600	9016.76
44700	9035.13
44800	9053.49
44900	9071.85
45000	9090.21
45100	9108.56
45200	9126.91
45300	9145.26
45400	9163.6
45500	9181.94
45600	9200.28
45700	9218.61
45800	9236.94
45900	9255.27
46000	9273.59
46100	9291.91
46200	9310.23
46300	9328.54
46400	9346.85
46500	9365.16
46600	9383.46
46700	9401.76
46800	9420.06
46900	9438.35
47000	9456.64
47100	9474.93
47200	9493.21
47300	9511.49
47400	9529.77
47500	9548.04
47600	9566.32
47700	9584.58
47800	9602.85
47900	9621.11
48000	9639.37
48100	9657.62
48200	9675.88
48300	9694.13
48400	9712.37
48500	9730.62
48600	9748.86
48700	9767.09
48800	9785.33
48900	9803.56
49000	9821.78
49100	9840.01
49200	9858.23
49300	9876.45
49400	9894.66
49500	9912.88
49600	9931.08
49700	9949.29
49800	9967.49
49900	9985.69
50000	10003.9
50100	10022.1
50200	10040.3
50300	10058.5
50400	10076.7
50500	10094.8
50600	10113
50700	10131.2
50800	10149.4
50900	10167.5
51000	10185.7
51100	10203.9
51200	10222
51300	10240.2
51400	10258.3
51500	10276.5
51600	10294.6
51700	10312.8
51800	10330.9
51900	10349.1
52000	10367.2
52100	10385.3
52200	10403.5
52300	10421.6
52400	10439.7
52500	10457.9
52600	10476
52700	10494.1
52800	10512.2
52900	10530.3
53000	10548.4
53100	10566.5
53200	10584.7
53300	10602.8
53400	10620.9
53500	10639
53600	10657
53700	10675.1
53800	10693.2
53900	10711.3
54000	10729.4
54100	10747.5
54200	10765.5
54300	10783.6
54400	10801.7
54500	10819.8
54600	10837.8
54700	10855.9
54800	10874
54900	10892
55000	10910.1
55100	10928.1
55200	10946.2
55300	10964.2
55400	10982.3
55500	11000.3
55600	11018.3
55700	11036.4
55800	11054.4
55900	11072.4
56000	11090.5
56100	11108.5
56200	11126.5
56300	11144.5
56400	11162.6
56500	11180.6
56600	11198.6
56700	11216.6
56800	11234.6
56900	11252.6
57000	11270.6
57100	11288.6
57200	11306.6
57300	11324.6
57400	11342.6
57500	11360.6
57600	11378.6
57700	11396.6
57800	11414.5
57900	11432.5
58000	11450.5
58100	11468.5
58200	11486.4
58300	11504.4
58400	11522.4
58500	11540.3
58600	11558.3
58700	11576.3
58800	11594.2
58900	11612.2
59000	11630.1
59100	11648.1
59200	11666
59300	11684
59400	11701.9
59500	11719.9
59600	11737.8
59700	11755.7
59800	11773.7
59900	11791.6
60000	11809.5
60100	11827.4
60200	11845.4
60300	11863.3
60400	11881.2
60500	11899.1
60600	11917
60700	11934.9
60800	11952.8
60900	11970.8
61000	11988.7
61100	12006.6
61200	12024.5
61300	12042.4
61400	12060.2
61500	12078.1
61600	12096
61700	12113.9
61800	12131.8
61900	12149.7
62000	12167.6
62100	12185.4
62200	12203.3
62300	12221.2
62400	12239.1
62500	12256.9
62600	12274.8
62700	12292.7
62800	12310.5
62900	12328.4
63000	12346.2
63100	12364.1
63200	12381.9
63300	12399.8
63400	12417.6
63500	12435.5
63600	12453.3
63700	12471.2
63800	12489
63900	12506.8
64000	12524.7
64100	12542.5
64200	12560.3
64300	12578.2
64400	12596
64500	12613.8
64600	12631.6
64700	12649.4
64800	12667.3
64900	12685.1
65000	12702.9
65100	12720.7
65200	12738.5
65300	12756.3
65400	12774.1
65500	12791.9
65600	12809.7
65700	12827.5
65800	12845.3
65900	12863.1
66000	12880.9
66100	12898.7
66200	12916.5
66300	12934.2
66400	12952
66500	12969.8
66600	12987.6
66700	13005.3
66800	13023.1
66900	13040.9
67000	13058.7
67100	13076.4
67200	13094.2
67300	13111.9
67400	13129.7
67500	13147.5
67600	13165.2
67700	13183
67800	13200.7
67900	13218.5
68000	13236.2
68100	13254
68200	13271.7
68300	13289.4
68400	13307.2
68500	13324.9
68600	13342.7
68700	13360.4
68800	13378.1
68900	13395.8
69000	13413.6
69100	13431.3
69200	13449
69300	13466.7
69400	13484.5
69500	13502.2
69600	13519.9
69700	13537.6
69800	13555.3
69900	13573
70000	13590.7
70100	13608.4
70200	13626.1
70300	13643.8
70400	13661.5
70500	13679.2
70600	13696.9
70700	13714.6
70800	13732.3
70900	13750
71000	13767.7
71100	13785.3
71200	13803
71300	13820.7
71400	13838.4
71500	13856.1
71600	13873.7
71700	13891.4
71800	13909.1
71900	13926.7
72000	13944.4
72100	13962.1
72200	13979.7
72300	13997.4
72400	14015
72500	14032.7
72600	14050.4
72700	14068
72800	14085.7
72900	14103.3
73000	14120.9
73100	14138.6
73200	14156.2
73300	14173.9
73400	14191.5
73500	14209.1
73600	14226.8
73700	14244.4
73800	14262
73900	14279.7
74000	14297.3
74100	14314.9
74200	14332.5
74300	14350.2
74400	14367.8
74500	14385.4
74600	14403
74700	14420.6
74800	14438.2
74900	14455.9
