[CbmStsDigiPar]
1   0   4
   1    1
     1      2     3.250     2.750     1.455        0     6.30     6.30     0.03   0.0095   0.0103     0.00     2.50
   2    1
     1      2    -2.750     3.250     2.185        0     6.30     6.30     0.03   0.0095   0.0103     0.00     2.50
   3    1
     1      2     2.750    -3.250     2.185        180     6.30     6.30     0.03   0.0095   0.0103     0.00     2.50
   4    1
     1      2    -3.250    -2.750     1.455        180     6.30     6.30     0.03   0.0095   0.0103     0.00     2.50
2   0   2
   1    1
     1      2     2.750     0.082     4.725        0     6.30    12.60     0.03   0.0095   0.0103     0.00     2.50
   2    1
     1      2    -3.250    -0.418     5.455        0     6.30    12.60     0.03   0.0095   0.0103     0.00     2.50
3   0   8
   1    1
     1      2     9.000     6.152     3.525        0     6.30    12.60     0.03   0.0095   0.0103     0.00     2.50
   2    1
     1      2     3.000     6.152     1.995        0     6.30    12.60     0.03   0.0095   0.0103     0.00     2.50
   3    1
     1      2    -3.000     6.152     3.305        0     6.30    12.60     0.03   0.0095   0.0103     0.00     2.50
   4    1
     1      2    -9.000     6.152     1.775        0     6.30    12.60     0.03   0.0095   0.0103     0.00     2.50
   5    1
     1      2     9.000    -6.152     2.265        180     6.30    12.60     0.03   0.0095   0.0103     0.00     2.50
   6    1
     1      2     3.000    -6.152     3.795        180     6.30    12.60     0.03   0.0095   0.0103     0.00     2.50
   7    1
     1      2    -3.000    -6.152     2.485        180     6.30    12.60     0.03   0.0095   0.0103     0.00     2.50
   8    1
     1      2    -9.000    -6.152     4.015        180     6.30    12.60     0.03   0.0095   0.0103     0.00     2.50
4   0   4
   1    1
     1      2   -40.800    -0.000     0.000      180    81.60    45.00     0.90   0.0800   0.0828     0.00    15.00
   2    1
     1      2   -21.005   -15.000     0.000      180    42.01    15.00     0.90   0.0800   0.0828     0.00    15.00
   3    1
     1      2    40.800     0.000    -0.000      180    81.60    45.00     0.90   0.0800   0.0828     0.00    15.00
   4    1
     1      2    20.000   -15.000    -0.000      180    40.00    15.00     0.90   0.0800   0.0828     0.00    15.00
5   0   4
   1    1
     1      2    40.800     0.000     0.000        0    81.60    45.00     0.90   0.0800   0.0828     0.00   -15.00
   2    1
     1      2    21.005   -15.000     0.000        0    42.01    15.00     0.90   0.0800   0.0828     0.00   -15.00
   3    1
     1      2   -40.800     0.000     0.000        0    81.60    45.00     0.90   0.0800   0.0828     0.00   -15.00
   4    1
     1      2   -20.000   -15.000     0.000        0    40.00    15.00     0.90   0.0800   0.0828     0.00   -15.00
6   0   4
   1    1
     1      2    40.800     0.000     0.000        0    81.60    45.00     0.90   0.0800   0.0828     0.00   -15.00
   2    1
     1      2    21.005   -15.000     0.000        0    42.01    15.00     0.90   0.0800   0.0828     0.00   -15.00
   3    1
     1      2   -40.800     0.000     0.000        0    81.60    45.00     0.90   0.0800   0.0828     0.00   -15.00
   4    1
     1      2   -20.000   -15.000     0.000        0    40.00    15.00     0.90   0.0800   0.0828     0.00   -15.00
7   0   4
   1    1
     1      2   -40.800    -0.000     0.000      180    81.60    45.00     0.90   0.0800   0.0828     0.00    15.00
   2    1
     1      2   -21.005   -15.000     0.000      180    42.01    15.00     0.90   0.0800   0.0828     0.00    15.00
   3    1
     1      2    40.800     0.000    -0.000      180    81.60    45.00     0.90   0.0800   0.0828     0.00    15.00
   4    1
     1      2    20.000   -15.000    -0.000      180    40.00    15.00     0.90   0.0800   0.0828     0.00    15.00
8   0   4
   1    1
     1      2    40.800     0.000     0.000        0    81.60    45.00     0.90   0.0800   0.0828     0.00   -15.00
   2    1
     1      2    21.005   -15.000     0.000        0    42.01    15.00     0.90   0.0800   0.0828     0.00   -15.00
   3    1
     1      2   -40.800     0.000     0.000        0    81.60    45.00     0.90   0.0800   0.0828     0.00   -15.00
   4    1
     1      2   -20.000   -15.000     0.000        0    40.00    15.00     0.90   0.0800   0.0828     0.00   -15.00
9   0   4
   1    1
     1      2   -40.800    -0.000     0.000      180    81.60    45.00     0.90   0.0800   0.0828     0.00    15.00
   2    1
     1      2   -21.005   -15.000     0.000      180    42.01    15.00     0.90   0.0800   0.0828     0.00    15.00
   3    1
     1      2    40.800     0.000    -0.000      180    81.60    45.00     0.90   0.0800   0.0828     0.00    15.00
   4    1
     1      2    20.000   -15.000    -0.000      180    40.00    15.00     0.90   0.0800   0.0828     0.00    15.00
